image_id,healthy,multiple_diseases,rust,scab
Test_0,0.2658280121129187,0.05983429062553229,0.6639017449598194,0.010435952301729619
Test_1,0.1700385879073035,0.04267347139357847,0.33161262861912877,0.45567531207998907
Test_2,0.04845254228792862,0.12225836727068272,0.020266938406964367,0.8090221520344243
Test_3,0.2837421128119974,0.001748924104566433,0.7001254374340377,0.014383525649398586
Test_4,0.16714826046278736,0.013809142270375321,0.815450156788903,0.0035924404779341776
Test_5,0.65626416951637,0.030318634786057327,0.12299432616983598,0.19042286952773674
Test_6,0.3630394699466555,0.06354300153083427,0.526308924568562,0.04710860395394842
Test_7,0.3438137109289395,0.0917437420194305,0.08780470542166313,0.4766378416299671
Test_8,0.07576678911680829,0.13306446862709484,0.11834298512960582,0.6728257571264907
Test_9,0.6581268993660487,0.025267586489239446,0.22448888354688992,0.09211663059782202
Test_10,0.25605355661713747,0.01911894106710676,0.38970103746293916,0.3351264648528162
Test_11,0.8014995314641843,0.02859702575242383,0.1549297039754221,0.014973738807969693
Test_12,0.3136038863961368,0.07049033526032732,0.09034330507680145,0.5255624732667346
Test_13,0.4017428207197345,0.03904315890293499,0.5300858654236685,0.029128154953661858
Test_14,0.4954632689934602,0.025091961921229988,0.4132152770906182,0.06622949199469161
Test_15,0.09826729121363424,0.008231816414504909,0.8679009686908491,0.0255999236810119
Test_16,0.3957901546263836,0.034005403021686136,0.4841149918622867,0.08608945048964343
Test_17,0.01728665824920763,0.06633035429381358,0.013784007319729284,0.9025989801372499
Test_18,0.15946470804522966,0.0917616571328371,0.47533649813450735,0.27343713668742586
Test_19,0.029442722814067127,0.001070157911887661,0.9669133371794194,0.0025737820946259106
Test_20,0.5026495416984639,0.022521140295705375,0.17724714639458578,0.2975821716112451
Test_21,0.1019211982265143,0.012776889622184585,0.02220031623618343,0.863101595915118
Test_22,0.144352547923314,0.005469550646565077,0.8479624577317513,0.0022154436983697814
Test_23,0.4284428977096979,0.011158374471581857,0.08894716896486121,0.4714515588538591
Test_24,0.34411399794512976,0.1258093382287667,0.028631689922848313,0.5014449739032553
Test_25,0.7103367664497838,0.01449681372517838,0.12340820157921013,0.15175821824582778
Test_26,0.12508636744447965,0.10112531348693972,0.16041998464198856,0.6133683344265924
Test_27,0.17680572117566215,0.0616812980461387,0.7350555801045099,0.02645740067368939
Test_28,0.9089673576170223,0.011038757729188397,0.07256699106582316,0.007426893587965765
Test_29,0.135895758243966,0.1934389585510768,0.46273462131142473,0.20793066189353243
Test_30,0.6097655120249553,0.0234659580867925,0.11059586515131167,0.25617266473694067
Test_31,0.12875734453788554,0.1050577225881344,0.6861051686537605,0.08007976422021952
Test_32,0.40147434583524116,0.062099122578140126,0.39328025116997406,0.14314628041664468
Test_33,0.1450474344462106,0.0715347883528317,0.20731234646805824,0.5761054307328991
Test_34,0.6744462098448705,0.010411173795688244,0.1435313329917493,0.17161128336769227
Test_35,0.03916700081474816,0.02902381424850906,0.024543407553268812,0.9072657773834738
Test_36,0.2701048507119768,0.04985675890629122,0.6137756471570176,0.06626274322471472
Test_37,0.010341495652304421,0.0750951207003833,0.014593364032860054,0.8999700196144519
Test_38,0.16256690256372316,0.013523546720399309,0.1767659717819488,0.6471435789339287
Test_39,0.2786877559524648,0.056312436870516604,0.5449606593253845,0.12003914785163429
Test_40,0.10496945562197393,0.05069562467905894,0.5774767337750721,0.266858185923895
Test_41,0.24321196469738934,0.016185888658985653,0.7383120276365664,0.0022901190070585414
Test_42,0.2597298968295714,0.07234636934788681,0.12541002280985808,0.5425137110126838
Test_43,0.18931890618792732,0.05579777190792817,0.5128410064941946,0.24204231540994994
Test_44,0.23336058506044075,0.1881000828474022,0.2053972013977283,0.3731421306944287
Test_45,0.10323471334501812,0.08130331710432182,0.13972352716279482,0.6757384423878655
Test_46,0.3972159655126573,0.05329316443854943,0.16191173379409854,0.3875791362546949
Test_47,0.1580148401292496,0.06171203709808331,0.5006593636936921,0.27961375907897507
Test_48,0.05001141893953298,0.08348381810885373,0.6843418344466338,0.18216292850497953
Test_49,0.43428104420178526,0.01515179407953028,0.42652152902509743,0.12404563269358691
Test_50,0.06105307168785081,0.05022844342437487,0.8033309709417278,0.085387513946047
Test_51,0.2771734420743586,0.0074201480642472695,0.6422378434299352,0.07316856643145897
Test_52,0.17286078234759408,0.09921493047657451,0.46872825218801245,0.2591960349878192
Test_53,0.13954697016272033,0.027113383318173402,0.8075742787023258,0.0257653678167804
Test_54,0.6690214063757973,0.033805805314603955,0.23286137343155902,0.06431141487803978
Test_55,0.11378051858207681,0.07396311249346268,0.05080000717939727,0.7614563617450633
Test_56,0.04495046690399206,0.16760273030361658,0.05101623890254187,0.7364305638898495
Test_57,0.5900277176721536,0.07048795808529104,0.18001808166224045,0.15946624258031478
Test_58,0.09128302624458252,0.2019035622235614,0.4058723131705234,0.30094109836133254
Test_59,0.03999037616814868,0.10028357472732291,0.18380357389360535,0.6759224752109231
Test_60,0.2185100384601097,0.021060154108531882,0.24995192286452836,0.5104778845668301
Test_61,0.4916575646547462,0.04193916001466942,0.3850834181386361,0.08131985719194813
Test_62,0.41430266429014356,0.01841519948073972,0.5326998881366869,0.034582248092430025
Test_63,0.26163816374787646,0.012072905102922879,0.4737953200441037,0.25249361110509716
Test_64,0.5718054039828449,0.014930221368926787,0.35282017110626784,0.06044420354196043
Test_65,0.7536970108421001,0.008043931932624393,0.09631977280459987,0.1419392844206755
Test_66,0.5491810677815211,0.00363266609342138,0.43714947517874875,0.010036790946308735
Test_67,0.2557537258506758,0.026440907211496778,0.6219991131519017,0.09580625378592554
Test_68,0.15930957310815305,0.12177941928628037,0.05024249532411401,0.6686685122814527
Test_69,0.43444250507168375,0.1516693825540071,0.2837560774926775,0.1301320348816317
Test_70,0.14695661947155803,0.0451623188203119,0.13754221634310737,0.6703388453650226
Test_71,0.15469300171903066,0.017981034380314145,0.8096791744018292,0.017646789498825994
Test_72,0.10390747594616567,0.05907359452464712,0.3454970824584983,0.4915218470706888
Test_73,0.4343360168510343,0.04349733819606973,0.5097728252024398,0.012393819750456166
Test_74,0.5134151608467113,0.05065115326000494,0.09212242358750296,0.3438112623057807
Test_75,0.36867081082049186,0.11248589382487786,0.13655757563009072,0.3822857197245396
Test_76,0.7707153647607923,0.006367266297122958,0.02816681989856523,0.19475054904351968
Test_77,0.4748548441196049,0.013258911360681464,0.3563013274084332,0.15558491711128047
Test_78,0.36314304867701164,0.02951872605681725,0.016743710444224836,0.5905945148219464
Test_79,0.46033486992542477,0.09855497791312882,0.3481360758264729,0.09297407633497365
Test_80,0.08979272112139793,0.04490153371857231,0.10434682578787614,0.7609589193721534
Test_81,0.20265852785163058,0.031086223716046826,0.7096804743842696,0.0565747740480527
Test_82,0.4897712377657224,0.037643991933989755,0.13739184370336502,0.3351929265969229
Test_83,0.09080318226108869,0.052786133560511435,0.6744224144262757,0.18198826975212418
Test_84,0.13973766208887856,0.02631858560396246,0.18354518804879824,0.6503985642583605
Test_85,0.7003037632085026,0.04570335193771189,0.1800036849624998,0.07398919989128602
Test_86,0.26423647069807277,0.02788297047405545,0.5767142615243187,0.13116629730355311
Test_87,0.1679883653909864,0.1546145431174626,0.36136341675790645,0.3160336747336449
Test_88,0.037395318111302825,0.0946408894651089,0.04615837054114937,0.8218054218824387
Test_89,0.2945723355810321,0.0031938661597431706,0.7015178285908825,0.0007159696683424285
Test_90,0.06346193169643363,0.04099368260552454,0.8558412861603547,0.0397030995376874
Test_91,0.28228081278485967,0.014810121495685096,0.04676169704980316,0.6561473686696518
Test_92,0.6383029397451703,0.006087867724077802,0.29646923402093495,0.059139958509816744
Test_93,0.0677588202892078,0.039823125096562155,0.8323882829271756,0.06002977168705449
Test_94,0.027629439193125917,0.07179046545813375,0.05677799885596452,0.8438020964927758
Test_95,0.07482417895790759,0.013603050235535217,0.8982297158778928,0.013343054928664281
Test_96,0.14652871331677067,0.026922777195768573,0.552533850369114,0.274014659118347
Test_97,0.3357077191472571,0.018446727532571445,0.552681109274634,0.09316444404553756
Test_98,0.697921600446076,0.01952107978917565,0.1722315399918441,0.11032577977290438
Test_99,0.4556350367763281,0.1383475336295896,0.32325722492503406,0.08276020466904813
Test_100,0.1043879033264946,0.049174043297303495,0.3615170827604968,0.4849209706157051
Test_101,0.8694673043375128,0.007181326442966738,0.10977760235250482,0.013573766867015363
Test_102,0.16076401714795838,0.07405781256778272,0.20671805848116143,0.5584601118030973
Test_103,0.2512718875684969,0.011300794087936659,0.4613565741050418,0.2760707442385246
Test_104,0.04161304532234844,0.08743153094840678,0.019899302792827315,0.8510561209364176
Test_105,0.422611813789634,0.025519026068688763,0.08080243557742649,0.47106672456425064
Test_106,0.22578475581321772,0.156633219708449,0.1868301822738873,0.43075184220444585
Test_107,0.19207245053637642,0.016405988059524056,0.7433504920192314,0.0481710693848682
Test_108,0.04847138665746233,0.10135926214270807,0.07766843919221812,0.7725009120076113
Test_109,0.9208167819792221,0.026573318487106434,0.03930430921985801,0.013305590313813306
Test_110,0.444235432538087,0.07669850429759001,0.06408883803198741,0.41497722513233587
Test_111,0.35002497737633387,0.06448665232530319,0.3713552781646092,0.2141330921337536
Test_112,0.04609123488185414,0.053719301877249506,0.05199284404068143,0.8481966192002146
Test_113,0.10958407037540717,0.035773669578874706,0.06310475583044982,0.7915375042152684
Test_114,0.10630194190318157,0.04645173389727007,0.6058441791585885,0.2414021450409599
Test_115,0.060422890478426125,0.025652384995882998,0.9056558409097006,0.008268883615990227
Test_116,0.07387844017245355,0.031820479486138545,0.856793428798146,0.0375076515432617
Test_117,0.5136192593339107,0.03414837131546793,0.42206126445554376,0.03017110489507767
Test_118,0.7360781552082817,0.044677198557647735,0.15349911591793536,0.06574553031613511
Test_119,0.9273943961070324,0.05034073119737028,0.014435013303085959,0.007829859392511289
Test_120,0.1708442456787107,0.016614744034160998,0.7771499784878306,0.03539103179929815
Test_121,0.557052556281792,0.04709858603960804,0.2866531700868089,0.10919568759179091
Test_122,0.4271981264292867,0.02522373772912461,0.4008681965161663,0.14670993932542256
Test_123,0.04996037952233244,0.07830005059420475,0.07306380343958171,0.7986757664438812
Test_124,0.06735482255430772,0.012341394396932883,0.019996482564073517,0.900307300484686
Test_125,0.17654612786013474,0.02227059502513913,0.6777469387021808,0.12343633841254525
Test_126,0.7693261402252758,0.010369036257695273,0.1840896241338135,0.03621519938321552
Test_127,0.22004936734822464,0.024796006517945612,0.08694186188682455,0.668212764247005
Test_128,0.20277287291129828,0.04677234059204897,0.5458814286506574,0.20457335784599556
Test_129,0.05462909467682067,0.09265415221423483,0.39224122164725567,0.46047553146168846
Test_130,0.027440654293259804,0.03875921053643512,0.005137859055331259,0.9286622761149739
Test_131,0.028403390402563792,0.09126452543287361,0.026372777021855254,0.8539593071427072
Test_132,0.4118985784118591,0.007775865719983929,0.5780933924319739,0.0022321634361828664
Test_133,0.01993552730272966,0.07412904743883933,0.012491904479609657,0.8934435207788216
Test_134,0.39341936011536827,0.016803507867264957,0.06312096334181948,0.5266561686755473
Test_135,0.3102499018477847,0.1235282828271659,0.3921539496785247,0.17406786564652468
Test_136,0.17766992268188941,0.05028633658296291,0.4959288202994559,0.2761149204356915
Test_137,0.2296460989691185,0.06983647466973025,0.5360798470134669,0.16443757934768397
Test_138,0.08851452596414351,0.015609019564023987,0.7975466883187614,0.09832976615307112
Test_139,0.505435671606948,0.016239288944820143,0.07843745955566962,0.39988757989256213
Test_140,0.050076917882322075,0.04099536537650721,0.2971918126886016,0.6117359040525692
Test_141,0.20752272197284574,0.027164619155971594,0.29304329764920206,0.47226936122198065
Test_142,0.7269750493652033,0.026022923720622232,0.21236882882174357,0.03463319809243116
Test_143,0.0665157694223406,0.05595773806098606,0.040977811055658966,0.8365486814610145
Test_144,0.7250318463985619,0.006014273417472252,0.02734904190003994,0.241604838283926
Test_145,0.1532579944164658,0.05092536550364926,0.045775624737019474,0.7500410153428656
Test_146,0.6681114821066712,0.054035967146268675,0.18917754036125292,0.08867501038580723
Test_147,0.08065808464974253,0.020343523859649902,0.8237774326702827,0.07522095882032481
Test_148,0.7204489933275283,0.023367039178812343,0.22531336620232198,0.03087060129133711
Test_149,0.37681520388087003,0.03330559342979271,0.3337074988160648,0.25617170387327254
Test_150,0.3152911042631968,0.09103148486909006,0.4126902112458713,0.18098719962184198
Test_151,0.4849005030020506,0.008721497509399812,0.470567348085293,0.03581065140325646
Test_152,0.04938650679893955,0.0781476793544244,0.05849476779946333,0.8139710460471732
Test_153,0.2666769610068941,0.01055200981048457,0.6999807845569171,0.022790244625704118
Test_154,0.27187990763656916,0.041016827909660304,0.08158999696070983,0.6055132674930609
Test_155,0.045218976446276864,0.0652191010403962,0.16439753927212933,0.7251643832411979
Test_156,0.06422971242938877,0.08639627652724323,0.07114836267397324,0.7782256483693945
Test_157,0.24379966266653924,0.07117306154318358,0.6416395456521837,0.04338773013809391
Test_158,0.05402725819337166,0.07067946289765492,0.05720136633390797,0.8180919125750654
Test_159,0.3196677016537054,0.009603636274787206,0.16423823115074263,0.5064904309207651
Test_160,0.7351738330251608,0.021036342060948808,0.10701184587340705,0.1367779790404836
Test_161,0.4689714539302814,0.018666152362265227,0.2792230171951572,0.23313937651229627
Test_162,0.258391209479902,0.03554921309868522,0.6734979305209614,0.03256164690045152
Test_163,0.13300636492517812,0.0398104187567389,0.7627659659011219,0.06441725041696116
Test_164,0.6195321636371628,0.09716587708688908,0.06809107991079195,0.2152108793651564
Test_165,0.031847647262834004,0.11864142628392312,0.0689996205943698,0.7805113058588729
Test_166,0.18971317926269987,0.07207858207816495,0.5878844962417007,0.1503237424174348
Test_167,0.15294772667221332,0.06300366568824409,0.18346181628026226,0.6005867913592801
Test_168,0.0930517454203423,0.11253233098077647,0.11434786475744806,0.6800680588414332
Test_169,0.4273209407133788,0.015947303498557313,0.5350974815189681,0.02163427426909587
Test_170,0.24066286861761133,0.05977170555519326,0.5505349065784365,0.14903051924875876
Test_171,0.5089751639834702,0.03979023341666329,0.4180150648690803,0.03321953773078585
Test_172,0.16194348152683125,0.07768470299938514,0.3211286833710415,0.4392431321027422
Test_173,0.6868075740975218,0.0016990435636332175,0.31082450024690106,0.0006688820919438492
Test_174,0.21919351148896254,0.06554782371757316,0.19233628604291664,0.5229223787505476
Test_175,0.17010543662504476,0.03360412093005771,0.5384266064662181,0.2578638359786794
Test_176,0.2953039935991663,0.05724102723367752,0.6010300430944755,0.04642493607268107
Test_177,0.039863629283931605,0.053425676472901515,0.019014736832417743,0.8876959574107495
Test_178,0.029684208879002645,0.02163978743531354,0.00811569455948592,0.9405603091261977
Test_179,0.3083202998744364,0.02981714110019353,0.5230622211912692,0.13880033783410134
Test_180,0.06753012543239338,0.04938240206496751,0.0536319861058053,0.8294554863968339
Test_181,0.14938486730494036,0.12564695259953393,0.11190628938363369,0.6130618907118919
Test_182,0.07006359260482621,0.04518811915663611,0.08829925985327171,0.7964490283852659
Test_183,0.24729616885677974,0.07682315840670903,0.6476633987147401,0.02821727402177131
Test_184,0.6659987145806985,0.012560370541607939,0.30553697735922186,0.015903937518471602
Test_185,0.21928909650149042,0.05469696451966381,0.23461687022578023,0.49139706875306566
Test_186,0.1311248506941272,0.06569939600019643,0.02358079288983157,0.779594960415845
Test_187,0.23017853956596673,0.08396385657900252,0.6651822113064345,0.020675392548595975
Test_188,0.13971660478930148,0.025029423483494517,0.8150635001592551,0.02019047156794876
Test_189,0.332614134242452,0.09806880616034672,0.4603491094725572,0.10896795012464404
Test_190,0.372392618707661,0.06314815856771773,0.16450833216086896,0.39995089056375227
Test_191,0.36835386723644015,0.16464676269055684,0.4419364313251847,0.02506293874781845
Test_192,0.22249871369190316,0.12720078224842496,0.5898554893702972,0.06044501468937482
Test_193,0.09521428906898519,0.08792315212519414,0.29119290266405423,0.5256696561417664
Test_194,0.09956106013409918,0.0388365921723285,0.8541517802639276,0.007450567429644661
Test_195,0.4122348837904221,0.2514238558334925,0.1559969711484664,0.18034428922761883
Test_196,0.15239242529881142,0.02223585286425891,0.08734051107719183,0.7380312107597381
Test_197,0.08098679165194372,0.08562090123278268,0.479358553117886,0.3540337539973877
Test_198,0.4414955731080383,0.015309555552618193,0.04670142942542027,0.49649344191392325
Test_199,0.4552258939672273,0.05943429504007915,0.37950637180723346,0.10583343918546036
Test_200,0.31158667999539885,0.05368688305361822,0.23356020532210656,0.4011662316288763
Test_201,0.04915453241913671,0.10016504211336334,0.06188421385225413,0.7887962116152457
Test_202,0.15913419586161864,0.217808018980482,0.45630679813135183,0.16675098702654767
Test_203,0.09298415834063814,0.06331682836498603,0.6844932052441098,0.1592058080502659
Test_204,0.16417738418902275,0.12981580422555578,0.0442707217141392,0.6617360898712821
Test_205,0.04914007757004985,0.032860113752572355,0.0239898107873415,0.8940099978900363
Test_206,0.007374720325974838,0.016736869129515303,0.005687066211772792,0.9702013443327373
Test_207,0.09759150744266892,0.01637197944280336,0.13744887131042025,0.7485876418041078
Test_208,0.2490952307481567,0.06854266447598384,0.37113052564539406,0.31123157913046545
Test_209,0.28172120583654287,0.03947961598707144,0.6340411780972813,0.044758000079104396
Test_210,0.3902121345751319,0.01754972077535795,0.3651589546269607,0.22707919002254975
Test_211,0.12479089831695916,0.0706408507269394,0.5625922172469631,0.24197603370913823
Test_212,0.1761833728169295,0.03064662002225022,0.7823761249457515,0.010793882215068776
Test_213,0.6919824070667124,0.04344432339733572,0.2058526499619056,0.05872061957404625
Test_214,0.326989844218651,0.0206203846795335,0.5872620062248818,0.0651277648769338
Test_215,0.2728521558053193,0.07883870939602049,0.11757096177590105,0.5307381730227589
Test_216,0.451804704865885,0.021892262723682925,0.49181348756527427,0.03448954484515767
Test_217,0.21847949538822578,0.021511073914236182,0.0655605956637942,0.6944488350337434
Test_218,0.552318008287403,0.008009737563789275,0.42653039458155845,0.013141859567249115
Test_219,0.9628937457320944,0.006471352864826298,0.02956643726981406,0.0010684641332649434
Test_220,0.03126355291297035,0.04747008862440502,0.009873171759596707,0.9113931867030277
Test_221,0.1619038640552756,0.13591650331044608,0.16210600236084727,0.5400736302734308
Test_222,0.2300422299790871,0.04137788533410225,0.32890143456829035,0.39967845011852055
Test_223,0.25495793216802076,0.022748639442253027,0.5500784860138992,0.172214942375827
Test_224,0.6370425579830061,0.025284683203965916,0.25112853486918163,0.08654422394384623
Test_225,0.9016048149167117,0.05906292446651312,0.029059617136640715,0.010272643480134703
Test_226,0.04326683034555174,0.09705947401098493,0.050157696604496135,0.8095159990389671
Test_227,0.0586257181233885,0.041537664759875206,0.09272024677632257,0.8071163703404137
Test_228,0.18632550625806213,0.05912947261857986,0.7304892221641918,0.024055798959166066
Test_229,0.19538266309755722,0.03959866060186724,0.667976268727805,0.0970424075727705
Test_230,0.5370328519960184,0.018456321218858922,0.23886652537974093,0.20564430140538206
Test_231,0.188200278194077,0.026048252555327576,0.015734664316421038,0.7700168049341743
Test_232,0.5589388957951511,0.0069224559193015464,0.3694112545760511,0.06472739370949614
Test_233,0.30364676973840626,0.11077219786913999,0.4256387738747981,0.1599422585176557
Test_234,0.09867945878981685,0.039777433721647756,0.12010210701338762,0.7414410004751478
Test_235,0.02246212306369193,0.0695674558471694,0.04235432887061274,0.8656160922185258
Test_236,0.7697238609932803,0.011954546484972337,0.0648074891869479,0.15351410333479934
Test_237,0.4136556903484048,0.08057450962508265,0.3005789811247865,0.20519081890172622
Test_238,0.4830725578966629,0.03212931718725346,0.4642085802458026,0.02058954467028106
Test_239,0.8379063615193152,0.004502408470902544,0.08549764079878577,0.07209358921099622
Test_240,0.11833235003926128,0.15762381826737787,0.6132624865084106,0.11078134518494977
Test_241,0.11359835256784641,0.05945260844105583,0.20303871891352962,0.6239103200775684
Test_242,0.09914083047267092,0.06424815928886057,0.05239055906896944,0.784220451169499
Test_243,0.30137162734835676,0.017039432033825613,0.6447613154449909,0.03682762517282642
Test_244,0.385050805335289,0.1318187690855865,0.36028675923479825,0.12284366634432602
Test_245,0.6327160129292412,0.07451490539547978,0.16850534856145225,0.1242637331138269
Test_246,0.12900426918416888,0.0554771431472843,0.028739414908297782,0.7867791727602489
Test_247,0.024497793047271507,0.0539122358654866,0.01611118707410361,0.9054787840131384
Test_248,0.7032998103440927,0.03371676045121048,0.08198902488980944,0.1809944043148873
Test_249,0.19676171728670938,0.03815389886568093,0.6235667593683846,0.14151762447922533
Test_250,0.7557868089763095,0.022073670642145313,0.15390196390522204,0.06823755647632317
Test_251,0.16773259428504553,0.13362510872513844,0.3780851138993326,0.3205571830904835
Test_252,0.2325923754500508,0.015189326278063887,0.7116612944361126,0.040557003835773035
Test_253,0.024275596377700527,0.01847615959631519,0.01153634893295256,0.9457118950930318
Test_254,0.2528701265603668,0.19398376996530473,0.04652251971077204,0.5066235837635564
Test_255,0.013735929448308704,0.05975908902132562,0.01309819750110485,0.9134067840292611
Test_256,0.04263007706805606,0.029857588377935177,0.007140610475012616,0.920371724078996
Test_257,0.4299915548936619,0.012877579902355983,0.5252124421613729,0.03191842304260937
Test_258,0.1570474344222968,0.08065054721980944,0.6436711528021543,0.11863086555573972
Test_259,0.8597780796828958,0.03631170034860385,0.0479901687449939,0.05592005122350627
Test_260,0.022877119462360537,0.07124985395220222,0.020449387665174994,0.8854236389202623
Test_261,0.1588414980086917,0.02643244134975569,0.2238494480839829,0.5908766125575701
Test_262,0.06523564488897565,0.01245839664331802,0.8834151173522047,0.038890841115501625
Test_263,0.48764705032188815,0.023563262306128856,0.2744719583572342,0.21431772901474855
Test_264,0.5583027141823506,0.005909950010660477,0.3971623922842155,0.038624943522773035
Test_265,0.4253997521893685,0.1593262157975364,0.26978446759993996,0.14548956441315505
Test_266,0.0133637448444544,0.05675498823553036,0.010394975922014027,0.9194862909980012
Test_267,0.5882033413258747,0.023770221328405887,0.3088019818998118,0.07922445544590771
Test_268,0.050464663361199924,0.3342348234168186,0.44528666740276096,0.17001384581922038
Test_269,0.09188700653100618,0.021117296527540054,0.8435382406402991,0.04345745630115459
Test_270,0.29833066115176965,0.0617630202962396,0.05725421672842838,0.5826521018235624
Test_271,0.13088595857821186,0.06113070566992323,0.45157035386448463,0.35641298188738013
Test_272,0.13012419793405355,0.20052496196764824,0.23332471473423436,0.436026125364064
Test_273,0.8253898546913528,0.012866507562379205,0.14597676104129076,0.015766876704977197
Test_274,0.09115603448448366,0.07418750165095934,0.7048562771624766,0.12980018670208052
Test_275,0.48755789985613257,0.050009993295988396,0.3780493603874748,0.08438274646040443
Test_276,0.034691754912188594,0.04528772445113728,0.016960460361526687,0.9030600602751474
Test_277,0.041776876718907896,0.010797872275713242,0.053744278995981457,0.8936809720093973
Test_278,0.007934561805651273,0.030092865295163185,0.007204499522625366,0.9547680733765601
Test_279,0.8197998842625493,0.08264661619810358,0.07381014290521898,0.023743356634128247
Test_280,0.06194718914710979,0.06341967351677344,0.020714059451014254,0.8539190778851027
Test_281,0.024529023463253835,0.12437586672386323,0.02047181094758422,0.8306232988652987
Test_282,0.1060177134193493,0.2545341325275198,0.017319663377086347,0.6221284906760446
Test_283,0.45369766896606933,0.06829982438012955,0.2427114061836341,0.23529110047016716
Test_284,0.22668875579899894,0.028748151528058624,0.665726672648125,0.07883642002481746
Test_285,0.46147868356342425,0.03887797302585654,0.2354085286035511,0.26423481480716804
Test_286,0.26280958932085563,0.035326384444322415,0.4355573470198351,0.26630667921498685
Test_287,0.13591896938487988,0.21129261906096652,0.5590791673190074,0.09370924423514648
Test_288,0.027780512975544045,0.0665995534470598,0.014401430345658781,0.8912185032317376
Test_289,0.017165779590044342,0.025987076136094574,0.04013355558379308,0.9167135886900679
Test_290,0.13773044677123053,0.10029778260002349,0.4842549734725234,0.2777167971562225
Test_291,0.1440044237032072,0.005782615761478389,0.7241016848155063,0.126111275719808
Test_292,0.21122356790120325,0.023006113724694025,0.7066556919366536,0.05911462643744906
Test_293,0.06858380579059074,0.059419360686770034,0.6740223658246077,0.1979744676980316
Test_294,0.20059423759731987,0.08240478480585138,0.33391075931523095,0.38309021828159767
Test_295,0.3989816909132093,0.017265040542581163,0.272854206942341,0.3108990616018687
Test_296,0.1513788543759218,0.14449324287985815,0.6494514424940411,0.05467646025017914
Test_297,0.011141554411609647,0.07499358969188437,0.0075431184488377444,0.9063217374476679
Test_298,0.09173627901194431,0.035796767265717795,0.7977894703349162,0.07467748338742194
Test_299,0.3253835993574697,0.01985315477079721,0.09037537380384499,0.5643878720678879
Test_300,0.2594282276246679,0.12121826091219601,0.4161419569833846,0.2032115544797515
Test_301,0.3520744393225239,0.10783845100124897,0.31762470803338255,0.22246240164284464
Test_302,0.01335267380529086,0.09116890056342439,0.007157814463248365,0.8883206111680364
Test_303,0.3513613957603205,0.14611598591214128,0.0968507451979111,0.4056718731296273
Test_304,0.5661822305508806,0.09379216847254868,0.2853680377212231,0.05465756325534749
Test_305,0.12639600370598092,0.10927156474272706,0.10676376821296568,0.6575686633383263
Test_306,0.46383332083558715,0.07437222402481437,0.2270011043351425,0.23479335080445587
Test_307,0.6904745641850967,0.04081649754987788,0.2510119800391065,0.017696958225919247
Test_308,0.274329987160447,0.049631125978954645,0.303457762814821,0.3725811240457775
Test_309,0.07178339827885172,0.1518599230275727,0.08475335042279569,0.6916033282707801
Test_310,0.13875842952163492,0.19064006862525618,0.13789960702953077,0.532701894823578
Test_311,0.40609810669503293,0.02723340959739111,0.4895007353726296,0.07716774833494644
Test_312,0.03567842467342883,0.032978534902439724,0.05341575448801063,0.8779272859361208
Test_313,0.048299248407531976,0.21320839272177194,0.2255771649691481,0.512915193901548
Test_314,0.3847195688001373,0.036692754103046274,0.3408929228414393,0.23769475425537723
Test_315,0.04344310151659736,0.09336384837182098,0.2678586889052219,0.5953343612063597
Test_316,0.2902100219030138,0.019639320041201138,0.47034534457444704,0.21980531348133803
Test_317,0.17270870603824873,0.003229881529110356,0.8138464032357705,0.010215009196870229
Test_318,0.030871177100296708,0.046335080814871206,0.03661423957182753,0.8861795025130046
Test_319,0.5653136198247755,0.011455049780439376,0.4179025557746878,0.005328774620097564
Test_320,0.5039284704791864,0.03435369218760578,0.3995605125870483,0.06215732474615928
Test_321,0.3516697898128193,0.1998092096683687,0.16427747798282166,0.2842435225359903
Test_322,0.22968698181260755,0.009947707670198092,0.755118858223816,0.005246452293377988
Test_323,0.09956543506207782,0.08524750272751694,0.7352088944288439,0.07997816778156157
Test_324,0.38584765553058714,0.0318716284646197,0.5019488718983393,0.08033184410645376
Test_325,0.14437558162657285,0.017763956277338924,0.027659419111874573,0.810201042984214
Test_326,0.5366877699663103,0.05830800836607013,0.18497392179893477,0.22003029986868444
Test_327,0.20751779894891362,0.06242304257425303,0.1149476937224593,0.6151114647543744
Test_328,0.11618370613167815,0.08581414681129891,0.17794022446273486,0.6200619225942884
Test_329,0.3918139810485041,0.08028514292135068,0.1760318957253832,0.351868980304762
Test_330,0.2697906036343102,0.08981964261510686,0.4455613746591867,0.1948283790913961
Test_331,0.17796378603394747,0.009614881779007971,0.12410775688051227,0.6883135753065324
Test_332,0.28114188689452074,0.01296256910043917,0.6599992892399609,0.04589625476507902
Test_333,0.11373882654332423,0.07057565345973271,0.49842202397205515,0.3172634960248877
Test_334,0.05165934423820467,0.012899572185984535,0.9330507826085229,0.002390300967287837
Test_335,0.07621837383336495,0.03141540282650403,0.8177084953166356,0.0746577280234951
Test_336,0.22505521665066172,0.012808135292368648,0.7572022905634077,0.004934357493562206
Test_337,0.26194968217142206,0.057513654263696035,0.06401674424846367,0.6165199193164181
Test_338,0.5529414912229563,0.0677236995986873,0.147706290201388,0.23162851897696865
Test_339,0.05116247856802512,0.03973947677491637,0.8581822934646146,0.05091575119244392
Test_340,0.17465201846568665,0.004882748579063902,0.8156274778831993,0.004837755072050108
Test_341,0.2940410112246261,0.22353520865832827,0.026823155644817808,0.4556006244722276
Test_342,0.5128561998660564,0.0220551038391159,0.45783243415789454,0.007256262136933131
Test_343,0.23222665390385602,0.08105647559880191,0.6463439015658342,0.04037296893150768
Test_344,0.3498712482531086,0.045531403710265296,0.39649614796324545,0.2081012000733807
Test_345,0.5509465843191734,0.012661302060247844,0.41888751395922086,0.01750459966135777
Test_346,0.21427675187885573,0.01546241365756375,0.6769964930574683,0.09326434140611217
Test_347,0.14160401487619895,0.09782784770633686,0.32469414092852794,0.4358739964889367
Test_348,0.10476539077143397,0.029001155633029702,0.30394905972120484,0.5622843938743316
Test_349,0.11176676490463198,0.10254049260748736,0.6592398401045941,0.1264529023832869
Test_350,0.05674181112524544,0.1062783627058108,0.028559264723155158,0.8084205614457884
Test_351,0.12277344327353829,0.005147100995588818,0.8604014486469006,0.011678007083972354
Test_352,0.19191559522130036,0.108434608921685,0.0669808228429453,0.6326689730140693
Test_353,0.7652077503651038,0.0434975781648643,0.0803256104052349,0.11096906106479713
Test_354,0.5166543115993875,0.050360523659914135,0.38758331922624667,0.04540184551445194
Test_355,0.4702082878496281,0.039739576773433184,0.33883324919012564,0.15121888618681298
Test_356,0.780991836416105,0.020414429075648288,0.12171154787642864,0.07688218663181784
Test_357,0.8249976854608657,0.006690300792255379,0.13207966747810532,0.036232346268773474
Test_358,0.26722274657045025,0.10667626424541811,0.5884251708461874,0.03767581833794412
Test_359,0.07167622424168862,0.05070529502724844,0.08537436571532205,0.792244115015741
Test_360,0.17075160836706296,0.15795738291650638,0.02158726515939493,0.6497037435570358
Test_361,0.273497863093609,0.019896702109176045,0.6184189051732577,0.08818652962395739
Test_362,0.44241699506299836,0.0582369710002223,0.4095058688658588,0.0898401650709204
Test_363,0.2648815100749507,0.010946593947723002,0.6749615949071069,0.049210301070219474
Test_364,0.6470939257227579,0.04000105615220291,0.2899577288973432,0.02294728922769568
Test_365,0.40793691382072067,0.050272184435545736,0.5271701789440425,0.014620722799690903
Test_366,0.08494079315851782,0.02417327290781729,0.5485339062858282,0.34235202764783684
Test_367,0.05607305403092876,0.07516867948297062,0.04320287015581083,0.82555539633029
Test_368,0.24242106040623734,0.04678084763901213,0.65305136643516,0.05774672551959069
Test_369,0.050351051185925,0.0695934220747143,0.059204304258616135,0.8208512224807448
Test_370,0.09483454943536583,0.0036637028128126297,0.8998494490583206,0.0016522986935009357
Test_371,0.25677873183253624,0.0373946198704217,0.6061846185903681,0.09964202970667377
Test_372,0.17010254050668178,0.05954615728713271,0.2065448522628611,0.5638064499433244
Test_373,0.18298602816479168,0.017540770721175075,0.7410994948029938,0.05837370631103937
Test_374,0.16109943371056762,0.11625400970353969,0.36213237486237054,0.36051418172352223
Test_375,0.14313336325157144,0.12840404489913848,0.11891606221197375,0.6095465296373158
Test_376,0.12331878219278582,0.03455585332342262,0.7074820444955671,0.13464331998822507
Test_377,0.2900395116237146,0.028781736063607104,0.6099086441576482,0.0712701081550299
Test_378,0.07065618244169128,0.0340156680373764,0.8899491912325863,0.005378958288346463
Test_379,0.10506946721553756,0.05511424938646555,0.7057077571863328,0.13410852621166408
Test_380,0.07660445378309383,0.027765131417512044,0.010623185345999746,0.8850072294533944
Test_381,0.12294779484562507,0.029634755567691868,0.1102840322564697,0.737133417330213
Test_382,0.057359846035388094,0.15660432763552554,0.06354386685501974,0.7224919594740663
Test_383,0.44324460813507827,0.15360367056537386,0.16396036422430896,0.23919135707523845
Test_384,0.12437256221652028,0.024540521881651973,0.8009139374453466,0.05017297845648104
Test_385,0.18064984560719588,0.02913679787339631,0.47774781650108544,0.3124655400183226
Test_386,0.10181535489842854,0.1267784080255497,0.3920947722648811,0.3793114648111407
Test_387,0.3191156959779156,0.03255530316912485,0.2739892243731858,0.37433977647977396
Test_388,0.4827746252922745,0.11828047607153737,0.2854669523739528,0.1134779462622353
Test_389,0.414221192420341,0.02002715415631939,0.560051684419707,0.005699969003632323
Test_390,0.3635793862742264,0.0377000178485018,0.14485048324531272,0.453870112631959
Test_391,0.12229332977412638,0.008303093533255387,0.8456142984461535,0.02378927824646496
Test_392,0.10975216211373436,0.13697726490354298,0.5404357352105378,0.21283483777218484
Test_393,0.03636494493444314,0.01611315532504114,0.06291045970469973,0.8846114400358158
Test_394,0.33281890252789775,0.02448888684512603,0.17087920866993744,0.4718130019570387
Test_395,0.6763952912174794,0.10787667225245551,0.17918052900354872,0.03654750752651628
Test_396,0.12906642537236268,0.049767091874422416,0.09694891911459855,0.7242175636386167
Test_397,0.1997149822997689,0.05783590492338299,0.06935275186500563,0.6730963609118426
Test_398,0.13926387915029065,0.05878103795124052,0.20469611181819536,0.5972589710802735
Test_399,0.2454710123807232,0.05381873329071503,0.24001992108886017,0.46069033323970177
Test_400,0.18029194391040082,0.08135759521864258,0.49050632323715915,0.24784413763379737
Test_401,0.3915244939692007,0.038170131159270336,0.5343580276622605,0.03594734720926809
Test_402,0.0844668314508654,0.027525231423377337,0.023697540437861757,0.8643103966878956
Test_403,0.25605020442125925,0.02130098210359758,0.6341224186810528,0.08852639479409047
Test_404,0.20207993582703063,0.01430896073854447,0.07105974130130208,0.7125513621331229
Test_405,0.010920298256998603,0.02673525269624948,0.004181682339776878,0.9581627667069749
Test_406,0.03570744966604166,0.025965198288780068,0.008282315967859373,0.9300450360773189
Test_407,0.04645931288112486,0.019104108931204362,0.004752878290455822,0.9296836998972149
Test_408,0.20116137287249836,0.07949487330081041,0.01523237171247145,0.7041113821142199
Test_409,0.703322997866539,0.07153561357979486,0.1281224299415091,0.09701895861215715
Test_410,0.0535369003353013,0.022557148894088438,0.026878973293590406,0.8970269774770202
Test_411,0.9872255512976417,0.005592224011690792,0.00479318260251562,0.0023890420881518726
Test_412,0.33022655588900796,0.07839973047288347,0.5073122652883351,0.08406144834977324
Test_413,0.6676597888578527,0.028154941170101488,0.18100357520579785,0.12318169476624782
Test_414,0.13294259278676945,0.023433380988130335,0.7575804100273411,0.08604361619775944
Test_415,0.7654503989458771,0.004188877498533443,0.21380208038028167,0.016558643175307513
Test_416,0.22196271536308954,0.11995401005678126,0.497261815034972,0.16082145954515695
Test_417,0.18547707072590439,0.023965098362755802,0.763751628559486,0.02680620235185386
Test_418,0.6257824216770325,0.022551163889236333,0.32234923985423325,0.0293171745794981
Test_419,0.605012777737752,0.006599614665335001,0.37570702442071785,0.01268058317619495
Test_420,0.38601169345481334,0.029948556422027595,0.49869958604074927,0.08534016408240963
Test_421,0.10232890123685168,0.06571497414529662,0.18745392844049996,0.6445021961773517
Test_422,0.5806236888656192,0.025911281867819616,0.17041067091380693,0.22305435835275428
Test_423,0.2951189693734978,0.10089591408077575,0.5690591269879124,0.03492598955781391
Test_424,0.28478802645318263,0.10520175062032405,0.14447868391549476,0.46553153901099853
Test_425,0.1460722577807164,0.03466706000984243,0.048874170675758874,0.7703865115336823
Test_426,0.27958061246211113,0.0093901013970384,0.6438571719348333,0.06717211420601715
Test_427,0.015816641333359124,0.07463758995243568,0.01729744085532507,0.8922483278588805
Test_428,0.03540344213325661,0.05311734643521888,0.01219303907817559,0.899286172353349
Test_429,0.12750258091553926,0.09593272382043383,0.5649651907877726,0.21159950447625436
Test_430,0.7088199509610138,0.016198169417039672,0.22969545034013075,0.045286429281815664
Test_431,0.9223575350216299,0.01657552279179693,0.01536013146502395,0.04570681072154914
Test_432,0.050166922773067196,0.04577497648439978,0.6719229033716873,0.23213519737084573
Test_433,0.010376219835081557,0.01605322581767705,0.007255878867736169,0.9663146754795052
Test_434,0.08232510345836444,0.0875425356671341,0.08230360971383673,0.7478287511606646
Test_435,0.6999838091234708,0.0076786446170246,0.04006551787114781,0.2522720283883567
Test_436,0.4393892261976075,0.07962054428447905,0.26550137029816234,0.215488859219751
Test_437,0.13402850614146167,0.00725726077704818,0.8535165759126979,0.00519765716879249
Test_438,0.10011016407750131,0.0897889003371409,0.48314882063987497,0.3269521149454826
Test_439,0.5309228601232371,0.05164741958207766,0.36063017972672445,0.056799540567960875
Test_440,0.031662588698453696,0.045607561583434854,0.42802903242821244,0.4947008172898989
Test_441,0.4957141356537306,0.06322730611307475,0.4200454499440626,0.02101310828913199
Test_442,0.05662391378235074,0.00498681030026215,0.9292278854311585,0.009161390486228849
Test_443,0.17205308941528405,0.0904008232708621,0.19886196606006154,0.5386841212537923
Test_444,0.5691797468972616,0.036803915050106197,0.2580286572967378,0.13598768075589443
Test_445,0.2819790992420107,0.03604785494582411,0.5215054816318416,0.16046756418032346
Test_446,0.1023283599885827,0.017826964951323045,0.7673725992773438,0.11247207578275076
Test_447,0.2409857797199809,0.020457086929779413,0.7260944083405562,0.012462725009683142
Test_448,0.332771286483194,0.1090813790084511,0.4259258051436621,0.13222152936469292
Test_449,0.11256049173018495,0.09660970160557684,0.4824640175095896,0.30836578915464885
Test_450,0.22996360875758137,0.08870622232279768,0.6557620660112516,0.0255681029083692
Test_451,0.3653551702779094,0.07913897917102795,0.5160978382635129,0.03940801228754969
Test_452,0.3520107205009538,0.07436918429111763,0.3295518657455256,0.244068229462403
Test_453,0.05887589251857879,0.04122087782739291,0.03479998342718869,0.8651032462268398
Test_454,0.03554024925279761,0.029993886175620897,0.5717283111372725,0.36273755343430913
