image_id,healthy,multiple_diseases,rust,scab
Test_0,0.4981894786242342,0.04359531490124778,0.4160149499449075,0.04220025652961023
Test_1,0.09066923158557645,0.043138470222971376,0.5525427534868099,0.31364954470464207
Test_2,0.1062669330624136,0.07526745131768267,0.13089130764406573,0.687574307975838
Test_3,0.7381531660646948,0.0015077030523491777,0.25490453433588023,0.005434596547075687
Test_4,0.032991459347643984,0.07337644936035896,0.8741416136845126,0.019490477607484562
Test_5,0.5806678371280165,0.004906481485784455,0.3749725870740329,0.03945309431216598
Test_6,0.12060713274442789,0.09655262867461267,0.23106458198956642,0.5517756565913927
Test_7,0.0902147638308453,0.09210212934353132,0.08222537868540065,0.7354577281402228
Test_8,0.1254479307050127,0.13609034319066576,0.36798635173720273,0.3704753743671188
Test_9,0.2922262597744704,0.2925597927628063,0.32584177877410475,0.08937216868861861
Test_10,0.2421953375783569,0.01442820411726655,0.5645751620717308,0.17880129623264568
Test_11,0.11318154214857079,0.006170213709284035,0.8775606357754546,0.003087608366690568
Test_12,0.1320205635643485,0.10582204667793521,0.34983007511440056,0.41232731464331596
Test_13,0.7447058255659904,0.036564792993548145,0.16300882000040284,0.055720561440058325
Test_14,0.7838057585387989,0.0540034207500771,0.14623106575409325,0.015959754957030822
Test_15,0.2561287151611836,0.01618555480559011,0.6829718766395036,0.04471385339372283
Test_16,0.04204015469865566,0.017299542336503857,0.22388120580135906,0.7167790971634812
Test_17,0.009170186651014873,0.058335759143973445,0.018022374040098203,0.9144716801649135
Test_18,0.07489310783823526,0.07897175047345603,0.5672736833741417,0.2788614583141668
Test_19,0.02567130975469978,0.04626339368919542,0.7579265244435296,0.17013877211257497
Test_20,0.36830089380350334,0.05221874607801787,0.17724950603206796,0.4022308540864107
Test_21,0.052348798596017855,0.009380482362502995,0.04232895777875164,0.8959417612627276
Test_22,0.32006810451962187,0.010377961166813082,0.6490236458744691,0.020530288439095854
Test_23,0.1664094431839719,0.030945425776318754,0.03476122126082376,0.7678839097788852
Test_24,0.6762921310476032,0.10470131081500535,0.04224226687006718,0.17676429126732413
Test_25,0.3839174265760932,0.011471760812880606,0.21673667116990916,0.3878741414411172
Test_26,0.11107235269503861,0.126204797875482,0.1570019900218557,0.6057208594076235
Test_27,0.08034084381034909,0.0369718965189828,0.8543021317263969,0.02838512794427111
Test_28,0.9035834110547396,0.03789761526610191,0.04880687066182913,0.009712103017329355
Test_29,0.10558996389431158,0.08752626658461206,0.5307195946441667,0.27616417487690975
Test_30,0.6604324123202284,0.027371457226310434,0.2570906492623804,0.055105481191080705
Test_31,0.5477991257002295,0.01921171621632018,0.39486636638550654,0.03812279169794391
Test_32,0.14823340512962563,0.05066837667322906,0.20658292560983404,0.5945152925873111
Test_33,0.05884044906548635,0.10114500566418201,0.0987467930667583,0.7412677522035733
Test_34,0.3367677044075925,0.024811007358064692,0.3593824211788791,0.2790388670554639
Test_35,0.009923960496924752,0.013331759858033589,0.04474362079502658,0.9320006588500149
Test_36,0.31725836707460686,0.056597569267778515,0.5509964189091086,0.07514764474850603
Test_37,0.03537521747837864,0.04353285918861064,0.18302847444130674,0.738063448891704
Test_38,0.1100666096136123,0.0185091565857443,0.39261293817427284,0.4788112956263707
Test_39,0.042551530233675146,0.10012999041320336,0.11987429964972157,0.7374441797033997
Test_40,0.09000312600828853,0.00686429443543005,0.8599854377769949,0.043147141779286434
Test_41,0.2874974379565422,0.12347273940293273,0.4968700047783628,0.09215981786216206
Test_42,0.09994104440409558,0.03960947631484067,0.15986206087939375,0.70058741840167
Test_43,0.24313713573090054,0.04833684127690555,0.606349353453472,0.10217666953872181
Test_44,0.10616357970406917,0.11374226426158238,0.11282155258733585,0.6672726034470126
Test_45,0.08949540256118128,0.09279944183473966,0.7163637113574911,0.10134144424658773
Test_46,0.8666193951098218,0.006025827437552522,0.05778147941707676,0.06957329803554903
Test_47,0.09035838050899223,0.07314340265123871,0.6440042438723841,0.19249397296738516
Test_48,0.17001515964688702,0.03480838898976361,0.6724596718685285,0.12271677949482085
Test_49,0.04658030824510717,0.005928239779607522,0.8951908007892504,0.05230065118603491
Test_50,0.03487379759612942,0.017891518228760752,0.892856120797949,0.05437856337716099
Test_51,0.3325561000119895,0.024311509588480426,0.6133464223616134,0.029785968037916586
Test_52,0.0926576538991885,0.004138382228211877,0.6061886345184019,0.2970153293541975
Test_53,0.17772767108665521,0.019721683119274656,0.7827545213843932,0.0197961244096771
Test_54,0.3685449879293829,0.04663242777152084,0.4882645693920667,0.0965580149070295
Test_55,0.346940562298899,0.04310798952226092,0.291009847752011,0.31894160042682945
Test_56,0.14392972145934116,0.04594100813488259,0.35271358995585284,0.45741568044992353
Test_57,0.23206383911506365,0.07114936563911047,0.14280099743755625,0.5539857978082695
Test_58,0.030116163522003372,0.07741031924843798,0.03954938168002449,0.8529241355495344
Test_59,0.08570918039108755,0.12671642429353364,0.16920709591847372,0.6183672993969047
Test_60,0.16627976385681653,0.017137914409524554,0.2817055426996007,0.5348767790340585
Test_61,0.35550582072411935,0.052454841544939824,0.3955157716738462,0.19652356605709467
Test_62,0.6151657787614715,0.025996866302982667,0.12224240018075375,0.2365949547547921
Test_63,0.3388968563264797,0.04963641537612821,0.48694635423899424,0.12452037405839841
Test_64,0.19235449214118092,0.01767488193048457,0.2767858629772736,0.5131847629510609
Test_65,0.5129991521291106,0.030058890697633178,0.2563609992756964,0.2005809578975599
Test_66,0.8135341667335111,0.020672463058735283,0.08617672374861489,0.07961664645913892
Test_67,0.5537725898407231,0.06710065725979242,0.3255919519643254,0.05353480093515911
Test_68,0.08926293084721391,0.0227902562385902,0.1737858515079847,0.7141609614062115
Test_69,0.24578136960471134,0.14222345133905553,0.26465198629408637,0.34734319276214676
Test_70,0.07080944256350319,0.0721134643929466,0.12303071602979726,0.734046377013753
Test_71,0.13661431064091434,0.06656400451141364,0.7505605108665852,0.04626117398108681
Test_72,0.09931797307125373,0.13269942036011234,0.2003887351513157,0.5675938714173189
Test_73,0.7972628946788533,0.011621884920331477,0.1831510996668879,0.007964120733927315
Test_74,0.254533550523936,0.05741248554388432,0.1459239981591138,0.542129965773066
Test_75,0.10984386922016943,0.08307119053266294,0.12048742925332356,0.6865975109938439
Test_76,0.03897772035254362,0.00912812537178353,0.018589980562930118,0.9333041737127429
Test_77,0.1866031734193922,0.07017666663337825,0.27580966432779086,0.4674104956194385
Test_78,0.04275557752776427,0.1113322570890867,0.05442950723500002,0.7914826581481493
Test_79,0.5580518835909284,0.011179305482574757,0.3919092407320505,0.03885957019444652
Test_80,0.12317355830249618,0.04860505607007889,0.32378820896315724,0.5044331766642678
Test_81,0.2817628383322659,0.04802608343218519,0.3383281854883559,0.3318828927471928
Test_82,0.14932968637560848,0.044873232370061494,0.3830937289729936,0.4227033522813365
Test_83,0.20023025463246427,0.051792771393731264,0.13447283924858608,0.6135041347252187
Test_84,0.07540462751434802,0.04554835558415494,0.11282017626544555,0.7662268406360512
Test_85,0.6937571946543891,0.03346898369816491,0.08648418496276147,0.18628963668468496
Test_86,0.4567752701814869,0.03323147089565766,0.3898713293734297,0.12012192954942569
Test_87,0.4870190304030802,0.03355808841355153,0.3890086649780746,0.09041421620529339
Test_88,0.04612096456538495,0.06922334021676664,0.15056979608260188,0.7340858991352467
Test_89,0.7083529010417489,0.029311661216632073,0.21493873417567877,0.0473967035659401
Test_90,0.26321004705221657,0.010148046547708024,0.7123730485758271,0.014268857824248096
Test_91,0.31998270541175716,0.026039100988006957,0.13125823892677976,0.5227199546734566
Test_92,0.314744422044227,0.020526395536744613,0.3472890133005393,0.3174401691184891
Test_93,0.34351610410231537,0.023787642947976948,0.47153873405594254,0.16115751889376487
Test_94,0.018882883432579392,0.038209025473458384,0.04299255663553699,0.8999155344584255
Test_95,0.19712344813703173,0.012291874529198,0.750038777178801,0.04054590015496929
Test_96,0.27381866429381246,0.03193189274519373,0.5166460316573259,0.17760341130366822
Test_97,0.6728216207068209,0.003025401316908549,0.20505896385900196,0.11909401411726855
Test_98,0.24170488303274468,0.062188679314417177,0.05479313528893758,0.6413133023639003
Test_99,0.5508114728406257,0.05475428891905171,0.3423612994683278,0.05207293877199462
Test_100,0.029328641306847963,0.10316057828945248,0.08159161899908515,0.7859191614046143
Test_101,0.5174615561146243,0.01140109095138049,0.4043824478384606,0.06675490509553468
Test_102,0.0319090647054332,0.014807546317221584,0.23532165066888247,0.7179617383084627
Test_103,0.6898941588911551,0.03410321854598203,0.18728773723144967,0.08871488533141322
Test_104,0.1523748355742286,0.0795222750900021,0.04446872940140676,0.7236341599343623
Test_105,0.3215913155075994,0.06906768972125205,0.24643270945633122,0.3629082853148175
Test_106,0.2566730853380682,0.04869468263170246,0.18672484884531135,0.507907383184918
Test_107,0.0716325971913604,0.033449668336174514,0.40875000045923776,0.4861677340132273
Test_108,0.08144129836179491,0.06116123280717374,0.08061791372178005,0.7767795551092511
Test_109,0.32341484693493033,0.2782024744444894,0.2955748272347295,0.10280785138585048
Test_110,0.8193442915051935,0.04940000241568213,0.08742192197030262,0.04383378410882189
Test_111,0.18716236328609018,0.03665545082644097,0.5027092356531215,0.273472950234347
Test_112,0.0068856640223107345,0.05131793148269012,0.02565692129994704,0.9161394831950521
Test_113,0.4983134850274993,0.14146841729091,0.13707571873593025,0.2231423789456606
Test_114,0.016450358666632175,0.03433830235269749,0.8012460088813964,0.14796533009927373
Test_115,0.09949670990205554,0.004139892216656291,0.8381389505080326,0.058224447373255654
Test_116,0.2535301203447574,0.015016633808413837,0.515558121114593,0.21589512473223577
Test_117,0.1335124764819006,0.04835628940283427,0.7043767785903972,0.11375445552486803
Test_118,0.06583854954959563,0.004087601934106497,0.8880355768755354,0.0420382716407626
Test_119,0.9761122896511761,0.002595910192668956,0.018349302151838297,0.002942498004316579
Test_120,0.2075459464642123,0.036741177083075706,0.6611617201978552,0.09455115625485662
Test_121,0.34468339373218526,0.17387502107266434,0.17347644419093972,0.30796514100421063
Test_122,0.5199656706682589,0.02228890540478425,0.41591806750432014,0.041827356422636595
Test_123,0.029423154527964054,0.33165100022782784,0.08986680191455017,0.549059043329658
Test_124,0.2970518248829792,0.02069969408611668,0.24923952182372563,0.4330089592071786
Test_125,0.5370118037481768,0.02342115290533168,0.36608242072637687,0.07348462262011476
Test_126,0.653776196358877,0.03534987165527159,0.23607148971122768,0.07480244227462385
Test_127,0.37832352343844455,0.02922751607892481,0.05280319576470798,0.5396457647179227
Test_128,0.14079316069798012,0.027878167058019217,0.7181233671535706,0.11320530509042971
Test_129,0.52684727384848,0.018412865454204466,0.35534843864653,0.09939142205078523
Test_130,0.07323040321555255,0.05194910107087587,0.015097539267597182,0.8597229564459745
Test_131,0.04525104583762536,0.07872689554627046,0.28208082234482107,0.5939412362712833
Test_132,0.6624767898051098,0.02308990294012235,0.2560348371862099,0.05839847006855765
Test_133,0.050603682237667647,0.2611791967928253,0.049484872329335204,0.6387322486401718
Test_134,0.40980719759119194,0.033016650474001964,0.09557060479007091,0.4616055471447353
Test_135,0.16451830015461863,0.08271487491974337,0.2714892651425119,0.4812775597831259
Test_136,0.03098368841640776,0.02806838733660236,0.5673768173913912,0.3735711068555985
Test_137,0.030141952337952853,0.06947688882631865,0.8268855079233515,0.07349565091237666
Test_138,0.11010897009457342,0.016073596813014915,0.8447342757662959,0.029083157326115956
Test_139,0.7508667357252652,0.0049953766714740805,0.19197835481971529,0.05215953278354576
Test_140,0.05896579861858766,0.04514791279283425,0.5648333921601021,0.3310528964284761
Test_141,0.48507298443292796,0.03531501700002358,0.30920979491505496,0.1704022036519937
Test_142,0.246800516902673,0.04713675072863225,0.07728761891447698,0.6287751134542179
Test_143,0.05073193489953314,0.06820382162357909,0.08234968776566914,0.7987145557112183
Test_144,0.7316173523717895,0.025670902425942894,0.18470430051394895,0.05800744468831852
Test_145,0.6821664493489126,0.032527964070301105,0.12912318770078368,0.15618239888000235
Test_146,0.47865330491662766,0.04616735231100767,0.3835704195374628,0.09160892323490205
Test_147,0.0685698042951714,0.011961322375546118,0.8614848173391688,0.05798405599011352
Test_148,0.6512605861342055,0.028284895701393913,0.28346827621572623,0.03698624194867439
Test_149,0.22220271919880863,0.06089889410810108,0.42377229922337156,0.2931260874697186
Test_150,0.1716645854334833,0.059807540578016134,0.3730889560152707,0.39543891797322983
Test_151,0.11006852896597272,0.020417661987327546,0.8461314165116262,0.023382392535073928
Test_152,0.020147418301409373,0.27883410038521034,0.04722558328801272,0.6537928980253677
Test_153,0.14933180283383446,0.03167898150411138,0.3159033787511693,0.5030858369108845
Test_154,0.21384899367539312,0.24071656623844231,0.3398405750208026,0.2055938650653624
Test_155,0.15914274794254443,0.025697991325388168,0.23784082932021966,0.5773184314118478
Test_156,0.45499398890998494,0.029736836690345308,0.07781415047198738,0.4374550239276822
Test_157,0.06625049089949417,0.033914416546507356,0.8460938220073013,0.05374127054669698
Test_158,0.2110356628929085,0.05795730073188781,0.15187871446287493,0.579128321912329
Test_159,0.19983447884418182,0.010121184030542732,0.24830928743710873,0.5417350496881672
Test_160,0.7356290972579307,0.025679465910429296,0.18565663579710973,0.05303480103453043
Test_161,0.29970357815450727,0.023714096613425256,0.19845969294875077,0.4781226322833167
Test_162,0.11640487012146106,0.05142007675599705,0.7647065815091045,0.06746847161343693
Test_163,0.1909579370114245,0.03854180882587674,0.6973157457183643,0.07318450844433458
Test_164,0.24938858159528088,0.1604742789539931,0.06992657148155412,0.5202105679691722
Test_165,0.013411477851092188,0.029035137645676657,0.0957805151388867,0.8617728693643446
Test_166,0.08212213425183448,0.06791656688108733,0.7375092199168446,0.11245207895023361
Test_167,0.3428751365492335,0.035042272220681014,0.31747027338525896,0.30461231784482645
Test_168,0.17112133586544248,0.2064019813102524,0.40638600847266393,0.21609067435164145
Test_169,0.33690977871313854,0.06484413597005924,0.4703889283912287,0.12785715692557365
Test_170,0.10410962788540966,0.168428620091358,0.39241339801613206,0.33504835400709976
Test_171,0.477983766154021,0.02957481606025147,0.4400452696123161,0.0523961481734113
Test_172,0.06143329213183216,0.12952862034060905,0.6505843957220083,0.1584536918055507
Test_173,0.09915984855515697,0.013538019631645215,0.8799698903671117,0.0073322414460858945
Test_174,0.1868964522655909,0.022070503502650624,0.15802401216067197,0.6330090320710864
Test_175,0.11003048466833569,0.03348539655151264,0.5719221106448793,0.28456200813527227
Test_176,0.04794624493504225,0.00789972765461082,0.9083089473827792,0.035845080027567915
Test_177,0.1131050086386449,0.08380817972637708,0.06954962865659202,0.733537182978386
Test_178,0.008446253034184913,0.0028175964309834277,0.014409626074190246,0.9743265244606416
Test_179,0.5458340857951091,0.04962590566942379,0.2242406601574429,0.18029934837802425
Test_180,0.027414158410191257,0.015396348526186565,0.22884491810377577,0.7283445749598465
Test_181,0.06526774679888672,0.10609821506279911,0.09594012950685046,0.7326939086314638
Test_182,0.24479867995845223,0.06659562099012245,0.4800004956142339,0.20860520343719158
Test_183,0.31323577197027164,0.062029462638733664,0.5964129820226559,0.0283217833683386
Test_184,0.5876215213523673,0.01588336401140914,0.3465142913529713,0.04998082328325234
Test_185,0.1452243212949906,0.08964676667220371,0.18406464041827694,0.5810642716145288
Test_186,0.47416608734567933,0.02919481012626003,0.1402643467303811,0.35637475579767963
Test_187,0.21099606271396606,0.21334869544568769,0.18091583026045485,0.39473941157989106
Test_188,0.23841119430029103,0.05044800789828649,0.32998900199946807,0.3811517958019544
Test_189,0.34724374811640835,0.1347958407712776,0.2738001235313943,0.2441602875809198
Test_190,0.5002186259718707,0.05234512302755877,0.2608893551045524,0.186546895896018
Test_191,0.39922577892449146,0.04228042562144274,0.4986277362962657,0.0598660591578
Test_192,0.41969145704238214,0.043125981837652795,0.39717368637367917,0.1400088747462859
Test_193,0.2119580750685069,0.055335231296812296,0.3495352339463911,0.38317145968829
Test_194,0.1019459396083162,0.15293597367259162,0.5755200845236094,0.16959800219548293
Test_195,0.4199509540613568,0.1324656581972544,0.3711497876144944,0.07643360012689437
Test_196,0.24407827136449634,0.04487962784207457,0.4728676137113058,0.23817448708212324
Test_197,0.11521338331850099,0.04157356097107637,0.781442282154385,0.06177077355603748
Test_198,0.8808064731327926,0.027573040663272187,0.03397838315200698,0.05764210305192836
Test_199,0.22592520804378718,0.12755960305218314,0.6036974075049106,0.0428177813991187
Test_200,0.1091064147460564,0.030252959052478053,0.15874077694841107,0.7018998492530543
Test_201,0.03202284031120216,0.04290815397108085,0.13081566901299066,0.7942533367047261
Test_202,0.09324245454367798,0.06948813232832847,0.39759036286645116,0.4396790502615426
Test_203,0.1135005257281866,0.016939210942412387,0.6729784310900851,0.19658183223931577
Test_204,0.02477593376083008,0.2126233434773582,0.177619606559213,0.5849811162025985
Test_205,0.03388211668874685,0.07851529074274123,0.035096760891232766,0.8525058316772791
Test_206,0.13794969301596455,0.10491098009168566,0.09803076694495952,0.6591085599473901
Test_207,0.09689310706578685,0.10178932484319599,0.1686030316572341,0.6327145364337832
Test_208,0.5128464777566587,0.025614791877720408,0.28221974616090245,0.17931898420471845
Test_209,0.07878439985466677,0.06541144559964453,0.6852057800220318,0.17059837452365686
Test_210,0.45130997032447484,0.029655128241162988,0.42663248020144373,0.09240242123291868
Test_211,0.1354591740611348,0.1012090087704533,0.688565706517125,0.07476611065128681
Test_212,0.06496677928930203,0.0189787943180536,0.8959806192691504,0.020073807123494
Test_213,0.8382442687390139,0.018563574125351284,0.059399153876878344,0.08379300325875641
Test_214,0.4187305720303626,0.026181723453200086,0.43286352047556814,0.12222418404086896
Test_215,0.25036071471147203,0.0970026221519959,0.21014935675776536,0.4424873063787669
Test_216,0.4564968018411403,0.029200971402675944,0.40282483462271446,0.1114773921334694
Test_217,0.12780261164966603,0.03506257227668625,0.3059266418034831,0.5312081742701648
Test_218,0.7033658029794359,0.07868199800100482,0.17006949775623875,0.04788270126332076
Test_219,0.5055819209051237,0.04957119525333044,0.43854340093445837,0.006303482907087456
Test_220,0.1868974732740308,0.08409720246428716,0.17082149502710153,0.5581838292345803
Test_221,0.044285076485515086,0.0036672613526327505,0.9310846455673618,0.02096301659449059
Test_222,0.380811282173245,0.031622612442764764,0.4028642511731846,0.18470185421080537
Test_223,0.1586682835649942,0.027466771077924706,0.6951443147023116,0.11872063065476944
Test_224,0.8141366015981459,0.005282121058444232,0.1705186870934728,0.010062590249936942
Test_225,0.9428962118883712,0.028073237284847886,0.011487996986841,0.017542553839939735
Test_226,0.01038713411067261,0.09357935784943078,0.85538406549592,0.04064944254397631
Test_227,0.08187696638677473,0.11619000428023102,0.09961715893880164,0.7023158703941925
Test_228,0.07393666571087446,0.01704209878785725,0.8999646300369755,0.00905660546429302
Test_229,0.06897220251980278,0.06739810566820696,0.8286960829316709,0.03493360888031954
Test_230,0.37999527580449916,0.08038373261964485,0.1843513857148002,0.3552696058610559
Test_231,0.139613572849511,0.02164137433626506,0.024577803549902258,0.8141672492643215
Test_232,0.6914855953285298,0.012700804246672784,0.2087934741434294,0.08702012628136821
Test_233,0.21488130659127924,0.04820641555800426,0.5042258429095088,0.23268643494120797
Test_234,0.2308818479158938,0.03299574180295632,0.6773779284482948,0.058744481832855334
Test_235,0.04028249381443882,0.06577168094597745,0.48939796071358005,0.4045478645260038
Test_236,0.5485209447300124,0.06665069113545173,0.10165712968630033,0.2831712344482351
Test_237,0.05585918940494296,0.20834387524179196,0.10881385021556995,0.6269830851376953
Test_238,0.5076962001876945,0.12325874842044705,0.30644946534514017,0.06259558604671835
Test_239,0.2062968788372274,0.18613938651181583,0.47999425831231635,0.12756947633864027
Test_240,0.0823261857102492,0.03719356932576244,0.4994682392814258,0.3810120056825623
Test_241,0.016394772073119238,0.18270326942733772,0.0968124031136733,0.7040895553858699
Test_242,0.13664697517427327,0.047504851626647096,0.21559092469801597,0.6002572485010638
Test_243,0.7894081193392766,0.004645864225503263,0.20030336389368303,0.005642652541537172
Test_244,0.31859381701443573,0.049620778872151945,0.09215200943665709,0.5396333946767553
Test_245,0.23391266224459806,0.04114090270355156,0.6303696905827694,0.09457674446908092
Test_246,0.06273544003243935,0.06356976784324958,0.09696081248170502,0.7767339796426059
Test_247,0.036367283223657995,0.0637323267060627,0.057214026126410134,0.8426863639438693
Test_248,0.31406100580338464,0.06323318826687595,0.2509755415609455,0.37173026436879375
Test_249,0.14503889901573286,0.0810576911636164,0.20800804898665226,0.5658953608339987
Test_250,0.7524853220873705,0.027729246220943256,0.17938547524250284,0.04039995644918333
Test_251,0.19596402587653125,0.06143909267811212,0.22558059447539353,0.5170162869699634
Test_252,0.09857021809576523,0.008816835770405514,0.8468669251171255,0.045746021016703844
Test_253,0.33998623276263373,0.04423661407310601,0.05581863240064048,0.5599585207636198
Test_254,0.16062419407695772,0.12382461232754968,0.20092457355476587,0.5146266200407266
Test_255,0.16913101378599207,0.034472602051935156,0.09140333249398111,0.7049930516680918
Test_256,0.016677707568451484,0.039456958957407175,0.008841238074280541,0.9350240953998605
Test_257,0.5445138140588093,0.03163941403698381,0.37395354639010875,0.0498932255140982
Test_258,0.15732682486723987,0.06616862791347293,0.6654120940183295,0.11109245320095769
Test_259,0.711186460652111,0.14049056051682243,0.1033280922578353,0.04499488657323136
Test_260,0.2955919446946463,0.0741479535125533,0.11803670816286625,0.5122233936299344
Test_261,0.20636912726241713,0.014992242799373046,0.4801386078801244,0.29850002205808546
Test_262,0.42573683631102205,0.09971557806135627,0.3166249535722339,0.15792263205538767
Test_263,0.6593559254417076,0.05480068423117728,0.17128856581532012,0.11455482451179484
Test_264,0.5238967355208194,0.002565404112535868,0.470046067944948,0.00349179242169697
Test_265,0.19107262413567053,0.04993510423407628,0.6599944877670605,0.09899778386319269
Test_266,0.01939367705031224,0.08513007839008883,0.03299701441120821,0.8624792301483908
Test_267,0.7906486774075934,0.013099972088442158,0.0692338278362367,0.12701752266772803
Test_268,0.015586086495852356,0.32508564163047976,0.5393924051615193,0.1199358667121488
Test_269,0.24472744834612878,0.06414947265248234,0.6276444857603302,0.06347859324105849
Test_270,0.043993066341968284,0.03590572431932686,0.05381803445558597,0.8662831748831188
Test_271,0.0958850527665454,0.03858230920891288,0.42727935204907036,0.4382532859754712
Test_272,0.3962067726305417,0.11117603860020163,0.38266263194026473,0.10995455682899212
Test_273,0.8188837310998871,0.01397037096135998,0.03920750411632618,0.12793839382242664
Test_274,0.052107459588317265,0.08088550003516413,0.12801897180323688,0.7389880685732818
Test_275,0.666132340062057,0.05314213873290688,0.15723287933246669,0.12349264187256978
Test_276,0.015773541734051634,0.030491720446619137,0.11199720955757274,0.8417375282617564
Test_277,0.7942733494375418,0.01438896903958242,0.08012462554670895,0.11121305597616693
Test_278,0.09441957662434344,0.045675765353425685,0.03509725176177415,0.8248074062604565
Test_279,0.6951018377883624,0.005493436972952262,0.26490871015016204,0.03449601508852305
Test_280,0.10201841726736734,0.04828673051688255,0.1716611110938348,0.6780337411219153
Test_281,0.04210333802932519,0.22615306609118102,0.05728185854469745,0.6744617373347962
Test_282,0.36040148848728615,0.07922306083561527,0.31301189304414,0.24736355763295867
Test_283,0.5535390643432596,0.05928751339859924,0.05792508324593974,0.3292483390122014
Test_284,0.44984036782186976,0.030305505470327152,0.45314164278499597,0.06671248392280683
Test_285,0.09618496736334932,0.016090500231142217,0.06833721624887781,0.8193873161566309
Test_286,0.2274311284411539,0.02734030234627932,0.479083463957363,0.2661451052552037
Test_287,0.07223117717918359,0.16525795005620697,0.19425404863448778,0.5682568241301217
Test_288,0.0032083828630743772,0.013575442258418004,0.01553302001052344,0.9676831548679843
Test_289,0.028741820973639455,0.0024467087416101207,0.009376490898878459,0.9594349793858722
Test_290,0.06147603281837646,0.07077745432481926,0.3060495413189899,0.5616969715378143
Test_291,0.2287657862896014,0.14672855270732243,0.2795998952465819,0.344905765756494
Test_292,0.1519397914588933,0.007270769319530568,0.7852905030720547,0.05549893614952128
Test_293,0.05689770516936474,0.04156073244114205,0.15676494821498277,0.7447766141745102
Test_294,0.08210477611898265,0.01654010268688585,0.8217437010342077,0.07961142015992383
Test_295,0.04074393020282455,0.009659001787210166,0.8901441904763764,0.05945287753358856
Test_296,0.07473722503544747,0.17453064563395754,0.21881790886807514,0.5319142204625202
Test_297,0.02247898966953198,0.14401810913025737,0.039960695591221215,0.7935422056089894
Test_298,0.031149013175965364,0.01690671959675316,0.9456060689176097,0.006338198309671905
Test_299,0.16863270616634096,0.16651023562692693,0.2549952320927085,0.4098618261140234
Test_300,0.3519189030767655,0.19544706737104273,0.3079231021922145,0.14471092735997756
Test_301,0.25143509733007446,0.09688661271756896,0.17992189477454976,0.4717563951778067
Test_302,0.013963800816392409,0.056410707845171645,0.041306612113434185,0.8883188792250017
Test_303,0.49687326492067535,0.10183969750057562,0.31238062640851927,0.08890641117022975
Test_304,0.788062736308888,0.04742338289264501,0.10384128206415877,0.0606725987343086
Test_305,0.5129359376775419,0.036998874626035703,0.18456959989734306,0.26549558779907934
Test_306,0.25701067907579556,0.003595319353117768,0.41004594089140706,0.3293480606796794
Test_307,0.5227200658126558,0.06645264922369318,0.35173508354529376,0.059092201418357075
Test_308,0.2064980170413341,0.060289068111583285,0.09550415966251437,0.6377087551845683
Test_309,0.025431674602917335,0.19528274364631973,0.11381561114996178,0.6654699706008013
Test_310,0.0503793884189062,0.2540596859953056,0.351552860163362,0.3440080654224258
Test_311,0.48675323958582994,0.0271177280289007,0.4410629242302657,0.045066108155003934
Test_312,0.018072128408968182,0.04024586222105116,0.020912814973351318,0.9207691943966293
Test_313,0.10644195978242248,0.11451477494489817,0.1451715131828231,0.6338717520898564
Test_314,0.3552500152519479,0.0209701017599138,0.07309289365953467,0.5506869893286037
Test_315,0.07091510494922808,0.08323882392475723,0.18366154074070162,0.6621845303853131
Test_316,0.34648320051887455,0.055471830121047803,0.317987392930366,0.2800575764297112
Test_317,0.28094132103636765,0.03460972262036223,0.2548247884431087,0.4296241679001616
Test_318,0.02937755592891921,0.08572498290798815,0.12537509400254934,0.7595223671605434
Test_319,0.06922999034566621,0.017768019879432,0.9045576203482132,0.008444369426688636
Test_320,0.6536923710586998,0.03128413915018653,0.2056741147599811,0.1093493750311325
Test_321,0.4029962580765335,0.25401146007683056,0.25561586848452483,0.08737641336211105
Test_322,0.29718299126624415,0.026757931114852397,0.6418933676588018,0.03416570996010199
Test_323,0.14530428933961706,0.030968285974149183,0.53220283509756,0.291524589588674
Test_324,0.5995934121126845,0.05148134182172337,0.3135839035232232,0.03534134254236939
Test_325,0.13035006233681687,0.054321275968150416,0.163143571221656,0.6521850904733768
Test_326,0.29357609945092544,0.0756322989761116,0.46703278340376614,0.16375881816919696
Test_327,0.23722107267721523,0.05190380122606725,0.46068100365343,0.25019412244328737
Test_328,0.15602319087978786,0.06563010740412771,0.3915358476313402,0.38681085408474414
Test_329,0.45747064485327055,0.14218040098390947,0.19261281457175142,0.20773613959106876
Test_330,0.09166124653321389,0.10480965869551645,0.13309390218789197,0.6704351925833776
Test_331,0.2329674205344721,0.08806193446638254,0.535904975331387,0.14306566966775822
Test_332,0.5967474014787509,0.05134955989325042,0.18738321702588812,0.16451982160211037
Test_333,0.030165011596587774,0.013271436455531992,0.2819598747398912,0.6746036772079891
Test_334,0.022569558642357598,0.011230682228635642,0.9497408672607908,0.01645889186821599
Test_335,0.8257766409667621,0.023671381734201392,0.08660111823977104,0.06395085905926552
Test_336,0.11847417667137991,0.026722559047327836,0.8420234866970114,0.012779777584280765
Test_337,0.47582150787087313,0.009690228918945639,0.32514873400678407,0.18933952920339703
Test_338,0.7741508700161925,0.029106222834301143,0.030722004973329723,0.1660209021761764
Test_339,0.31816480291309296,0.005407752471557868,0.6701358505711958,0.006291594044153296
Test_340,0.2613142387374631,0.02608565600289486,0.6734132037631047,0.039186901496537335
Test_341,0.8311121846690138,0.03519011223584396,0.07368200903387885,0.06001569406126307
Test_342,0.9168949201648108,0.020126669620736608,0.02654060013644323,0.03643781007800936
Test_343,0.43545750050600457,0.10890633639842802,0.13769967718866466,0.31793648590690265
Test_344,0.027288479854564833,0.0905534623529899,0.07353275886805076,0.8086252989243944
Test_345,0.23373010880215683,0.034461553360020825,0.5531055352589008,0.17870280257892165
Test_346,0.2659800397915889,0.017698944683627125,0.4600046910754224,0.25631632444936164
Test_347,0.10372196577595567,0.09109572380364635,0.2002661979838332,0.6049161124365648
Test_348,0.03396627835336878,0.02275458715047415,0.2955723111054226,0.6477068233907343
Test_349,0.3898544457231997,0.013990106685941837,0.5460200136454267,0.05013543394543138
Test_350,0.31274705881946213,0.1393028041312622,0.05944743055710262,0.4885027064921726
Test_351,0.11018994825971572,0.010142342949477594,0.6913431024457529,0.18832460634505369
Test_352,0.08270619981831054,0.07724887498714358,0.08812495842173916,0.7519199667728066
Test_353,0.8610883905108132,0.027723278890248365,0.049453851641621686,0.06173447895731669
Test_354,0.2556000441048045,0.07299494920004106,0.6261226345793692,0.04528237211578514
Test_355,0.570451567157846,0.04407853956053752,0.23811398058234817,0.14735591269926818
Test_356,0.7500118397257215,0.02728927422144601,0.16339568621107195,0.05930319984176072
Test_357,0.8427100507243113,0.02815122251861975,0.04555728673975369,0.08358144001731531
Test_358,0.030555821791298378,0.061251474674080826,0.8076129795183106,0.10057972401631021
Test_359,0.017004695064108833,0.03901761177315173,0.024983994386241166,0.9189936987764981
Test_360,0.21913704385517263,0.08370681821631774,0.2421295771816988,0.45502656074681075
Test_361,0.48594445307774853,0.02290649383334935,0.09264169033266706,0.39850736275623483
Test_362,0.594081619516011,0.09702948358393038,0.0894777227426563,0.21941117415740208
Test_363,0.18799965220536324,0.019134630503261,0.7388507247204024,0.05401499257097296
Test_364,0.6652593373300142,0.013800922691251945,0.31178896590790994,0.00915077407082402
Test_365,0.38129134000742104,0.026506581238309054,0.5531082176875811,0.03909386106668876
Test_366,0.16087039179563983,0.03221860755887159,0.45381915950210683,0.35309184114338155
Test_367,0.02876588230394521,0.012617768091572853,0.9030858535879537,0.055530496016528104
Test_368,0.38208937238980256,0.06912304673100932,0.44434087511583575,0.10444670576335194
Test_369,0.022911008284909228,0.06212354119751146,0.12054054747835806,0.7944249030392212
Test_370,0.03469277902047661,0.01583211394646619,0.8533069061140941,0.09616820091896293
Test_371,0.06986242946662628,0.026406197861840505,0.8346049792690747,0.06912639340245827
Test_372,0.19989430474183822,0.05092183655208101,0.1366473772719747,0.6125364814341057
Test_373,0.16701200874227046,0.02703641453170375,0.055516808304827026,0.7504347684211987
Test_374,0.1701452584803651,0.07895916625054207,0.35860594527634065,0.39228962999275213
Test_375,0.050742727514560944,0.060217452774674815,0.07760822521436217,0.811431594496402
Test_376,0.3139827311877694,0.014490084604554646,0.5984291637980974,0.07309802040957855
Test_377,0.680684757995646,0.09487672524530733,0.13349249686748127,0.0909460198915653
Test_378,0.4792936222840022,0.02421125794060369,0.4828566662924054,0.013638453482988717
Test_379,0.2820260753821413,0.032365481809377775,0.5912833280555444,0.09432511475293635
Test_380,0.37929804972250236,0.05947243798392905,0.23425605982479833,0.32697345246877024
Test_381,0.16691890787670013,0.1794285307332975,0.1531628869598671,0.5004896744301349
Test_382,0.10446696698983352,0.03289254780788644,0.5163703951416267,0.34627009006065324
Test_383,0.25183155828177173,0.19723559966800913,0.07495036390714958,0.4759824781430697
Test_384,0.14558722330040685,0.04051554119139007,0.7059289226504912,0.10796831285771182
Test_385,0.39735467500293226,0.012182842692191371,0.42893842451134695,0.16152405779352952
Test_386,0.07548460358224061,0.028503078388653763,0.3167662375533491,0.5792460804757563
Test_387,0.24311811702961386,0.014463112232874156,0.4830808750887174,0.2593378956487944
Test_388,0.7162319378204239,0.048885096511040324,0.09235276887267153,0.14253019679586412
Test_389,0.7982643106527657,0.03254546099062971,0.1250190025478849,0.04417122580871995
Test_390,0.05532865039602329,0.06467518466926228,0.1321966690383223,0.7477994958963922
Test_391,0.4374494593656483,0.014976946337165353,0.5230504622977352,0.02452313199945143
Test_392,0.05130998927222629,0.021223927588524604,0.8876558754532883,0.039810207685960705
Test_393,0.09401672326973522,0.008500004995600734,0.03708907679971236,0.860394194934952
Test_394,0.18796142410674196,0.006123343845525145,0.4764016788771876,0.32951355317054554
Test_395,0.7623109123526813,0.1177818909944434,0.08179079976225272,0.03811639689062268
Test_396,0.037646114698301085,0.06910578915672946,0.05493070195461246,0.8383173941903572
Test_397,0.0919343928370989,0.12597265695840487,0.06444243886636422,0.7176505113381322
Test_398,0.01333175745295371,0.0031082521209788807,0.05262858487469777,0.9309314055513698
Test_399,0.13040834918983274,0.021460179877133383,0.36523221484371476,0.4828992560893191
Test_400,0.23716269096385006,0.044308080728858605,0.3241381412616637,0.39439108704562786
Test_401,0.3831068217820053,0.05622557913750275,0.19466524120093878,0.3660023578795532
Test_402,0.011153156269972483,0.008910444901906296,0.028906350928308157,0.9510300478998133
Test_403,0.13604476196843188,0.05881745005057151,0.6462539758218985,0.15888381215909833
Test_404,0.28969914143019315,0.019187931522531836,0.3528467369019341,0.33826619014534104
Test_405,0.019161563900043102,0.021854504139079974,0.008002798594767446,0.9509811333661097
Test_406,0.018935627767668786,0.0671577485667408,0.06411804484533766,0.8497885788202528
Test_407,0.028917968500054524,0.002550524961427596,0.007305146331472404,0.9612263602070457
Test_408,0.15815201404825935,0.07694094730345212,0.08939448666070673,0.6755125519875816
Test_409,0.4724369784222047,0.03364625495065847,0.1672202962650909,0.3266964703620458
Test_410,0.015008685858668646,0.0135989638557659,0.011360157989063821,0.9600321922965017
Test_411,0.9267076501011543,0.00798249257941744,0.0632283307795234,0.002081526539904953
Test_412,0.2903307309308362,0.03671507715705927,0.6036324361931444,0.06932175571896018
Test_413,0.6225764122183325,0.0348900311340332,0.25141470647786107,0.09111885016977339
Test_414,0.0562532505452029,0.010029592992340563,0.8955298083504318,0.038187348112024594
Test_415,0.8275198244756162,0.007200974479453774,0.1031969253927823,0.06208227565214749
Test_416,0.1334341783994738,0.08493056436640366,0.27993492077357646,0.5017003364605461
Test_417,0.09307160255511024,0.017019120325888308,0.846195200824354,0.04371407629464732
Test_418,0.8638871751403145,0.005889525713002659,0.09852951288572508,0.0316937862609574
Test_419,0.33913036694110227,0.021583755306320278,0.47994454147259075,0.1593413362799869
Test_420,0.2710000990571367,0.16830931667131943,0.4616464908469649,0.09904409342457893
Test_421,0.06877356273827409,0.09684716678340421,0.045553072378607236,0.7888261980997144
Test_422,0.09036670701945239,0.05702568994391614,0.023760427662184048,0.8288471753744474
Test_423,0.6690007476654983,0.05687245480638696,0.2060873444239979,0.0680394531041167
Test_424,0.06714400695550395,0.14425371976192564,0.3024375568845625,0.48616471639800835
Test_425,0.03996592327069562,0.042672512616709644,0.1787160464520724,0.7386455176605224
Test_426,0.34230972904637613,0.0548892518140652,0.24736647609648393,0.35543454304307476
Test_427,0.09397737663934237,0.09203467250667394,0.27154474556113634,0.5424432052928472
Test_428,0.08938948671550512,0.04184536375414486,0.13199335666854928,0.7367717928618006
Test_429,0.10990993969951357,0.07877210740334678,0.5619686301023287,0.24934932279481073
Test_430,0.5040557954509745,0.02883633249947431,0.4221490540509932,0.04495881799855803
Test_431,0.7995238429523841,0.02803715795904004,0.0775741274475084,0.0948648716410675
Test_432,0.11158081487902398,0.024652693281169095,0.14486331415011452,0.7189031776896921
Test_433,0.022606797801728588,0.024874485624760426,0.04122486589117942,0.9112938506823315
Test_434,0.05468961148897372,0.08238967669797931,0.09303402517711457,0.7698866866359326
Test_435,0.0405696483754701,0.01543586519389793,0.08435767023587369,0.8596368161947582
Test_436,0.3685232416219309,0.26061633987222466,0.2165107506258483,0.1543496678799961
Test_437,0.4186999812286746,0.03818844774188379,0.140720575020985,0.40239099600845696
Test_438,0.18480451210675275,0.028890181242114343,0.37954623174641805,0.40675907490471486
Test_439,0.2476240613878786,0.04515156331315614,0.6127743957308809,0.09444997956808406
Test_440,0.5887492648304608,0.012819173387460714,0.2605663681823778,0.1378651935997007
Test_441,0.1574470774181966,0.00386345803548742,0.825082899339825,0.013606565206491103
Test_442,0.0684640041136584,0.0657813770733424,0.7874135225359843,0.07834109627701512
Test_443,0.22256544111983037,0.0798228386067137,0.2569707033309143,0.4406410169425419
Test_444,0.7433119475912674,0.0060963725970494915,0.18404250452700063,0.06654917528468227
Test_445,0.4702051090664759,0.015987134397706285,0.48513918702242675,0.028668569513391046
Test_446,0.0556277896081035,0.013828761062534684,0.8885707136241369,0.041972735705225125
Test_447,0.08136383862049956,0.011133324106152817,0.8865031983839504,0.0209996388893973
Test_448,0.24298792719845028,0.17490236248235086,0.4493672665833657,0.1327424437358329
Test_449,0.07640590732632836,0.06186450965779223,0.27967596627178176,0.5820536167440977
Test_450,0.25294288555022315,0.049295394857091626,0.6683413009963983,0.029420418596286853
Test_451,0.523166631492199,0.05023042218639636,0.392867042212825,0.03373590410857947
Test_452,0.05106058195544508,0.026081616398961754,0.06303215973555734,0.8598256419100357
Test_453,0.16086018283395873,0.05714857766965337,0.18686269546793463,0.5951285440284533
Test_454,0.4618888448831267,0.04788700920649874,0.4190436154131477,0.07118053049722671
