image_id,healthy,multiple_diseases,rust,scab
Test_0,0.5335074074763017,0.04192135487593769,0.29816204247140526,0.1264091951763552
Test_1,0.2923048435954583,0.05821617704826935,0.28468909760097394,0.36478988175529825
Test_2,0.20274375635548322,0.05692986054009905,0.20843829095141894,0.5318880921529987
Test_3,0.466675148020379,0.025537601350850845,0.3710360615615124,0.1367511890672577
Test_4,0.2799072240157058,0.06293248735659425,0.21386529896136688,0.44329498966633313
Test_5,0.2650991725674251,0.06287949316866946,0.3049472441505078,0.3670740901133971
Test_6,0.24569256000788198,0.03753885902904423,0.34163030728178917,0.37513827368128455
Test_7,0.31732630189237065,0.04607463359109555,0.05093809375495663,0.5856609707615775
Test_8,0.26865965524928564,0.046193268323657284,0.39568094779797874,0.2894661286290779
Test_9,0.19908009068637147,0.08079909562304095,0.416818202516089,0.30330261117449836
Test_10,0.4396978474379203,0.034380677837190364,0.3740089662039774,0.15191250852091176
Test_11,0.6517666041470888,0.0375105211110288,0.250467771934335,0.0602551028075475
Test_12,0.2818501296930799,0.0347410488438911,0.23125511489385175,0.4521537065691774
Test_13,0.48558671364212086,0.03105812925427995,0.39407180155843907,0.0892833555451603
Test_14,0.25168786441056695,0.0532424264723604,0.6387899022700674,0.056279806847005356
Test_15,0.19254703924892383,0.04445047451407812,0.3799443509961233,0.38305813524087506
Test_16,0.27207113281428075,0.03643389430429414,0.2828488357740645,0.4086461371073604
Test_17,0.2938203877702826,0.08925615835921795,0.4472141081491891,0.16970934572131033
Test_18,0.14921471837809633,0.0503419672108038,0.5442740293985878,0.25616928501251157
Test_19,0.10149281956766472,0.03650808433266591,0.3382380832840292,0.5237610128156401
Test_20,0.16848693353193694,0.05154027855390485,0.1584646441923288,0.6215081437218292
Test_21,0.2557052631393769,0.028847979274725242,0.2407636714459918,0.474683086139906
Test_22,0.5257429847587926,0.03128805099952604,0.3704612206420132,0.07250774359966822
Test_23,0.3118616555423769,0.027691306709570495,0.2931188122530835,0.36732822549496924
Test_24,0.4097334493030723,0.060574686935862654,0.28363604720145963,0.24605581655960526
Test_25,0.21324648791907339,0.03878825247597803,0.21689314900719542,0.5310721105977532
Test_26,0.24017066796911374,0.038818084471137285,0.3837117682179622,0.3372994793417866
Test_27,0.4418026898484605,0.03749514317782376,0.4657675816490937,0.054934585324621955
Test_28,0.7270968923500509,0.04842230992161955,0.1854751673863954,0.039005630341934064
Test_29,0.09819379077557858,0.08511965657512743,0.10688212611062896,0.709804426538665
Test_30,0.24370618620064896,0.04440336319606974,0.5069568703096943,0.20493358029358677
Test_31,0.21203469723821294,0.09831640370034975,0.35266318313826933,0.336985715923168
Test_32,0.2856894732800832,0.09405472693345736,0.1743736302369991,0.44588216954946047
Test_33,0.31932655479919847,0.07416125330099588,0.13735104604010706,0.46916114585969854
Test_34,0.24973758078957795,0.05317911606421219,0.3456284512827276,0.35145485186348197
Test_35,0.15886562546055885,0.061879057596549825,0.4152692128248186,0.3639861041180729
Test_36,0.40377474534294283,0.05758060409791925,0.2345997205969996,0.30404492996213817
Test_37,0.47123921896580523,0.06190795106376038,0.21925368540356105,0.24759914456687362
Test_38,0.38969065508620765,0.050171617416951746,0.08567618321461543,0.47446154428222514
Test_39,0.09193532168275802,0.05351257109672149,0.23318014383628966,0.621371963384231
Test_40,0.5497949003924414,0.021935905557703993,0.2045748433620398,0.22369435068781507
Test_41,0.30721956006418644,0.0577420673437783,0.3599064603875604,0.2751319122044748
Test_42,0.13856832706507494,0.05187356809469181,0.2098926331156836,0.5996654717245492
Test_43,0.24335518662161335,0.0837798206861597,0.3369973820141519,0.3358676106780751
Test_44,0.2032239016278734,0.08210197811789109,0.10308868270336345,0.6115854375508719
Test_45,0.23516109892288883,0.0948939081929376,0.40011289015032764,0.2698321027338457
Test_46,0.5157245712453858,0.04814105924637915,0.29528609495125746,0.14084827455697724
Test_47,0.08874693567043533,0.07247025240232427,0.7609606665725841,0.07782214535465613
Test_48,0.22835858299207842,0.023173859554633223,0.68642663108393,0.062040926369358255
Test_49,0.19099838536599423,0.03832835851598843,0.6498163715958649,0.1208568845221522
Test_50,0.11393533889437617,0.0772555357846266,0.5283144639520396,0.280494661368957
Test_51,0.10143242725545619,0.05222220055773918,0.1832163180116454,0.663129054175159
Test_52,0.062166740450008945,0.05014653764674085,0.5319256302163421,0.3557610916869081
Test_53,0.31396259690822026,0.024741060493281022,0.6043415958787586,0.05695474671973996
Test_54,0.23078470014440852,0.07885414417108842,0.3742228148128412,0.3161383408716617
Test_55,0.5562872830878356,0.04124646594443286,0.20279489569259213,0.1996713552751396
Test_56,0.2557900476808673,0.04430777631837575,0.32562281678585464,0.37427935921490196
Test_57,0.46351221208969007,0.045124293645775,0.14890014846983718,0.34246334579469784
Test_58,0.17809206145285778,0.1041897521607455,0.2664709956998034,0.45124719068659347
Test_59,0.3516461934589856,0.027044157198918523,0.4703653333969034,0.15094431594519236
Test_60,0.14501990136530446,0.047037122440044925,0.4110604425868948,0.39688253360775594
Test_61,0.3247861662808025,0.035528868454889485,0.39001661874282745,0.24966834652148068
Test_62,0.3860176612895386,0.03791782168930106,0.32977017055115654,0.24629434647000414
Test_63,0.12513357667993882,0.04779357954878081,0.16964884487590648,0.6574239988953742
Test_64,0.3044131596513559,0.047684764561629886,0.30031089545181877,0.3475911803351954
Test_65,0.12443624506649821,0.10252862893821342,0.3967187396245555,0.376316386370733
Test_66,0.22887845560123804,0.10474814443722949,0.39288875362243725,0.273484646339095
Test_67,0.20238628529634486,0.060046903760850104,0.3071179454523177,0.43044886549048744
Test_68,0.40387725541151726,0.03884339628414864,0.2771164572293076,0.2801628910750269
Test_69,0.49020475890083426,0.04869929150153765,0.3011775300777965,0.15991841951983146
Test_70,0.37090170120351834,0.05120455545041884,0.28763269120232965,0.29026105214373316
Test_71,0.29157697401154,0.05072467276860913,0.5382100038803116,0.11948834933953958
Test_72,0.34905900322327815,0.05259092830269349,0.4235973560963398,0.17475271237768858
Test_73,0.26217155497338124,0.052098408035323285,0.6221098673211723,0.06362016967012299
Test_74,0.079033432255904,0.07525081085522045,0.2906706396440328,0.5550451172448426
Test_75,0.32740010840487965,0.05649134392369242,0.1296307193437267,0.4864778283277012
Test_76,0.13288194471344647,0.044089543891026005,0.22472073314336066,0.5983077782521669
Test_77,0.46798319306682673,0.030127581974042243,0.19726389270404976,0.3046253322550812
Test_78,0.273582883014195,0.03527639177531052,0.28253288769207663,0.40860783751841806
Test_79,0.39236192213805965,0.03209395652147515,0.2718202706146463,0.3037238507258187
Test_80,0.1915768674701081,0.06278276525595641,0.1374149714822455,0.60822539579169
Test_81,0.12532594299729327,0.03685610869692335,0.6260900223479235,0.21172792595785986
Test_82,0.21732129549050433,0.055021657871595575,0.4248562103530712,0.3028008362848289
Test_83,0.12023695029704509,0.04851343702481405,0.36959543495189146,0.46165417772624945
Test_84,0.14668335240374908,0.052862775076258646,0.37804603071571735,0.42240784180427526
Test_85,0.513810575503472,0.04207252305388216,0.2510092761748802,0.19310762526776568
Test_86,0.1498490951021641,0.07074497298410866,0.30911541059694647,0.47029052131678073
Test_87,0.09406610097700652,0.13413797838293007,0.44986487798896624,0.3219310426510972
Test_88,0.11195184368722864,0.07545112644271125,0.16060539697389323,0.6519916328961667
Test_89,0.4663582902126639,0.04989993704545503,0.3904307759878205,0.09331099675406081
Test_90,0.5010557492437134,0.03643722014489979,0.3154008618200312,0.14710616879135546
Test_91,0.43141378118637164,0.04757227767696068,0.32399045041872554,0.19702349071794217
Test_92,0.5364021491944247,0.031465303584163065,0.3289833238224444,0.10314922339896776
Test_93,0.0784887713690841,0.10033180948813578,0.1793560935458454,0.641823325596935
Test_94,0.3116064070587308,0.03379411527822609,0.16756955306995575,0.48702992459308714
Test_95,0.56338185329147,0.03883991734451887,0.27972703367594953,0.11805119568806181
Test_96,0.3077026753760048,0.04551513276084414,0.410795843858587,0.23598634800456447
Test_97,0.42761277563825045,0.041331393696987885,0.29938524345121414,0.23167058721354736
Test_98,0.3351756813478314,0.060330512521356953,0.4262325462377661,0.17826125989304586
Test_99,0.15245060474089495,0.04496674280607447,0.41663405045295804,0.38594860200007247
Test_100,0.243154656419786,0.15262708258888755,0.35513839965647964,0.24907986133484672
Test_101,0.48999432849793273,0.029619424124150976,0.2062087590835194,0.2741774882943971
Test_102,0.32960683085740716,0.07902804480556598,0.13727865620294064,0.4540864681340861
Test_103,0.4760520720105665,0.04433121357393995,0.3950999215559691,0.08451679285952458
Test_104,0.15142425344990937,0.04666894500380761,0.1472631426272153,0.6546436589190682
Test_105,0.16998436889706503,0.020602654010946388,0.20683184680551994,0.6025811302864685
Test_106,0.42732453728542275,0.062798434868011,0.37137828218154095,0.13849874566502549
Test_107,0.2646858373454115,0.02967708418075935,0.1295877787639859,0.5760492997098435
Test_108,0.18788515214988558,0.05272713593773219,0.2630254776739992,0.49636223423838277
Test_109,0.27155960208403185,0.03527689275870656,0.4740584275290758,0.2191050776281857
Test_110,0.473522117511465,0.040812239465817,0.1972104771620638,0.288455165860654
Test_111,0.5176918584367448,0.07941877192878649,0.1389957046545194,0.26389366497994915
Test_112,0.042155265483862836,0.054849328468668745,0.19042785896571066,0.7125675470817576
Test_113,0.11931070068072736,0.034076194728904885,0.10934103732988434,0.7372720672604832
Test_114,0.4544632893019815,0.027677862418436276,0.11671807036208473,0.40114077791749775
Test_115,0.2704187480115444,0.05932124746602211,0.485484275139004,0.18477572938342934
Test_116,0.21330805641481174,0.03037895132344229,0.5621776623621968,0.19413532989954907
Test_117,0.09100465408398983,0.07484055418209072,0.5752599862013208,0.2588948055325987
Test_118,0.438370286269127,0.07994589791727612,0.3348093316561861,0.1468744841574109
Test_119,0.5101904727169576,0.02860663027046212,0.1731981089379454,0.28800478807463487
Test_120,0.23389972872209822,0.030694199836514478,0.3872395219184061,0.3481665495229811
Test_121,0.5287118872875017,0.03360516227662616,0.2534998382614276,0.18418311217444444
Test_122,0.1278702917538968,0.04213906497650672,0.35939767877345535,0.47059296449614135
Test_123,0.07537696109053049,0.10788504007612738,0.5078371637008314,0.3089008351325108
Test_124,0.23257767557259332,0.02070246432672034,0.302468170453816,0.4442516896468701
Test_125,0.19008721735824813,0.023011153634112828,0.6062783822902913,0.18062324671734786
Test_126,0.32787694728672173,0.03497519602036312,0.49975594047764865,0.13739191621526656
Test_127,0.3705454083022574,0.02504997890579155,0.15009926242414762,0.45430535036780323
Test_128,0.21418771825683644,0.05459048951264645,0.38894173612509075,0.3422800561054264
Test_129,0.16897001514813492,0.08987930632909034,0.5014573299652334,0.2396933485575416
Test_130,0.2823747587878506,0.03152174250682996,0.24181948467105938,0.4442840140342603
Test_131,0.32595628682043165,0.048736823991674616,0.26267866757290664,0.36262822161498726
Test_132,0.3185543590442679,0.04426308554520579,0.5808840591730372,0.056298496237489136
Test_133,0.12250097176250034,0.10518569584548444,0.33765593132133737,0.43465740107067774
Test_134,0.3923517883544471,0.04856856749571706,0.23916659858255293,0.31991304556728256
Test_135,0.08031678321201335,0.07695790093997956,0.33686812991940795,0.5058571859285989
Test_136,0.10017396965386813,0.06592024852106516,0.35205398553463774,0.4818517962904289
Test_137,0.05738859063436758,0.048271307304166115,0.7428989161272732,0.151441185934193
Test_138,0.2749184779690239,0.04889263130362716,0.3504592306945656,0.3257296600327836
Test_139,0.5522524106356559,0.037470092445823014,0.2052315736860142,0.20504592323250737
Test_140,0.1721999800341376,0.03749157126728265,0.1361443171619402,0.6541641315366399
Test_141,0.21328519326600653,0.04565993452663574,0.4648787386570229,0.27617613355033477
Test_142,0.24548250422598403,0.0405621679166076,0.36362359966414115,0.3503317281932668
Test_143,0.2097858450656562,0.11031529329174375,0.24135688597912916,0.4385419756634711
Test_144,0.7069622024971923,0.0365847766612172,0.14575336091007365,0.11069965993151672
Test_145,0.16031100052359448,0.10716999871242791,0.2949598037983162,0.43755919696566153
Test_146,0.23633054621671076,0.035501315708477144,0.22728604212086867,0.5008820959539434
Test_147,0.10379631979668599,0.09745111328947391,0.3741757665738513,0.4245768003399886
Test_148,0.35099340827329834,0.03310670832562989,0.09521378624639874,0.5206860971546726
Test_149,0.36629926423220677,0.05930910732906565,0.35927533114721877,0.21511629729150872
Test_150,0.3970403267530902,0.03630491688871377,0.28259951262135213,0.2840552437368438
Test_151,0.2903494797176923,0.05282526950391419,0.246146681425978,0.41067856935241526
Test_152,0.07484895982679562,0.20544690354739714,0.43412450608321557,0.28557963054259117
Test_153,0.22411672626173176,0.06388583925589937,0.2398506193713481,0.4721468151110204
Test_154,0.22994152765740908,0.05648194501189722,0.2528687658116456,0.46070776151904813
Test_155,0.40099797876034887,0.022992038886441052,0.30481112377481345,0.2711988585783963
Test_156,0.223818645653653,0.10788121730163802,0.3655320948592709,0.3027680421854382
Test_157,0.47557041894325786,0.04312672269995963,0.3582583903049183,0.12304446805186439
Test_158,0.03568704087718894,0.03211242446493906,0.1008970972958746,0.8313034373619976
Test_159,0.16962647666710545,0.12929106405754254,0.3075414312544458,0.39354102802090646
Test_160,0.4426930637080308,0.042914422647277226,0.22312037515806415,0.2912721384866277
Test_161,0.5551579121987219,0.03414930276774491,0.17924672625878083,0.23144605877475236
Test_162,0.2935760282097769,0.020321353685310545,0.518217265128832,0.16788535297608037
Test_163,0.34915956985616947,0.0737144259707593,0.1411538975756583,0.435972106597413
Test_164,0.4483001880242068,0.028394881936931866,0.1735789894865924,0.34972594055226897
Test_165,0.12734564970981466,0.086007968291543,0.48991088476074746,0.29673549723789494
Test_166,0.38633824369378683,0.104650231724327,0.3990631124835803,0.10994841209830548
Test_167,0.1470530881073045,0.051737631523824726,0.12436977587232485,0.6768395044965458
Test_168,0.22582364165001753,0.0653579143808224,0.26738639501730715,0.441432048951853
Test_169,0.5614704318391986,0.03606638002267011,0.20487858575909157,0.1975846023790395
Test_170,0.1665494516695424,0.06192898836652023,0.20560903207540185,0.5659125278885359
Test_171,0.2780214255852084,0.028533421720953373,0.24827825272852866,0.44516689996530945
Test_172,0.2690391245445372,0.07039400295965915,0.46378421913062695,0.19678265336517675
Test_173,0.286608998486657,0.03878800246145606,0.5961697153105638,0.07843328374132333
Test_174,0.27484875475114595,0.060021359948565625,0.1432462201668103,0.5218836651334784
Test_175,0.35059917951631825,0.0343202255742158,0.26511146236301264,0.3499691325464536
Test_176,0.05766537253747697,0.10516490797159934,0.7183354267548453,0.11883429273607804
Test_177,0.16454489891309795,0.036836215596390186,0.08933802886230155,0.7092808566282102
Test_178,0.08418754140360755,0.046254763930504685,0.24930462047477678,0.620253074191111
Test_179,0.07687582334828105,0.06970222218851713,0.350982138663249,0.5024398157999528
Test_180,0.07376870427193792,0.06161222701614763,0.21340293567915797,0.6512161330327566
Test_181,0.23400664135633184,0.0607168999650824,0.1456331586593141,0.5596433000192713
Test_182,0.23030117485551968,0.04402146836229902,0.15584394567743376,0.569833411104748
Test_183,0.5366786786844002,0.05661962143675955,0.23493237529614014,0.17176932458269997
Test_184,0.39444623040132026,0.04172949408695036,0.46464192760221174,0.09918234790951784
Test_185,0.289830061232921,0.057807363806389435,0.2974505642980532,0.3549120106626361
Test_186,0.18271176512536982,0.08405962815782284,0.2306058108939423,0.5026227958228647
Test_187,0.12914597412911122,0.05397089685170494,0.43791794797900824,0.3789651810401755
Test_188,0.2538506413904491,0.03506776125460567,0.5536837186674742,0.15739787868747104
Test_189,0.3953126085741838,0.04840337329864121,0.3559367260737882,0.2003472920533869
Test_190,0.40067368194087727,0.07624049458964553,0.17119467803084384,0.35189114543863365
Test_191,0.11010715772446653,0.03737141861725847,0.41718672774180204,0.4353346959164728
Test_192,0.1140870045246666,0.07186589675598523,0.3726345329349146,0.4414125657844336
Test_193,0.23154856796188925,0.03078691818155239,0.551747476565652,0.18591703729090614
Test_194,0.1791221149818094,0.09590653339010502,0.21087698187560394,0.5140943697524818
Test_195,0.48126686015425796,0.06212652399198862,0.4070623378224541,0.049544278031299196
Test_196,0.4301535596407858,0.07448167606424026,0.17359786539654518,0.32176689889842863
Test_197,0.3996169408528241,0.027529390915469007,0.4967491376787096,0.07610453055299726
Test_198,0.2453423168898669,0.04086989858162967,0.11044578319325547,0.603342001335248
Test_199,0.12648986892639327,0.15640616220375925,0.42082997027134017,0.2962739985985074
Test_200,0.34463816994831903,0.03275452857044469,0.15170115465747627,0.4709061468237598
Test_201,0.1773652500971769,0.05412693384052242,0.3886404148003403,0.3798674012619601
Test_202,0.3972546387958757,0.05803795695281217,0.4164673924626289,0.1282400117886833
Test_203,0.08570018155754311,0.03093166607317115,0.34949853641975265,0.5338696159495333
Test_204,0.09402455560623893,0.19065184289160084,0.25671377107743354,0.45860983042472664
Test_205,0.04040599852599107,0.06715051736833186,0.08727676330400141,0.8051667208016757
Test_206,0.17823256303075843,0.03598859496065352,0.23401142288718974,0.5517674191213982
Test_207,0.20792226803297778,0.030571014342362292,0.5757627291595663,0.18574398846509346
Test_208,0.34480158534523325,0.04612944973634427,0.266983568273497,0.3420853966449256
Test_209,0.20594979711639616,0.0954659487373744,0.4400308271510863,0.2585534269951431
Test_210,0.18569559010308065,0.08638147669075241,0.5163815938210902,0.21154133938507672
Test_211,0.4058350558568513,0.027043740482050823,0.37488818585527134,0.19223301780582644
Test_212,0.14100900621444157,0.07268571205208187,0.5846991702198368,0.20160611151363966
Test_213,0.11069987569770225,0.04901136432503347,0.3263235366567582,0.5139652233205063
Test_214,0.12118324321623068,0.1251503242142279,0.5141559759087374,0.23951045666080387
Test_215,0.35452249798690283,0.022659056366155755,0.34072812426940685,0.28209032137753437
Test_216,0.33077361733736876,0.038844848140626026,0.37894527046508053,0.25143626405692454
Test_217,0.07175888867547273,0.10259760800014228,0.2848001855152611,0.540843317809124
Test_218,0.6438218386377595,0.024700771718541882,0.2409894778902959,0.09048791175340266
Test_219,0.29345121511684824,0.0645426430848545,0.5145521335756852,0.12745400822261213
Test_220,0.26484298311242194,0.08881486526024157,0.12896488008259632,0.5173772715447404
Test_221,0.23109879667629907,0.06303656191730649,0.34317254467399716,0.3626920967323973
Test_222,0.11147571550619381,0.05592507927257387,0.32571128077795153,0.5068879244432803
Test_223,0.11582094753559882,0.0897560427953027,0.08494192168482402,0.7094810879842744
Test_224,0.7021218909408408,0.023671020590432475,0.1526328670124839,0.1215742214562431
Test_225,0.34809280983863533,0.029926041274158544,0.1582169826508841,0.463764166236322
Test_226,0.18263915186385787,0.06387103471691226,0.33099797269922704,0.42249184072000273
Test_227,0.2668739719087568,0.05047912560434658,0.24832435296475483,0.4343225495221418
Test_228,0.5012942988575769,0.04299138871767339,0.34473599821301776,0.1109783142117319
Test_229,0.2026696367346328,0.06877419239905187,0.5360781432610493,0.19247802760526583
Test_230,0.41844459522542743,0.030089274556248238,0.22553171399433963,0.3259344162239849
Test_231,0.20420392277046903,0.05586202827249235,0.27701235837943966,0.46292169057759924
Test_232,0.24672853193036173,0.03777301059380625,0.4247803015457205,0.2907181559301115
Test_233,0.21935471213893154,0.03704339045110467,0.5186982805881961,0.22490361682176777
Test_234,0.306599885135511,0.04593419462258939,0.23409895407136858,0.41336696617053137
Test_235,0.2335257459539134,0.058789567629055565,0.31126472763636776,0.3964199587806632
Test_236,0.22510883459180828,0.03814395036273483,0.6011247226233761,0.1356224924220808
Test_237,0.14242779009535705,0.09324741781102806,0.2772551264879766,0.48706966560563847
Test_238,0.24935661603625342,0.08178759364123528,0.39672987420865585,0.27212591611385534
Test_239,0.2396737765663203,0.033858328909658765,0.14402588829970664,0.5824420062243145
Test_240,0.26215827334740904,0.04127142310192164,0.31268940072415125,0.383880902826518
Test_241,0.08264761531394368,0.06253403304078257,0.29937074175866546,0.5554476098866084
Test_242,0.13792192054965416,0.07223506186349482,0.2561534005302765,0.5336896170565744
Test_243,0.5006873304298035,0.07061312269554151,0.2964280336561041,0.13227151321855074
Test_244,0.25128994806666943,0.0496553935481874,0.19515270199388657,0.5039019563912569
Test_245,0.2463530358321601,0.07249917545504159,0.23142070763007783,0.4497270810827204
Test_246,0.040113369618699886,0.15171301208997678,0.34166675904945476,0.46650685924186863
Test_247,0.1523280434894986,0.04783734552078182,0.5880393662681646,0.21179524472155514
Test_248,0.1258398221056631,0.05030509737265901,0.5962271926822554,0.22762788783942245
Test_249,0.19612029178365994,0.02895892866858304,0.4641980259652125,0.3107227535825442
Test_250,0.4331843910929766,0.025020777520652016,0.3725907649816434,0.1692040664047279
Test_251,0.44405083323067146,0.03929364291923463,0.308561805032806,0.20809371881728805
Test_252,0.17766679023668186,0.05456640088497065,0.4153040722236952,0.3524627366546521
Test_253,0.21370786461849448,0.05140416880495416,0.21274055449309298,0.522147412083458
Test_254,0.29469858181878816,0.01604521512928177,0.6193982435933478,0.06985795945858207
Test_255,0.275340920882943,0.039123697913616244,0.360438934915671,0.3250964462877698
Test_256,0.15529920145334117,0.02891143466937531,0.18700205241618653,0.6287873114610971
Test_257,0.1754039085229379,0.03558386923842089,0.7456355469769966,0.043376675261644404
Test_258,0.11559112905125703,0.053599978426074564,0.41123553453142536,0.4195733579912431
Test_259,0.6308322631587346,0.06739723888404639,0.2221004996862182,0.07966999827100095
Test_260,0.20531259271821525,0.04241592601915645,0.5415892941861047,0.21068218707652353
Test_261,0.10207784956910027,0.032628624919249324,0.6972702156441384,0.16802330986751204
Test_262,0.24260615758374385,0.036334739238489136,0.21665808857439856,0.5044010146033684
Test_263,0.2026064356971636,0.07882719871569116,0.37740176331040215,0.34116460227674333
Test_264,0.39359254369819974,0.02971724338466207,0.33686124515554944,0.23982896776158869
Test_265,0.1686605962945989,0.07051964064525572,0.32657394224867164,0.4342458208114737
Test_266,0.05622790231221401,0.03329953695035508,0.07416065574920196,0.8363119049882287
Test_267,0.44063477710561494,0.038657879731701504,0.32035269128656063,0.20035465187612292
Test_268,0.05780045358135124,0.10924049152665585,0.49330527139847763,0.33965378349351527
Test_269,0.3839533801480317,0.058881044736551466,0.2344524093553012,0.32271316576011544
Test_270,0.1590702223384914,0.09546707679540299,0.21614059492132243,0.5293221059447833
Test_271,0.30578930721880615,0.04239020200662783,0.30793239085947227,0.3438880999150937
Test_272,0.20787948293565767,0.03782859629445248,0.17735876118634736,0.5769331595835423
Test_273,0.3701964010799115,0.06322403692535304,0.2716685732139229,0.2949109887808127
Test_274,0.1382825544105227,0.06542848896839937,0.2634522046529789,0.5328367519680991
Test_275,0.1891462360124264,0.07135560101816446,0.19461291282159932,0.5448852501478099
Test_276,0.17879896198215423,0.027032351999541175,0.10684919337992599,0.6873194926383785
Test_277,0.1709530275885178,0.05219137760239192,0.1250052159075265,0.6518503789015639
Test_278,0.15797279189664842,0.05274589205229788,0.26840015801072753,0.5208811580403262
Test_279,0.4447976541420168,0.06234554926271154,0.43702573232724184,0.055831064268029994
Test_280,0.11771924358556467,0.08056513875887361,0.5668466491176904,0.2348689685378712
Test_281,0.10567900593420569,0.05770199816167425,0.17278170535390122,0.6638372905502188
Test_282,0.2061294619850645,0.1373553825668025,0.2598535553820171,0.3966616000661158
Test_283,0.13195628918521293,0.0593076492199208,0.12839633309789217,0.6803397284969744
Test_284,0.4675384593041983,0.029627668807061677,0.16422494838385082,0.33860892350488914
Test_285,0.5815040998305655,0.04155445335653146,0.19399021441600064,0.18295123239690209
Test_286,0.4314224904607939,0.06201698514495703,0.39166426128641485,0.114896263107834
Test_287,0.251775450371017,0.05612054278388322,0.43310722406886204,0.2589967827762377
Test_288,0.13954275573038388,0.03284315203796348,0.27459235256859793,0.5530217396630549
Test_289,0.1664124738375885,0.03819998182725515,0.45715302662257423,0.3382345177125823
Test_290,0.4383123278706629,0.040494081656699266,0.30738878470177433,0.21380480577086353
Test_291,0.10519105668802951,0.1534163660739334,0.3091750345231033,0.43221754271493373
Test_292,0.46981086298573715,0.037005277715686874,0.3836040837460335,0.10957977555254246
Test_293,0.37990916921501994,0.0392030709330951,0.3273821846740902,0.253505575177795
Test_294,0.33287773418663624,0.047687501992817904,0.4411634142689825,0.178271349551563
Test_295,0.26406857757822905,0.04593009146629041,0.37025080883208217,0.31975052212339816
Test_296,0.06583790937558165,0.0538672380886241,0.6655785223522557,0.21471633018353853
Test_297,0.12218932029124062,0.05499317816258919,0.17852383681351525,0.6442936647326548
Test_298,0.28085746456940686,0.05276902221539287,0.21271674115395764,0.4536567720612431
Test_299,0.08756299353004228,0.05594485949401379,0.12163950559601251,0.7348526413799313
Test_300,0.5186906213482124,0.06255002684289758,0.30769715550889687,0.1110621962999932
Test_301,0.15666058864505156,0.05282059755073472,0.11115476557793094,0.6793640482262832
Test_302,0.24788212050379596,0.06278122269627412,0.13891886981013932,0.5504177869897907
Test_303,0.5324249711692219,0.03705979145766632,0.13628533828256095,0.2942298990905507
Test_304,0.16786814122796948,0.09664600372086614,0.1861501616485781,0.5493356934025864
Test_305,0.2363156821589377,0.04546427953209461,0.5061097205674646,0.2121103177415032
Test_306,0.3277240975410612,0.03608735705385757,0.42393265260972207,0.2122558927953593
Test_307,0.4732362804556978,0.027112911432695036,0.2696847571412529,0.22996605097035455
Test_308,0.4873478582535265,0.028349527221161408,0.3373792002179884,0.14692341430732356
Test_309,0.13639661474330692,0.1271877917546351,0.17346589541361024,0.5629496980884477
Test_310,0.2581177977374911,0.04385590207514316,0.19895845585559385,0.4990678443317719
Test_311,0.2055015124250183,0.09196597633647283,0.25165324998542876,0.45087926125308025
Test_312,0.06467279889276299,0.08918772523218597,0.14811642519136003,0.6980230506836911
Test_313,0.13699853164098102,0.0457259185455785,0.3171334506337127,0.5001420991797279
Test_314,0.3027911839333794,0.025537815967083814,0.48237012294522796,0.18930087715430896
Test_315,0.1605712513658767,0.03371167809455445,0.33024493334218463,0.4754721371973844
Test_316,0.2101817470705431,0.06424939631473693,0.20026812846527217,0.5253007281494477
Test_317,0.265160602188839,0.04483489472526601,0.19766011628202068,0.49234438680387427
Test_318,0.16311807837048414,0.03306029212385726,0.3396131871889189,0.4642084423167395
Test_319,0.203952287794479,0.07236488070948631,0.44311492925561113,0.2805679022404235
Test_320,0.2802348416426641,0.03868487702767616,0.43197136396543484,0.24910891736422514
Test_321,0.08952999440869472,0.06058118366219867,0.767379808250689,0.08250901367841783
Test_322,0.2585026419294233,0.07669474894817108,0.26903933116526496,0.39576327795714034
Test_323,0.15564702584439588,0.046299888998554944,0.2925722017563647,0.5054808834006844
Test_324,0.370114667489153,0.08736369992074301,0.17093595016244342,0.37158568242766016
Test_325,0.20607425948584016,0.07303553061729122,0.2125735055416389,0.5083167043552296
Test_326,0.3222052636835182,0.042158897613639224,0.18282774583084588,0.4528080928719968
Test_327,0.4674545082772645,0.046362868244600806,0.20837170471357036,0.27781091876456443
Test_328,0.03752168408896291,0.14343893023592094,0.2655107120533341,0.5535286736217819
Test_329,0.4012566398488488,0.03546926714654605,0.41825642825126724,0.14501766475333766
Test_330,0.16832856693009068,0.04732205308191886,0.41313849033751343,0.37121088965047716
Test_331,0.08777506036852241,0.060790519308494016,0.1726922793949773,0.6787421409280064
Test_332,0.718556050256186,0.02392012520017886,0.1483016750442092,0.10922214949942605
Test_333,0.26630682157224134,0.06662379055857415,0.40769075638804486,0.2593786314811398
Test_334,0.32049603041289876,0.055179284680520746,0.517429220533679,0.10689546437290151
Test_335,0.21446846572508713,0.037035504869377914,0.4110451863069336,0.33745084309860157
Test_336,0.2842905892859733,0.08096004651461376,0.501469359781977,0.1332800044174362
Test_337,0.4209716134401038,0.042240990824458265,0.36785853865790763,0.1689288570775305
Test_338,0.5465726764838927,0.02664959899556962,0.1521896161477978,0.2745881083727402
Test_339,0.20589294516159237,0.09850341540792426,0.3180226131995993,0.3775810262308836
Test_340,0.3738176240734344,0.061051397405668104,0.5223528518605974,0.0427781266603002
Test_341,0.5014149178805807,0.057904688656372105,0.26085104460652353,0.1798293488565237
Test_342,0.3451932044994993,0.05196032548433059,0.24954208826147725,0.3533043817546928
Test_343,0.5447267150168618,0.04026689702725666,0.21288598120770857,0.2021204067481729
Test_344,0.4060105672612418,0.06017386509729583,0.21317793729267515,0.3206376303487871
Test_345,0.2185930106436626,0.06396919166527851,0.3715850268951995,0.34585277079585963
Test_346,0.23725758537294814,0.09986277848690972,0.4517836934811848,0.21109594265895754
Test_347,0.14878979001942297,0.09156733988769332,0.4658435829550135,0.29379928713786996
Test_348,0.3234593263192714,0.04926692055935762,0.37940090974473506,0.24787284337663573
Test_349,0.26341188443689784,0.03505012495616725,0.16503608492480804,0.5365019056821269
Test_350,0.27086765066024243,0.06811585450501235,0.40749076312950977,0.2535257317052356
Test_351,0.42998089428335673,0.03358135547039684,0.4108581981904841,0.12557955205576213
Test_352,0.07329687529560858,0.06356929207860203,0.4347321274425726,0.42840170518321663
Test_353,0.05490759925577335,0.06645715006829565,0.10221318170394926,0.7764220689719815
Test_354,0.13193081308760873,0.07720064352884091,0.3159201034383063,0.474948439945244
Test_355,0.11639493576189959,0.04719621416987307,0.3433270221458092,0.4930818279224184
Test_356,0.336413162714328,0.024866130868673127,0.21627092125132438,0.4224497851656745
Test_357,0.5876591544364551,0.034414861368949015,0.17597850961836242,0.20194747457623366
Test_358,0.18157992121418323,0.09356313401228362,0.41579148689481976,0.3090654578787132
Test_359,0.07563112087369554,0.053133623440299406,0.17166648850748104,0.6995687671785241
Test_360,0.31074760658946643,0.056758876715985875,0.2883101776148338,0.344183339079714
Test_361,0.6253084921185897,0.028988521977052265,0.13495571386909525,0.21074727203526272
Test_362,0.11094044277405557,0.04159943234980374,0.15387773714519687,0.6935823877309434
Test_363,0.19855864398806725,0.042360509921202806,0.20237171226315986,0.5567091338275703
Test_364,0.3500798759149684,0.04454282512427641,0.44298700641990996,0.1623902925408452
Test_365,0.30802374795831633,0.034802162074300445,0.5132197479061854,0.1439543420611978
Test_366,0.290617887121362,0.025025235117031034,0.4258175405558646,0.2585393372057424
Test_367,0.26120817263306617,0.06175713688860523,0.5653860783123794,0.11164861216594876
Test_368,0.23610278986905783,0.04689643794913722,0.5790465153367569,0.1379542568450479
Test_369,0.10931002831829366,0.07185044262989947,0.13291735375459812,0.6859221752972088
Test_370,0.11423139663445776,0.059556035385052296,0.2883583841419816,0.5378541838385084
Test_371,0.3134140804341107,0.043339382653498355,0.4015672869190327,0.24167924999335844
Test_372,0.4571446550370213,0.04663500187238984,0.2548048193527319,0.24141552373785674
Test_373,0.10416947468443706,0.03734827656658936,0.371733528777919,0.4867487199710544
Test_374,0.13715829078648772,0.031598100722549545,0.5975698559168244,0.23367375257413817
Test_375,0.09329957362814555,0.034255297594012885,0.22088257560599514,0.6515625531718466
Test_376,0.17369944703124518,0.05028721039501611,0.5818726857902891,0.19414065678344966
Test_377,0.4255697997051327,0.02795426934940358,0.4430392537649373,0.10343667718052661
Test_378,0.3536673850029677,0.049517595684989334,0.37628406817639176,0.22053095113565108
Test_379,0.05801606682006451,0.057920410253404005,0.18754841902755665,0.6965151038989752
Test_380,0.2880708459241269,0.05187502426459235,0.5399430298060395,0.12011110000524133
Test_381,0.18556921737240284,0.0878664099473444,0.2089273589102459,0.5176370137700069
Test_382,0.4067566048542558,0.04737277042946072,0.16731921684503176,0.37855140787125124
Test_383,0.25227801710064096,0.064975646234658,0.1696600993078862,0.5130862373568147
Test_384,0.18911472562487264,0.028257860272120246,0.31816470051540857,0.46446271358759855
Test_385,0.24446846291102997,0.06079507067008847,0.34704877926351885,0.34768768715536263
Test_386,0.11505104036104039,0.0655476133198422,0.4747805329683345,0.34462081335078315
Test_387,0.36167749890675216,0.09029608286047117,0.19343875767429208,0.35458766055848484
Test_388,0.3188786280256825,0.05715666843548785,0.10706093607389122,0.5169037674649383
Test_389,0.5723784283780359,0.04471426196731735,0.2523582559063343,0.13054905374831233
Test_390,0.26130443234402645,0.07125919493973154,0.5549525072033771,0.1124838655128652
Test_391,0.12971558612948703,0.09591675012483049,0.3971776994393973,0.3771899643062856
Test_392,0.24920653128645393,0.01926001343433269,0.5804809964253292,0.15105245885388405
Test_393,0.144505311440784,0.02827795528876202,0.15038962081884472,0.6768271124516095
Test_394,0.5600358206581283,0.031801880047335467,0.12974596733666038,0.2784163319578757
Test_395,0.2278069064530246,0.08590189431493285,0.4630428476478187,0.22324835158422396
Test_396,0.312279778725774,0.02432009816740922,0.19797729768086805,0.4654228254259487
Test_397,0.19540618247980202,0.06780121151776038,0.09005999591062407,0.6467326100918132
Test_398,0.08158460775070256,0.03215389781800769,0.5503687240773558,0.3358927703539338
Test_399,0.19581794501233274,0.06613848802403745,0.3519672623326985,0.38607630463093123
Test_400,0.5669890381306094,0.02089880636536203,0.3384612865538485,0.07365086895018
Test_401,0.10283360865241897,0.07389388218163527,0.4940693610022333,0.329203148163712
Test_402,0.1341636577293344,0.058430735976677604,0.26948273635138814,0.5379228699425996
Test_403,0.2938809445187986,0.054639554282477826,0.3285943144593021,0.32288518673942135
Test_404,0.25444803042743536,0.04707226477117897,0.542481236206458,0.15599846859492755
Test_405,0.1340514651126261,0.08504350149450111,0.19863111519135276,0.5822739182015205
Test_406,0.13872267029073856,0.03050334429156215,0.13670102768996778,0.6940729577277317
Test_407,0.05275921435810607,0.027133280852426604,0.14467257804168657,0.7754349267477808
Test_408,0.2161462226010002,0.08083204710681648,0.365938990272861,0.3370827400193222
Test_409,0.506218630896265,0.032837628617562724,0.1867992278160789,0.27414451267009327
Test_410,0.09228044599854171,0.03919331320058227,0.0946124225398335,0.7739138182610422
Test_411,0.5083366971532851,0.03352513939431363,0.28954745793900344,0.16859070551339772
Test_412,0.21102844421493144,0.050368210158091224,0.21476938287509895,0.5238339627518784
Test_413,0.15877949988943446,0.061560926799088055,0.13374374309301887,0.6459158302184587
Test_414,0.12563680831886537,0.029795525292301863,0.10758750678389252,0.7369801596049402
Test_415,0.27444455268222356,0.04117679800364658,0.14229182914293034,0.5420868201711995
Test_416,0.2119140286155038,0.0474406196203718,0.42305059902854786,0.31759475273557664
Test_417,0.3314222438471505,0.055843113239928584,0.3501843073088708,0.26255033560404994
Test_418,0.24143960615813323,0.04765487596840612,0.6554331538021666,0.05547236407129399
Test_419,0.3698214561472628,0.04333854133701232,0.47589003266340457,0.11094996985232027
Test_420,0.2927528292559396,0.043948508969455624,0.21004710241981314,0.45325155935479144
Test_421,0.45739300412960887,0.06155596248810346,0.11449638963259814,0.3665546437496892
Test_422,0.2552800903000814,0.07811259939539067,0.26453093076800416,0.4020763795365237
Test_423,0.10228337783162124,0.09528055293425854,0.27840061126881477,0.5240354579653053
Test_424,0.14000334421186347,0.10454382067717471,0.5977250296672497,0.1577278054437124
Test_425,0.2289403092477951,0.034735826484576994,0.27337591051246096,0.46294795375516684
Test_426,0.521674905673004,0.029611383285065095,0.21546380046986024,0.23324991057207098
Test_427,0.14302017109315637,0.03128414651398778,0.3715349619174936,0.45416072047536254
Test_428,0.43825941675505137,0.06558972791307847,0.159358700439098,0.3367921548927721
Test_429,0.07449180598200225,0.08981668079800355,0.3836143385341743,0.4520771746858199
Test_430,0.30943005991296546,0.06654600316676804,0.4191186264086988,0.2049053105115678
Test_431,0.27152131665721424,0.05733804931475039,0.2915983693953321,0.37954226463270346
Test_432,0.31446862487837807,0.05285818864882711,0.1452892499146392,0.48738393655815576
Test_433,0.09325157271374197,0.0549603111634901,0.13149494999593406,0.7202931661268338
Test_434,0.10130763236953622,0.05271333553049279,0.4044534475462847,0.44152558455368623
Test_435,0.12208248681731325,0.11482116644898593,0.21181185616968998,0.551284490564011
Test_436,0.5000203228366233,0.055554312975018796,0.3703279869570108,0.07409737723134734
Test_437,0.23289625637416236,0.04655677091564189,0.5287507409187524,0.19179623179144362
Test_438,0.14622166026257408,0.035873980282411094,0.20774740554966725,0.6101569539053475
Test_439,0.32389399445361744,0.04615401768277395,0.5851747888034129,0.04477719906019568
Test_440,0.17206193447155155,0.04229878465494801,0.5078901250902416,0.27774915578325904
Test_441,0.35111747114524905,0.053986717112738815,0.33310108378085757,0.26179472796115444
Test_442,0.13121938460519628,0.02194896167607446,0.4411212114036475,0.40571044231508147
Test_443,0.15721321750020403,0.05356527975679575,0.6012709711025962,0.1879505316404038
Test_444,0.4856049899336015,0.05075026575343612,0.23860425738996935,0.22504048692299322
Test_445,0.08425947867673171,0.11022936539394576,0.38635097448621275,0.4191601814431095
Test_446,0.2957228724768326,0.04314394009617142,0.5256660964248305,0.1354670910021653
Test_447,0.34243639114580393,0.04397456778350774,0.4671108634540044,0.1464781776166838
Test_448,0.2894886420074316,0.09542020877471252,0.18454296045986765,0.4305481887579882
Test_449,0.15231953483308183,0.07030174509616728,0.6159513202131027,0.161427399857648
Test_450,0.27594781238244687,0.031195009625219206,0.21586266965982032,0.4769945083325136
Test_451,0.22433126058197603,0.05445933283688234,0.4118532604909836,0.3093561460901577
Test_452,0.3639187113105563,0.05252087194880125,0.1999819667516529,0.3835784499889894
Test_453,0.1315224263816303,0.032447011663667306,0.24355024551956148,0.5924803164351409
Test_454,0.12182287234259692,0.078421055850382,0.6092325394935539,0.190523532313467
Test_455,0.09193534550992638,0.09216736288264013,0.23348796335645516,0.5824093282509786
Test_456,0.17470853886206553,0.08036761530528799,0.2732614948908796,0.47166235094176684
