image_id,healthy,multiple_diseases,rust,scab
Test_0,0.14967782758781814,0.03657727668078709,0.7884480332321169,0.025296862499278372
Test_1,0.11173289924054634,0.051032424660104624,0.3603509453104379,0.47688373078891083
Test_2,0.09073943284381861,0.07498190385510119,0.1873914028496339,0.6468872604514461
Test_3,0.771213084401243,0.0006597287190678338,0.21618262970244476,0.011944557177244238
Test_4,0.028549471561057187,0.01348460682737564,0.9222374586983276,0.03572846291323944
Test_5,0.6799405885799812,0.002531746507149048,0.30014428773625224,0.01738337717661768
Test_6,0.13644086783876822,0.10849206130156709,0.2560846454152941,0.49898242544437044
Test_7,0.10392802878552644,0.06995961960779891,0.0922302201278191,0.7338821314788554
Test_8,0.0958205463160085,0.11050727787094676,0.22185737279245402,0.5718148030205905
Test_9,0.2544905448570536,0.46667770415601395,0.18135110673412816,0.09748064425280405
Test_10,0.21148776820084525,0.014406574220596768,0.39456245418780317,0.37954320339075487
Test_11,0.5456196898631089,0.004747640064458139,0.44254444661679454,0.007088223455638513
Test_12,0.08556391970021777,0.09912196054258858,0.18456655341583805,0.6307475663413555
Test_13,0.663018358296456,0.05036602727839232,0.27310670653926444,0.013508907885887315
Test_14,0.7356725314390323,0.03638338084261806,0.18277709962747007,0.04516698809087967
Test_15,0.27981389096508535,0.01351788192875444,0.640620817939103,0.06604740916705734
Test_16,0.03481465477001498,0.005013722815198206,0.10458582991741262,0.855585792497374
Test_17,0.0037383134864311216,0.032505480077175124,0.01910750766959015,0.9446486987668032
Test_18,0.05733914210346339,0.0934541676150417,0.4810207563649375,0.3681859339165572
Test_19,0.06931694236437856,0.07883899742023541,0.6898943034947906,0.16194975672059544
Test_20,0.4439697912802041,0.024034000329977684,0.12604203305087244,0.40595417533894607
Test_21,0.11984018728813195,0.008852281101957545,0.1171547269518507,0.75415280465806
Test_22,0.30864462557025285,0.10967081376214147,0.5454831572998581,0.03620140336774745
Test_23,0.1520482991302637,0.029074021038350103,0.02595430401137176,0.7929233758200145
Test_24,0.5427569724543557,0.08408916214188512,0.057146010060644646,0.31600785534311465
Test_25,0.341589827697652,0.019729406673339223,0.46501686350601934,0.17366390212298946
Test_26,0.1170662200631125,0.14398859215504478,0.16106968032442695,0.577875507457416
Test_27,0.20837235529200498,0.047532215290239765,0.6801828651950658,0.06391256422268977
Test_28,0.8686021025144504,0.023754764119227834,0.09245945144064396,0.015183681925677869
Test_29,0.1541095227843531,0.09359799643553267,0.6643264159691892,0.08796606481092507
Test_30,0.6881897314677904,0.013992889924564312,0.2456320095053524,0.052185369102293
Test_31,0.6766346499485175,0.0393027704774217,0.24314832240022397,0.04091425717383682
Test_32,0.13446561560321357,0.06089179097746635,0.15820945191934974,0.6464331414999706
Test_33,0.06140717715556265,0.05305127204873003,0.11616107983991114,0.769380470955796
Test_34,0.41031609347851744,0.015352839775400142,0.3325096105868527,0.24182145615922973
Test_35,0.011696881011419103,0.009608922983740434,0.05486461193623137,0.9238295840686093
Test_36,0.21755879513030643,0.068328768029717,0.6798457033593552,0.03426673348062147
Test_37,0.0201745763396681,0.036611838781094114,0.2715748944861999,0.6716386903930376
Test_38,0.37575526616897653,0.012844750409276483,0.38974530873410135,0.2216546746876456
Test_39,0.06136419815984345,0.07770208894262531,0.10674835694088822,0.7541853559566432
Test_40,0.1120698206500614,0.029670574468100324,0.7725586203872846,0.0857009844945538
Test_41,0.6056086744082083,0.124412554716519,0.23807152135077406,0.03190724952449845
Test_42,0.0579703027955711,0.1223480367070819,0.13322251036406424,0.6864591501332825
Test_43,0.2245224833399469,0.032355829165676905,0.5981588920975327,0.14496279539684334
Test_44,0.11841681146335128,0.09861945124821786,0.13262290587259346,0.6503408314158374
Test_45,0.07785853307659267,0.1269263931481254,0.6318475887721894,0.1633674850030925
Test_46,0.8777192546175534,0.0064712366974227975,0.06931853240408091,0.046490976280942745
Test_47,0.08783884773288335,0.06878194733000652,0.6111806035352678,0.23219860140184215
Test_48,0.10227657967253387,0.06425068566070759,0.6207993107044185,0.21267342396234032
Test_49,0.05414145773923436,0.009015339692704282,0.783954829961507,0.15288837260655444
Test_50,0.04395518052765613,0.02613975509049224,0.7220037693254743,0.20790129505637728
Test_51,0.3207119415483522,0.021497124000024376,0.5531892764527767,0.10460165799884677
Test_52,0.04668954358069037,0.010062505118251843,0.874713001984936,0.06853494931612149
Test_53,0.14686806525426885,0.006947871024241473,0.8262721999258188,0.019911863795670875
Test_54,0.30249333124706035,0.03959343272573475,0.5283167458070763,0.12959649022012854
Test_55,0.40689232074767784,0.03357908455502664,0.2027848046093775,0.3567437900879182
Test_56,0.2796936527031502,0.07901638517581282,0.3869371657086903,0.25435279641234665
Test_57,0.3266159719678781,0.06363405565940389,0.17156993043390248,0.43818004193881566
Test_58,0.04539880220754401,0.046949906748756126,0.07765613716819574,0.8299951538755043
Test_59,0.06274521720136887,0.11421421388641705,0.161471434814993,0.6615691340972213
Test_60,0.14634506744516432,0.018963190282087254,0.3852898838542174,0.4494018584185309
Test_61,0.2442912374003904,0.061318354371294306,0.5788011767905835,0.11558923143773167
Test_62,0.4121096316521455,0.02882313580643132,0.16771373113569185,0.39135350140573144
Test_63,0.40230153731614676,0.05866915543692973,0.37131855664092805,0.16771075060599536
Test_64,0.14275233156798653,0.04066182386772459,0.23881677626484132,0.5777690682994476
Test_65,0.7437463739843275,0.016813758295909045,0.11012166764266886,0.1293182000770943
Test_66,0.7437363132869926,0.009798754040358768,0.18095869896502906,0.06550623370761965
Test_67,0.4966083391824216,0.06018455075911199,0.37041919442339105,0.07278791563507543
Test_68,0.12965354508860874,0.03707715989489725,0.7117783961001928,0.12149089891630119
Test_69,0.21400758875956077,0.11643051423362495,0.25081579940149407,0.41874609760531994
Test_70,0.0905495152229034,0.04994452040327238,0.19037537699620416,0.6691305873776202
Test_71,0.17463410585781164,0.07619228082831639,0.6136385383020759,0.13553507501179599
Test_72,0.2416259581707408,0.062641670216647,0.4501289480669418,0.24560342354567036
Test_73,0.6416213261827348,0.024928013291960347,0.3122488064355884,0.021201854089716435
Test_74,0.2678606329981784,0.049962386478345104,0.3097957609306189,0.37238121959285764
Test_75,0.10998139892092212,0.10496926878701929,0.17204725291231293,0.6130020793797456
Test_76,0.07637631370057485,0.006526515719512562,0.038712888195873776,0.8783842823840389
Test_77,0.08116403804724048,0.07572371992537956,0.10291662990169789,0.7401956121256819
Test_78,0.03884881178781859,0.10191968891893338,0.3005159715271752,0.5587155277660729
Test_79,0.36856581155133383,0.028067954388528472,0.5898131399992291,0.013553094060908571
Test_80,0.21332285133717263,0.04615717050264589,0.5184660230687916,0.22205395509139
Test_81,0.17311752683984855,0.04101376129145603,0.6989228849341106,0.08694582693458457
Test_82,0.09788652103307813,0.06288903141047855,0.611406948949908,0.22781749860653555
Test_83,0.36802277680506945,0.041520837635756785,0.3554895597067788,0.23496682585239492
Test_84,0.06228954914875058,0.06331543322372335,0.25004616440168204,0.6243488532258442
Test_85,0.3462143950702681,0.07793334446263678,0.1419914330290789,0.43386082743801657
Test_86,0.3122837267709552,0.02618281297834286,0.4978836835408842,0.16364977670981767
Test_87,0.5043114663644321,0.11914739896010162,0.3106682496005389,0.06587288507492747
Test_88,0.033290732396384734,0.08437764669297729,0.06495903508351894,0.8173725858271192
Test_89,0.7206292865360211,0.015344485131894623,0.16247959589379185,0.1015466324382925
Test_90,0.28914377271238334,0.0064728258678927045,0.6585077439868897,0.045875657432834324
Test_91,0.42410215967213066,0.016034235442731883,0.13042622041875138,0.42943738446638596
Test_92,0.5293797687727995,0.004089581589171784,0.17529089083745555,0.2912397588005729
Test_93,0.48835735469558367,0.03268624180393822,0.32586273996736936,0.15309366353310863
Test_94,0.022541325873030857,0.02847524809114655,0.026887723930326096,0.9220957021054966
Test_95,0.16164410580980387,0.022028915371749187,0.7323664005575815,0.08396057826086518
Test_96,0.15984342909422045,0.022559760458457527,0.5308997006973624,0.28669710974995977
Test_97,0.5839353354499537,0.0024289923370277005,0.2935082827367769,0.12012738947624159
Test_98,0.2085171872434374,0.026385347345751084,0.2336679820982415,0.5314294833125704
Test_99,0.5403556615417213,0.050642068300761525,0.3472183917409824,0.06178387841653461
Test_100,0.019880464780442905,0.06862695898635603,0.12728007559856072,0.78421250063464
Test_101,0.18257359719245297,0.00958311794440333,0.6966779820706289,0.11116530279251477
Test_102,0.05828878266443159,0.02166881866061041,0.5152783386059532,0.40476406006900495
Test_103,0.7563615135139931,0.023868732788422567,0.1280545376651673,0.09171521603241693
Test_104,0.1537074391777815,0.07336485434017818,0.0619298098445167,0.7109978966375236
Test_105,0.21586133064268007,0.028367418422718574,0.21510010950514033,0.540671141429461
Test_106,0.3420193102145739,0.05187072955124699,0.21969059151672823,0.3864193687174511
Test_107,0.03741984826562907,0.03494088392183228,0.7541330123565136,0.17350625545602494
Test_108,0.06506096160576717,0.0616568021382413,0.09857802764966743,0.774704208606324
Test_109,0.20222708130696854,0.3168302659787474,0.39801068637031173,0.08293196634397224
Test_110,0.7911290808363803,0.025593013719268514,0.10067496113731353,0.0826029443070378
Test_111,0.23288226178745236,0.04809459036415952,0.3984029437199367,0.3206202041284515
Test_112,0.010912249938584034,0.0710406995815932,0.019208006046605525,0.8988390444332172
Test_113,0.40285762785596074,0.12858356078850794,0.08770073158759915,0.3808580797679322
Test_114,0.025607991338615948,0.03554398126998076,0.7345672300664934,0.20428079732490978
Test_115,0.13476533313069564,0.004443162652151904,0.6828904269374089,0.17790107727974355
Test_116,0.3340852951928689,0.01133863436190794,0.46115098399812,0.19342508644710332
Test_117,0.1692174518988061,0.0431462563286345,0.5561290483380645,0.23150724343449477
Test_118,0.1971465542211518,0.005566003284822981,0.7484332376287348,0.04885420486529031
Test_119,0.9865920291194744,0.0034547036398300296,0.007656783094005161,0.0022964841466903557
Test_120,0.1207589412941797,0.10127057730353331,0.5519167849673772,0.22605369643490944
Test_121,0.39921573984131353,0.18467500343683513,0.15903436915680627,0.2570748875650454
Test_122,0.3692106759063639,0.03395830326654182,0.44640910425281327,0.15042191657428097
Test_123,0.0544978256146263,0.16861705980010214,0.320843514852003,0.456041599733269
Test_124,0.1618236159523157,0.03851877629018914,0.2057774155051903,0.593880192252305
Test_125,0.6256978636759711,0.011138451728077038,0.3355398017851731,0.02762388281077841
Test_126,0.7437760769089167,0.02769111809401705,0.1642508174348893,0.06428198756217691
Test_127,0.4570470317536219,0.015528083860244221,0.12646089811551675,0.4009639862706171
Test_128,0.14121892207208397,0.042004003321189705,0.43300884306136667,0.3837682315453596
Test_129,0.4954096624512061,0.03125278561234772,0.3280963420844036,0.14524120985204275
Test_130,0.08147263537838716,0.04465696190318662,0.06027983859359809,0.813590564124828
Test_131,0.036825444413720404,0.04713485897945817,0.19534132981008992,0.7206983667967318
Test_132,0.7414014876144824,0.009225511167416926,0.2307805259788228,0.018592475239277945
Test_133,0.05141394124368307,0.23481358994985616,0.06980404011439151,0.6439684286920692
Test_134,0.11093829343962813,0.04450231646837861,0.04428119964322024,0.8002781904487729
Test_135,0.15614704563265744,0.060807102752951724,0.471975150437941,0.31107070117644975
Test_136,0.11291087356809384,0.019032772903712254,0.37515063851726355,0.49290571501093056
Test_137,0.07837783251507961,0.04522567735337457,0.8047943014335617,0.07160218869798454
Test_138,0.2533437747785658,0.017246134051788185,0.7060099625735988,0.023400128596047193
Test_139,0.8853118259446485,0.0012018239836067018,0.09674807898334244,0.016738271088402194
Test_140,0.06728316595617856,0.07372624954144075,0.3815838721038157,0.47740671239856514
Test_141,0.4747197689876955,0.019588756698249818,0.3637708039112371,0.14192067040281758
Test_142,0.46482764710477587,0.008416457160218327,0.018205266622943063,0.5085506291120627
Test_143,0.04908109482755276,0.05202995919328441,0.05602966351943412,0.8428592824597286
Test_144,0.7704730932083756,0.0116106088336697,0.16000314375860325,0.05791315419935142
Test_145,0.34906122373058374,0.10424263052630114,0.15426507296041533,0.3924310727826999
Test_146,0.4690407750325692,0.034662789544445516,0.40728107425075794,0.0890153611722276
Test_147,0.08303638305794467,0.011702506546276577,0.8126754615840661,0.09258564881171259
Test_148,0.6919107333188177,0.017720728254824805,0.2136664635332671,0.07670207489309026
Test_149,0.26081001287010747,0.022463359843144987,0.5336774092442084,0.18304921804253899
Test_150,0.17078149203866885,0.04831893498405331,0.2578129835018301,0.5230865894754476
Test_151,0.3430379577899707,0.014548717429530355,0.596811992453064,0.045601332327434844
Test_152,0.04098641900229762,0.25268019477079956,0.06210828846194638,0.6442250977649566
Test_153,0.1369016740498591,0.060574206330308286,0.3696930037186374,0.43283111590119533
Test_154,0.21696263572976857,0.11059042044780829,0.3619583838624909,0.31048855995993235
Test_155,0.03854642441455916,0.023819482067570574,0.4102622484421551,0.5273718450757153
Test_156,0.49233451822312396,0.039290007072807435,0.030839416021044137,0.4375360586830247
Test_157,0.03266062869112479,0.045630641791147855,0.882271517479724,0.03943721203800285
Test_158,0.11422969010276147,0.06994618529797736,0.15066971378909888,0.6651544108101622
Test_159,0.26910728953117347,0.02097217458536023,0.24991213382177035,0.460008402061696
Test_160,0.7579205205605022,0.012576924473785335,0.18402001910972993,0.045482535855982845
Test_161,0.10507471429358593,0.0521914488746805,0.6004192485420905,0.24231458828964328
Test_162,0.10425026892861514,0.07417294426850866,0.7019667508949433,0.11961003590793273
Test_163,0.4208491609507813,0.07679293580447,0.43347581492926773,0.06888208831548129
Test_164,0.21598593942225353,0.21768783701487285,0.07631404664184956,0.49001217692102395
Test_165,0.040012404967073936,0.04723272878648306,0.16266364006229836,0.7500912261841445
Test_166,0.1612970056847481,0.049397528492923094,0.6381588599649389,0.15114660585738987
Test_167,0.45183506633963605,0.064319302367108,0.3677090514804872,0.11613657981276895
Test_168,0.11076943701166764,0.1393324564236092,0.4268915540156416,0.3230065525490813
Test_169,0.3500935331699464,0.07999251806370132,0.32184175586102093,0.24807219290533145
Test_170,0.06684864176010705,0.14270661809857138,0.23926523506526087,0.551179505076061
Test_171,0.4352401042207433,0.01996231729827413,0.49558149215167435,0.049216086329308434
Test_172,0.06168071144173194,0.1559531277504499,0.6795111283415662,0.10285503246625159
Test_173,0.14160337583071575,0.03370727937493886,0.8029472499495093,0.02174209484483615
Test_174,0.19098374482250938,0.018958366952061784,0.07979704576843635,0.7102608424569927
Test_175,0.14215571132488902,0.059735506851846816,0.4235860368125318,0.37452274501073235
Test_176,0.08136153069455877,0.02208918274822923,0.8093318365953373,0.08721744996187505
Test_177,0.1276173035974391,0.07389911448716224,0.10934056586918248,0.6891430160462162
Test_178,0.026269635975884907,0.003601534384276757,0.015585004450526825,0.9545438251893116
Test_179,0.576387540932006,0.07783701654210462,0.23760774217278463,0.10816770035310456
Test_180,0.07256769642343591,0.013778672453743084,0.2092274228939212,0.7044262082289
Test_181,0.07468169405944365,0.08848685421284035,0.11568179470243793,0.7211496570252781
Test_182,0.3026866909927619,0.09630140846684399,0.3133040447851005,0.28770785575529356
Test_183,0.3833893788229525,0.03595280512709492,0.5619802098949511,0.018677606155001462
Test_184,0.21457241796472257,0.019281806632512423,0.6673097580734279,0.0988360173293371
Test_185,0.11494289246499091,0.06894774936827763,0.1312618907044969,0.6848474674622347
Test_186,0.18146713450141758,0.030352942777868,0.07286983493237748,0.7153100877883369
Test_187,0.19069586089681975,0.1575590148687437,0.2568351065290988,0.3949100177053377
Test_188,0.2121797180489854,0.047726234409076744,0.41386737958446895,0.32622666795746885
Test_189,0.21859834617745602,0.12996471880972377,0.2029937629555987,0.44844317205722145
Test_190,0.5205571569267288,0.03728213518665721,0.23393910091315664,0.2082216069734572
Test_191,0.3103915125922939,0.03968727056679539,0.5830617400725039,0.0668594767684067
Test_192,0.35263965025054,0.09594029002946802,0.3068442159318951,0.24457584378809663
Test_193,0.22162412428494502,0.06245470525566315,0.45835672050923015,0.2575644499501617
Test_194,0.02738139751578637,0.22142471494905172,0.5567572328435091,0.19443665469165278
Test_195,0.23334761487972797,0.11934539683805921,0.5653215315728175,0.08198545670939485
Test_196,0.285833337377959,0.03488320631785923,0.3574824532892491,0.3218010030149329
Test_197,0.09122309120124464,0.0739408429666935,0.5430046044718617,0.2918314613601997
Test_198,0.9513983867826995,0.003310141024203259,0.019759588499786103,0.0255318836933112
Test_199,0.26539193737558614,0.09287279415145622,0.6099191666419319,0.03181610183102567
Test_200,0.10553552047664107,0.06894573813274357,0.08972826367396287,0.7357904777166526
Test_201,0.036276779963754585,0.02984310666296108,0.14115012268771243,0.7927299906855717
Test_202,0.07656254173890582,0.051053623366006134,0.8060340307209523,0.06634980417413548
Test_203,0.09469157712183947,0.015068334220445283,0.687819661494529,0.2024204271631865
Test_204,0.021264412150259107,0.12008356126692227,0.05906971393279388,0.7995823126500249
Test_205,0.048784866895448926,0.05387042606498081,0.040202221008219886,0.8571424860313503
Test_206,0.07879845017154573,0.07646101802509732,0.07371940499877595,0.7710211268045811
Test_207,0.07567778810076577,0.04557867111689366,0.12761777725312343,0.7511257635292172
Test_208,0.46310156986938666,0.016952300448994317,0.273029356627373,0.2469167730542462
Test_209,0.05381428154969435,0.029888557970364795,0.23451650394406182,0.6817806565358788
Test_210,0.49111617862964524,0.021022286371500665,0.3909623277169128,0.09689920728194154
Test_211,0.06526869376672753,0.0904359982553691,0.6914807871456062,0.15281452083229666
Test_212,0.04138058467154614,0.023448751992533972,0.9057377849289263,0.029432878406993764
Test_213,0.7723887405134251,0.021435466372424702,0.13528128695990568,0.07089450615424436
Test_214,0.3101717421429942,0.034745994989616696,0.23954860538883976,0.41553365747854937
Test_215,0.3120378442962333,0.05947965319312634,0.24152123098619405,0.3869612715244461
Test_216,0.5660657527419672,0.025249291676965012,0.3004974668954094,0.10818748868565828
Test_217,0.20751808781199452,0.04898301596621061,0.1788110856046551,0.5646878106171398
Test_218,0.7518604519359787,0.0670100625823747,0.1575618832244208,0.023567602257225408
Test_219,0.4187604386679467,0.05149612310836981,0.5153187455677128,0.014424692655970378
Test_220,0.06679170913942328,0.07183519911863129,0.0976675134366685,0.7637055783052766
Test_221,0.17164958424220284,0.012806660949879516,0.7483015056373701,0.06724224917054775
Test_222,0.33819846135929754,0.04553655470942898,0.3846457344811226,0.23161924945015083
Test_223,0.3837617633871018,0.0349320584155776,0.42273877959610895,0.1585673986012116
Test_224,0.7484443444955875,0.013790686696995656,0.2121276259947844,0.02563734281263238
Test_225,0.9069276308248382,0.038381507736381076,0.026285644502170705,0.02840521693660971
Test_226,0.01938062064798029,0.13997708775282997,0.5010028282126515,0.3396394633865382
Test_227,0.02071613870308182,0.049606573599047035,0.08737449257439375,0.8423027951234773
Test_228,0.1236693368627498,0.009102672564610703,0.8559125784737126,0.011315412098927068
Test_229,0.08091725553103576,0.12621359157564974,0.7288482318249921,0.06402092106832215
Test_230,0.20661879130867075,0.05074360092953086,0.24635747934223623,0.49628012841956215
Test_231,0.13243235047265076,0.018541784019075504,0.08723532959479328,0.7617905359134801
Test_232,0.6374280163607442,0.01705784835182045,0.1865696291617909,0.15894450612564448
Test_233,0.16189782939271175,0.040460453455791315,0.6116454830995146,0.18599623405198226
Test_234,0.05912608237160191,0.017672050911591235,0.8411920227468869,0.08200984396992003
Test_235,0.025687190824478554,0.06609131060863206,0.10399549531471138,0.804226003252178
Test_236,0.684289757551675,0.04565152397900326,0.11483443101521924,0.15522428745410233
Test_237,0.11405445477960334,0.1642309475570729,0.34173276043875106,0.3799818372245724
Test_238,0.20483121882843994,0.04106602250237744,0.6916677722551885,0.062434986413994295
Test_239,0.2535948355974219,0.1666749064135253,0.4605129395149979,0.11921731847405476
Test_240,0.06075587792103489,0.05041059754022604,0.8200733079193159,0.06876021661942328
Test_241,0.014807163646413192,0.23923321057160926,0.09267109583511593,0.6532885299468615
Test_242,0.29901099293837263,0.03831167301808468,0.1942470312153987,0.468430302828144
Test_243,0.6396399433457025,0.036757255367909775,0.3015236358815545,0.022079165404833418
Test_244,0.3330324640854487,0.05966248660125757,0.15940643061464324,0.44789861869865066
Test_245,0.24132437341548021,0.03740850007520483,0.4457313407615075,0.2755357857478073
Test_246,0.12916414609051502,0.05067103111157047,0.10967903802370722,0.7104857847742072
Test_247,0.06961448278389942,0.07437566083551746,0.1094625656099566,0.7465472907706264
Test_248,0.4055451691986661,0.04884434353858655,0.3258492649250203,0.21976122233772682
Test_249,0.1294332144308869,0.051934982498936494,0.24112018199638852,0.5775116210737881
Test_250,0.785691533977769,0.013573908433242063,0.16446178727258384,0.03627277031640514
Test_251,0.2102426689008091,0.07100330551917375,0.28049854437864336,0.4382554812013738
Test_252,0.07537909712159903,0.010618661493837639,0.8606848887489106,0.053317352635652716
Test_253,0.4514160734736013,0.031647875648204295,0.03567344910836446,0.48126260176982993
Test_254,0.20051252513733497,0.11947835560645788,0.24268872449065512,0.43732039476555207
Test_255,0.2118986268953224,0.04896313163346743,0.18547222781222047,0.5536660136589895
Test_256,0.01812223398654595,0.08202647598274058,0.015992263652088192,0.8838590263786252
Test_257,0.5985172317905052,0.019429429139591278,0.33791038559879033,0.04414295347111321
Test_258,0.13859942806603967,0.04042376401291779,0.7610641490762635,0.0599126588447791
Test_259,0.5307089827394262,0.23948672642023502,0.08560190045456724,0.1442023903857715
Test_260,0.1366509800071539,0.05732318286625005,0.18838199474340012,0.6176438423831961
Test_261,0.08850570498504803,0.055851359157301245,0.4396543890070741,0.4159885468505768
Test_262,0.48909472593212866,0.059673341253907795,0.39116522394000836,0.060066708873955314
Test_263,0.6849929447787471,0.02261262766014257,0.13189831244397746,0.16049611511713266
Test_264,0.6238616844469757,0.0023437419871144083,0.3679568549857051,0.005837718580205077
Test_265,0.2551789414143216,0.06430096116762662,0.45490053292797933,0.22561956449007253
Test_266,0.015135805857235852,0.08356907912957827,0.024830408506012362,0.8764647065071733
Test_267,0.6382787285689644,0.012974382204821265,0.061064722537387144,0.2876821666888274
Test_268,0.011418161829973014,0.33769644999800824,0.5438918925750311,0.1069934955969876
Test_269,0.337779396267437,0.07501488781423186,0.38538300937365794,0.20182270654467338
Test_270,0.07918290358832687,0.040858653187568546,0.08933562343354982,0.7906228197905549
Test_271,0.19444221873081513,0.060382150841269244,0.4248376780445545,0.3203379523833611
Test_272,0.27995025484092395,0.04477782867872143,0.1689127290169003,0.5063591874634543
Test_273,0.7351650656545796,0.0031891442719768565,0.02685108604247964,0.23479470403096359
Test_274,0.11310779403221638,0.051314619680834464,0.25164911174037324,0.5839284745465759
Test_275,0.7401607483838739,0.025757703084167895,0.13596360734844223,0.09811794118351592
Test_276,0.030702620407230975,0.03129153321765619,0.08751214901617531,0.8504936973589375
Test_277,0.6800175363293166,0.014739842547494822,0.02331879944928877,0.2819238216738998
Test_278,0.19500896086081917,0.04113702507230296,0.03363721697069774,0.7302167970961801
Test_279,0.7067940276362074,0.011260330385256041,0.2424885963896675,0.039457045588869075
Test_280,0.09773870834174697,0.04159754947729973,0.3176035493660181,0.5430601928149352
Test_281,0.05915714696307051,0.2031446259440042,0.0728935692362851,0.6648046578566401
Test_282,0.29746023766575624,0.12393001537239853,0.38267724294581257,0.19593250401603254
Test_283,0.5171825752441337,0.05579399096514692,0.04727422650822555,0.37974920728249373
Test_284,0.47688700538866474,0.017255328645707616,0.4345998021742925,0.07125786379133518
Test_285,0.2719122051871676,0.005360233123136742,0.07451775964347886,0.6482098020462167
Test_286,0.21132922968200504,0.023118123768848385,0.5993862973363964,0.16616634921275006
Test_287,0.07964185112814366,0.09037228223165043,0.5168651162406065,0.3131207503995992
Test_288,0.017849200040044044,0.03546608609055862,0.04499745900719031,0.9016872548622069
Test_289,0.02142266762110195,0.001352226407728627,0.07149290884437894,0.9057321971267907
Test_290,0.10900659221048188,0.06898385151710251,0.30083488050513324,0.5211746757672824
Test_291,0.30658752156354907,0.10505865199582902,0.1994336671917099,0.38892015924891193
Test_292,0.41187833657282225,0.015021969752180862,0.4083782025798506,0.16472149109514625
Test_293,0.11140083119679338,0.12004516629367261,0.49331614536589197,0.27523785714364196
Test_294,0.2246731126152255,0.026884159110867552,0.6248830164588164,0.12355971181509083
Test_295,0.19618918115959177,0.012725258413099145,0.530911765764823,0.2601737946624856
Test_296,0.09824690026899117,0.1351363872806032,0.17390847504479046,0.5927082374056152
Test_297,0.014203020316376458,0.10040536011883748,0.023969182932719234,0.8614224366320665
Test_298,0.08279932629136823,0.0175368298365645,0.7854493666763315,0.11421447719573585
Test_299,0.5559915069922655,0.10091126174186471,0.1330596991234788,0.21003753214239124
Test_300,0.3050118474492584,0.15224169259647893,0.347712758920137,0.19503370103412587
Test_301,0.17985646471490332,0.08107077854410537,0.13363953249428384,0.6054332242467075
Test_302,0.03842951675950027,0.04783260263787302,0.13717097289699393,0.7765669077056331
Test_303,0.5186944649985827,0.12389385992992734,0.22217236563018603,0.13523930944130383
Test_304,0.8507654074762803,0.030107588117729442,0.08841416649063602,0.030712837915354303
Test_305,0.5017749225983583,0.03826134746969614,0.3078526687367893,0.15211106119515608
Test_306,0.15025189000106434,0.010839656538567182,0.6001057506443704,0.23880270281599789
Test_307,0.5120469352061766,0.033088390333739844,0.43164352149431534,0.02322115296576819
Test_308,0.13390053015079958,0.047049203987650896,0.13344305036542592,0.6856072154961237
Test_309,0.06985509972065346,0.11658751673191703,0.0675143021858499,0.74604308136158
Test_310,0.023724607486386554,0.5409254710405823,0.15702560051545697,0.27832432095757437
Test_311,0.4640111746727705,0.018072732710476623,0.47487362790706666,0.04304246470968609
Test_312,0.01362539729496616,0.02358017031479001,0.03724802921087017,0.9255464031793736
Test_313,0.1581840769874032,0.07885382968533142,0.22586720819168046,0.5370948851355852
Test_314,0.20760225503020768,0.04136775050470402,0.09889517098553645,0.6521348234795519
Test_315,0.05069480627993713,0.028385193651996276,0.25332316775465497,0.6675968323134115
Test_316,0.2572274760623892,0.04326293351136239,0.5217576367425425,0.17775195368370605
Test_317,0.2327277689075638,0.040055683413028405,0.296750580946988,0.4304659667324199
Test_318,0.032954252913035186,0.15017627291034577,0.18197889316391339,0.6348905810127056
Test_319,0.20484855250088657,0.01046018155888812,0.7656493892225106,0.019041876717714904
Test_320,0.4941798795515289,0.07789017708154762,0.2884604295538189,0.1394695138131045
Test_321,0.49324069557568245,0.25690365595171927,0.1642073692488789,0.08564827922371922
Test_322,0.13076039999833078,0.01645764564693794,0.7990373703399996,0.05374458401473139
Test_323,0.08220125812996822,0.07568344153450098,0.3383503736355217,0.503764926700009
Test_324,0.6491059473821816,0.08011429150145175,0.23444391814517512,0.036335842971191294
Test_325,0.23901658132687353,0.042182736788136964,0.19416570427401514,0.5246349776109746
Test_326,0.3374655707886337,0.10599576280771171,0.3376582011406215,0.21888046526303287
Test_327,0.3285317793945176,0.058681449979719934,0.1923335596153513,0.4204532110104111
Test_328,0.2516516949397932,0.059052213131663985,0.3597718870300937,0.32952420489844925
Test_329,0.4377552770368367,0.11011809449942613,0.1267279940395506,0.325398634424187
Test_330,0.11123819909627262,0.1225573825505488,0.21476996351439445,0.5514344548387843
Test_331,0.2377113672249192,0.04761196984094565,0.4536299570948034,0.2610467058393317
Test_332,0.6995508743064385,0.03542431114873877,0.19335489976235243,0.07166991478247045
Test_333,0.08579935749991974,0.013718368052615818,0.4091223819246739,0.4913598925227907
Test_334,0.04124900777529715,0.025538539629167068,0.9113020212631432,0.02191043133239246
Test_335,0.5921639050453934,0.03354174508564385,0.19559603802118952,0.1786983118477732
Test_336,0.11678270531222795,0.03299740621479677,0.8033612354639832,0.04685865300899216
Test_337,0.413609679632173,0.009470371783061881,0.43464032629802846,0.1422796222867367
Test_338,0.7777827201910421,0.030126002455868384,0.07983364376480702,0.11225763358828242
Test_339,0.23456770407574473,0.024007823200099265,0.6614650662393304,0.07995940648482568
Test_340,0.2217341915143385,0.019615378997079123,0.7180516044759518,0.040598825012630645
Test_341,0.5625135994758902,0.021228753211597947,0.24802958986532905,0.16822805744718256
Test_342,0.8111553913339076,0.04248574984758888,0.07080797693840445,0.07555088188009922
Test_343,0.2630211063513845,0.09520375497242356,0.1994478402980692,0.4423272983781228
Test_344,0.039726338952476625,0.09193424613132517,0.21104070049441787,0.6572987144217803
Test_345,0.23180702609384124,0.01897641480002202,0.44059238027274394,0.308624178833393
Test_346,0.34918669622079257,0.01828467803324243,0.4571116590594962,0.17541696668646878
Test_347,0.11621568587877235,0.06842553547033621,0.20203561918985663,0.6133231594610353
Test_348,0.08700840893570487,0.04060180770964817,0.6225696613216695,0.24982012203297752
Test_349,0.29615654967135363,0.05271712539560019,0.588704309417653,0.06242201551539349
Test_350,0.24440857916514616,0.08516490948995593,0.22866151810112428,0.4417649932437738
Test_351,0.1576291419707634,0.024465875650987342,0.4769161657023993,0.3409888166758502
Test_352,0.04525626056730618,0.13235303602632226,0.15746871952714048,0.664921983879231
Test_353,0.8703869558103303,0.022703220611517725,0.061292358810238,0.045617464767914194
Test_354,0.3046177388670008,0.10512422316704247,0.5361872359592229,0.05407080200673374
Test_355,0.5759000913726625,0.025195758407395626,0.25103801375056495,0.14786613646937674
Test_356,0.8144785270315806,0.013279483092226615,0.12173721192338866,0.05050477795280409
Test_357,0.8737402633058202,0.021286433145939282,0.06700959641256528,0.037963707135675054
Test_358,0.02799387855645695,0.13220818374166193,0.7724235869952634,0.06737435070661792
Test_359,0.034846869689109,0.031486789008901464,0.047454925481920665,0.8862114158200688
Test_360,0.17641996214715638,0.11303993656341813,0.30410196137739975,0.40643813991202593
Test_361,0.1724077579527391,0.033497663444806806,0.2312933443516882,0.5628012342507656
Test_362,0.3119710168243203,0.11995482349108562,0.17108968102969213,0.39698447865490205
Test_363,0.28008889123531117,0.013973074466838481,0.6328494386423441,0.07308859565550606
Test_364,0.6275466873711123,0.009565636802042175,0.3201642332820264,0.04272344254481887
Test_365,0.3017449463924581,0.01909723436442048,0.6176389316533748,0.0615188875897463
Test_366,0.036971821218593486,0.03760866681512677,0.5799279585181842,0.3454915534480957
Test_367,0.05589377695551946,0.027057343829516654,0.7933975674126339,0.12365131180233015
Test_368,0.4467416614304059,0.06191157130160193,0.2538873864816875,0.23745938078630455
Test_369,0.039089085028021074,0.0711022934748729,0.13850993827957322,0.7512986832175326
Test_370,0.06266459689132778,0.04189332158863047,0.6777977855627825,0.2176442959572595
Test_371,0.17570894446835267,0.0314431949554481,0.3562832840314618,0.4365645765447374
Test_372,0.1736569251861536,0.05857045611126975,0.2001822797882876,0.567590338914289
Test_373,0.19823183366781486,0.05572509616932842,0.06646046682750993,0.6795826033353467
Test_374,0.1534001045158461,0.04519838831848032,0.35641996415801297,0.4449815430076609
Test_375,0.15279831971588037,0.05907780094827007,0.15942745279513176,0.6286964265407181
Test_376,0.6560788872353682,0.008203772564473239,0.3022748581391293,0.03344248206102911
Test_377,0.3831468966344989,0.14019650544146697,0.30681687202562663,0.16983972589840735
Test_378,0.5014048617518755,0.04736255191998863,0.4213512343519778,0.029881351976158176
Test_379,0.12815307006335788,0.05994071696805503,0.27796166989009585,0.5339445430784913
Test_380,0.434263287010933,0.0525815544811503,0.298440268910181,0.2147148895977359
Test_381,0.09437936739170302,0.3581360169469405,0.12186983071053496,0.42561478495082145
Test_382,0.1428308172513073,0.042132004478724554,0.4177881560095039,0.39724902226046443
Test_383,0.2703257261630953,0.09082598143671664,0.16805744864796127,0.470790843752227
Test_384,0.1948103113060677,0.08012500423586007,0.5796857524463356,0.14537893201173693
Test_385,0.21065929615300968,0.022060573485046954,0.5174640693132351,0.24981606104870818
Test_386,0.16981852734382255,0.05395539141309045,0.3933871183842407,0.3828389628588467
Test_387,0.18991089923729046,0.023666118768072245,0.36183493214351387,0.4245880498511235
Test_388,0.8389839936352965,0.04221032851871092,0.03372254167358667,0.0850831361724057
Test_389,0.7919631369366706,0.042423396912890134,0.1409425122644908,0.024670953885948685
Test_390,0.07986168255288303,0.06744118588276825,0.268505315590757,0.5841918159735917
Test_391,0.41896988158115434,0.010032639338456559,0.5432101151272867,0.027787363953102565
Test_392,0.0764372432277395,0.0355727473189497,0.7836921690294254,0.10429784042388547
Test_393,0.11351121513337784,0.001721384004542917,0.0861866300453359,0.7985807708167433
Test_394,0.3181999257163714,0.012584025750781713,0.4340417098699816,0.23517433866286494
Test_395,0.8416162306444828,0.08833193649550947,0.049486048029397094,0.020565784830610584
Test_396,0.05187615811880188,0.06206613785533065,0.029933191734401662,0.856124512291466
Test_397,0.10845137559545684,0.06764923942925351,0.07149915919684786,0.7524002257784419
Test_398,0.05950392890191987,0.0028162312996471103,0.08244932101490465,0.8552305187835284
Test_399,0.20445110783872963,0.03382420436293993,0.11361990136953302,0.6481047864287972
Test_400,0.3082683453542513,0.04250926833412651,0.3652947074554149,0.2839276788562075
Test_401,0.5805090373381766,0.021975499762684307,0.3216335233778475,0.0758819395212913
Test_402,0.030177579639562805,0.010770791806752474,0.08470885184478107,0.8743427767089039
Test_403,0.06534562374195772,0.04178713539757136,0.5726571265924245,0.3202101142680465
Test_404,0.220291097652659,0.02750098280633511,0.11396780913315047,0.638240110407855
Test_405,0.012529146360868167,0.023038218104158802,0.007209367149235259,0.9572232683857375
Test_406,0.01368243669575995,0.03923805662000651,0.0393590883869674,0.907720418297266
Test_407,0.04981559687152024,0.0017188132329657502,0.024489253241665718,0.9239763366538483
Test_408,0.07267785203084924,0.090612522627422,0.1125153415459196,0.7241942837958089
Test_409,0.5028641684714421,0.026785406005434338,0.06887871378369229,0.40147171173943114
Test_410,0.017070029458544814,0.01772585344690171,0.07930317734962604,0.8859009397449276
Test_411,0.9245202176104041,0.019780420242180012,0.05045048522161342,0.00524887692580254
Test_412,0.29839183001936326,0.021803780409511513,0.6130383591631215,0.06676603040800357
Test_413,0.6902192906462077,0.020391524203005766,0.21944832699491754,0.06994085815586895
Test_414,0.1464418397405429,0.01939119286457307,0.4129210234834279,0.42124594391145637
Test_415,0.8485132751758947,0.007094555558098838,0.11071833259598493,0.033673836670021745
Test_416,0.15534350470504948,0.06362619534257039,0.33560140760209295,0.4454288923502872
Test_417,0.11053761025728634,0.013110268414044281,0.8346194336160477,0.04173268771262149
Test_418,0.8706852452366334,0.0024274944420642195,0.07991427572141994,0.04697298459988235
Test_419,0.4278287483157359,0.02095288525988992,0.35396744017434423,0.19725092625002996
Test_420,0.6630742326782915,0.10568054813608652,0.19820080239379287,0.033044416791829456
Test_421,0.09208281594492589,0.06867089672903784,0.07893449131651348,0.7603117960095225
Test_422,0.15967259796040054,0.05268309267821997,0.04224026374980662,0.7454040456115727
Test_423,0.497393566367323,0.09945316322240132,0.2529266640108651,0.15022660639941057
Test_424,0.11404639143093598,0.097607671261731,0.6762138000024306,0.1121321373049024
Test_425,0.03505058847380557,0.03931299484946784,0.07957049636206794,0.8460659203146588
Test_426,0.38135168660277374,0.06559895893688956,0.1970558123829465,0.35599354207739037
Test_427,0.0708474836952123,0.08653308797557761,0.11833367368554829,0.7242857546436614
Test_428,0.07730031596176556,0.022553636611087922,0.101963996137936,0.7981820512892106
Test_429,0.14687552631758982,0.0817991494560036,0.43697088569267406,0.3343544385337326
Test_430,0.4709936371899415,0.019279562435946453,0.46731559853807947,0.04241120183603218
Test_431,0.7718750856493071,0.01849433901429831,0.04528700800150642,0.16434356733488814
Test_432,0.5250434239630587,0.01268045622395815,0.2222934993421975,0.23998262047078564
Test_433,0.016755431848252178,0.0302547363227334,0.025421442187775974,0.9275683896412389
Test_434,0.05190572471286835,0.07260526690129343,0.07527131350663757,0.8002176948792004
Test_435,0.06866396751995908,0.01707583592597334,0.17413012300987168,0.7401300735441959
Test_436,0.2253581188723125,0.04695167431807311,0.5365230558695055,0.19116715094010878
Test_437,0.4879298880736044,0.023073562637835065,0.24957362209878636,0.2394229271897743
Test_438,0.06513715735772792,0.025066980147069595,0.24679706010129807,0.6629988023939044
Test_439,0.1689417445435888,0.14361110275163597,0.5819247731757069,0.10552237952906822
Test_440,0.5950135675923015,0.020112129057964046,0.22596633188807674,0.15890797146165764
Test_441,0.136056576557588,0.022950436932226412,0.8244918560714096,0.01650113043877617
Test_442,0.06898529805322931,0.0384091593490419,0.8226618970970108,0.06994364550071787
Test_443,0.14585723695434474,0.04249615468098611,0.23742851232617498,0.574218096038494
Test_444,0.573034142941777,0.011356558120177372,0.3677105452404204,0.04789875369762524
Test_445,0.5617612310962083,0.008657071663277378,0.412767953255662,0.016813743984852223
Test_446,0.09708541374490039,0.013252286436300593,0.8513800634043861,0.03828223641441268
Test_447,0.13539855993512925,0.03262863204718153,0.7967154559613063,0.03525735205638266
Test_448,0.3353998803937602,0.1477470287653414,0.28498014103098634,0.23187294980991244
Test_449,0.0762666739856358,0.053459595211705686,0.4749518732259042,0.3953218575767544
Test_450,0.3940678847065627,0.06990753690819833,0.46185460103379194,0.07416997735144713
Test_451,0.4076554614798789,0.1072388837619765,0.4479235356571561,0.037182119100988585
Test_452,0.06786401437816049,0.10862602641435438,0.06223141335758862,0.7612785458498967
Test_453,0.08946087182695461,0.0360080734674067,0.11172593312051884,0.7628051215851198
Test_454,0.4998492742687999,0.026333597481136672,0.40746231452825216,0.06635481372181146
