image_id,healthy,multiple_diseases,rust,scab
Test_0,0.36473959201228223,0.01612359199346143,0.44771136991516997,0.1714254460790863
Test_1,0.01757307809404719,0.00301608391504768,0.6196491587081001,0.359761679282805
Test_2,0.2142552667876294,0.15500622781234183,0.17707983997165905,0.4536586654283696
Test_3,0.6561081332492192,0.005788160377340469,0.309719377136632,0.028384329236808233
Test_4,0.1481745875938807,0.10438323365192613,0.6784953485901954,0.06894683016399772
Test_5,0.6405656651261334,0.01822304227446867,0.2673807502532154,0.0738305423461826
Test_6,0.2975675282231893,0.09814578723456766,0.3376692480253105,0.2666174365169326
Test_7,0.24905977266679047,0.19939165836739986,0.24606272191756365,0.305485847048246
Test_8,0.27862522769634185,0.2048099719749589,0.2787601115045182,0.2378046888241811
Test_9,0.09194582125083847,0.0011784607234285943,0.887359199639983,0.01951651838574978
Test_10,0.48933975597719326,0.002298778055120834,0.4645816365601169,0.04377982940756892
Test_11,0.2943508978022389,0.011789336428419492,0.6845067354569224,0.009353030312419137
Test_12,0.18210987627493472,0.07151599497174463,0.44108027880780704,0.3052938499455136
Test_13,0.2849550373288772,0.019687685706322063,0.5328445975753244,0.1625126793894763
Test_14,0.6345859545012399,0.052957267981119695,0.2904774530471529,0.021979324470487654
Test_15,0.013644868537707088,8.670281241358761e-05,0.9861610761604562,0.0001073524894232579
Test_16,0.02751533058680451,0.052119904805877026,0.2940200460344063,0.6263447185729122
Test_17,0.004542193911418077,0.0039200143954308654,0.009745954024856038,0.981791837668295
Test_18,0.11440985066443911,0.14246606946320567,0.5755735070795859,0.16755057279276936
Test_19,0.05044876257251724,0.2852542081822064,0.5165133301801026,0.14778369906517372
Test_20,0.22275081478327094,0.13126727626815973,0.10436716134790114,0.5416147476006682
Test_21,0.0660180806007352,0.05323062499428155,0.07593727163692393,0.8048140227680592
Test_22,0.2984120940045879,0.05365383890913786,0.6015061730833301,0.04642789400294419
Test_23,0.07292969991108193,0.05698844269860967,0.06444022687098258,0.8056416305193257
Test_24,0.3529426134996126,0.08771238934718474,0.02331506995116267,0.53602992720204
Test_25,0.3414066273270785,0.040224033270615,0.28637185665252357,0.3319974827497829
Test_26,0.17306056931747787,0.14291712761035794,0.21315670936824513,0.47086559370391917
Test_27,0.21831629116047077,0.1706791454913417,0.39788203034651043,0.21312253300167708
Test_28,0.7306383546407303,0.03927133944924981,0.16688811316631005,0.0632021927437096
Test_29,0.254637937824302,0.1985009518767093,0.24535774849149097,0.3015033618074978
Test_30,0.999961864633648,6.267563658350909e-07,2.3508396767385175e-05,1.4000213218760393e-05
Test_31,0.27148501827434945,0.19558088487202308,0.42506020410699846,0.10787389274662905
Test_32,0.30518964068551085,0.1525820350163364,0.21773243322414076,0.32449589107401194
Test_33,0.21241486920988306,0.20605061675079117,0.257891215536774,0.3236432985025517
Test_34,0.2875807460722408,0.02270375013461104,0.2696690137578664,0.4200464900352818
Test_35,0.07533169777793065,0.039286890165799546,0.13837972989976485,0.747001682156505
Test_36,0.3531687637390513,0.017850868516945256,0.6098691115019294,0.019111256242073986
Test_37,0.04111743385364833,0.01740279206964499,0.167768257138926,0.7737115169377807
Test_38,0.06738553060350785,0.007745765314214896,0.3268422011350748,0.5980265029472025
Test_39,0.15300771265611932,0.13496831093846695,0.2556849101630535,0.4563390662423603
Test_40,0.04846736154495427,0.003074505042071393,0.877514230930123,0.0709439024828514
Test_41,0.2921484251697239,0.13597206799798656,0.40386757736662215,0.16801192946566743
Test_42,0.07963123994749313,0.028275452127629795,0.3340106923060725,0.5580826156188047
Test_43,0.23082973292532286,0.007586954294124657,0.7606827536407572,0.0009005591397954125
Test_44,0.2195698973998925,0.2925379126423597,0.23186834416178204,0.2560238457959658
Test_45,0.122818578482655,0.4624273812933591,0.2500341584872472,0.16471988173673854
Test_46,0.691972440689514,0.0023240572653846995,0.10806121590712883,0.1976422861379723
Test_47,0.1674991556250542,0.19850416672480029,0.3880767128736258,0.24591996477651984
Test_48,0.5393336792452187,0.12361101387083337,0.1874998385780297,0.14955546830591826
Test_49,0.09040012700410674,0.03207645922245843,0.8216742615236079,0.05584915224982678
Test_50,0.10373699258612779,0.07364363277200808,0.6260877394055128,0.19653163523635142
Test_51,0.08593503182095957,0.005554445941874716,0.8583429150970965,0.05016760714006919
Test_52,0.14655885816980066,0.010505868166488243,0.6123056684582513,0.2306296052054598
Test_53,0.294637414930388,0.01385309175307299,0.6721778446435361,0.01933164867300291
Test_54,0.17958253675785224,0.00818513151252382,0.8117893859917769,0.0004429457378469652
Test_55,0.02737088051802029,0.005241451353300623,0.017845119225058628,0.9495425489036204
Test_56,0.2423352732566241,0.04626081572237821,0.23208996511573085,0.4793139459052669
Test_57,0.26405924663234964,0.15774521998065433,0.27192701018635834,0.3062685232006378
Test_58,0.009473742643545049,0.06240677776739633,0.007875775151540938,0.9202437044375177
Test_59,0.1909870053816531,0.12438325371551856,0.22147096569890862,0.4631587752039196
Test_60,0.0504160689682597,0.012666877132910521,0.10998640328308874,0.826930650615741
Test_61,0.16268850001841964,0.04340487667908861,0.5037306638144334,0.2901759594880583
Test_62,0.47777770604804837,0.04488396742095428,0.16776264440203584,0.3095756821289616
Test_63,0.4562915334818074,0.0322479872047594,0.4216111974530278,0.08984928186040539
Test_64,0.16201868761460722,0.041339843177806354,0.14941468225153964,0.6472267869560467
Test_65,0.348407424244509,0.029556244843301882,0.4479955879159093,0.17404074299627972
Test_66,0.9352149980118731,0.007861996010771246,0.04197080434864931,0.014952201628706282
Test_67,0.5712667423020065,0.041980630523311205,0.23522515080254416,0.15152747637213806
Test_68,0.060925857296843224,0.026177388439859832,0.11506369176114095,0.797833062502156
Test_69,0.2541490912991709,0.2138544123001918,0.2453675692889405,0.28662892711169685
Test_70,0.2114298599584025,0.15195028147521117,0.2633261503201418,0.3732937082462446
Test_71,0.23612482763224496,0.10850273909431804,0.5637063888158479,0.09166604445758915
Test_72,0.05057485822483835,0.2917307629655509,0.13902918260524635,0.5186651962043644
Test_73,0.5843503917862304,0.04064776886097217,0.302738016022429,0.07226382333036843
Test_74,0.2468118835645833,0.015777983310436346,0.07981714612540304,0.6575929869995772
Test_75,0.26885086009285236,0.2261122769952645,0.2563319909364675,0.24870487197541566
Test_76,0.08206631187701302,0.0789713677541349,0.10009593145233855,0.7388663889165135
Test_77,0.20395734604325633,0.06106930091797214,0.27755206980849606,0.4574212832302755
Test_78,0.1145524348169849,0.1238086941645735,0.15081196433379954,0.610826906684642
Test_79,0.2815152229187675,0.027428029357963957,0.4297201979619895,0.26133654976127907
Test_80,0.0642466663989534,0.0503998800932232,0.233157999430174,0.6521954540776493
Test_81,0.34806212936409325,0.028862692818260486,0.28115544509942314,0.3419197327182232
Test_82,0.16943938100565142,0.0046150949351557976,0.24494825422009447,0.5809972698390983
Test_83,0.14292895647246834,0.04101203671054417,0.3623990645742627,0.4536599422427248
Test_84,0.07342812744851951,0.031725828291777974,0.04660995269975706,0.8482360915599454
Test_85,0.4674262427102641,0.07487427681825656,0.27702471098394094,0.18067476948753838
Test_86,0.4452420426386829,7.039237974336337e-05,0.5516393542727557,0.0030482107088180494
Test_87,0.33704575340407383,0.12336828328722156,0.3669600144192947,0.17262594888940985
Test_88,0.25293614388325164,0.11262370047706972,0.43245978261616724,0.20198037302351138
Test_89,0.8043220292887064,0.03248375395438532,0.13307142036995132,0.03012279638695702
Test_90,0.40516410557743454,0.018895356559709236,0.514209719849453,0.0617308180134033
Test_91,0.08325760518514501,0.027053904857095346,0.037610432298106115,0.8520780576596535
Test_92,0.35895488125782987,0.08471851390481538,0.32425275734072895,0.23207384749662585
Test_93,0.38240881144272976,0.12603035231654058,0.3950225627603373,0.09653827348039239
Test_94,0.11309335598691879,0.05987967563525239,0.23081122153504027,0.5962157468427884
Test_95,0.23091407855146315,0.0019387737836460753,0.7184395866231365,0.048707561041754326
Test_96,0.4398726305102445,0.1544057293652066,0.3439991515176082,0.061722488606940754
Test_97,0.3304861464790593,0.0038523429612732744,0.12960906387015542,0.536052446689512
Test_98,0.4714446789906396,0.033677352316424096,0.04325470018696803,0.45162326850596823
Test_99,0.43187695750820515,0.06823197266607212,0.2900494082641476,0.20984166156157516
Test_100,0.0048019884962154525,0.03048518529012987,0.04532690848596089,0.9193859177276937
Test_101,0.6390960868568613,0.019591613692872406,0.1564145163972266,0.18489778305303964
Test_102,0.08658947880866488,0.07951634150199019,0.12145753120899781,0.7124366484803472
Test_103,0.9631394758091024,5.73884558812579e-05,0.010152050852342817,0.02665108488267342
Test_104,0.21504954570943993,0.0800677987528209,0.12349174376093243,0.5813909117768068
Test_105,0.33940042528998826,0.03429857614542391,0.07848670242326158,0.5478142961413263
Test_106,0.11540742191085251,0.007456584154980611,0.17073323422130754,0.7064027597128593
Test_107,0.06779917754945987,0.01805826520665016,0.24947607017315102,0.6646664870707389
Test_108,0.1969123469226297,0.12540353779825947,0.20826708358065113,0.46941703169845966
Test_109,0.3821270208431285,0.12391894475881209,0.15289421945364853,0.3410598149444108
Test_110,0.5106703364408415,0.10299086548429348,0.21391660914447608,0.1724221889303889
Test_111,0.2774817447991547,0.16703048395287032,0.4099184881389531,0.1455692831090217
Test_112,0.11482820468356669,0.11609661851050568,0.15407681243808863,0.614998364367839
Test_113,0.24342253664297153,0.06557213698312539,0.13747693000670325,0.5535283963671997
Test_114,0.04579059582407127,0.037966654498377675,0.6186593622426895,0.29758338743486157
Test_115,0.04205205960450528,0.006665212820145641,0.7648630110292272,0.18641971654612188
Test_116,0.40318788759025037,0.007294253333884211,0.3704794588632361,0.2190384002126293
Test_117,0.20987958000658433,0.09210602870659274,0.5044944147132413,0.19351997657358164
Test_118,0.07135488995982504,0.01524369393260359,0.8909728051013507,0.022428611006220678
Test_119,0.9679516243070871,0.0007753530904203362,0.028439673592782953,0.0028333490097095506
Test_120,0.23906789800785125,0.06828820903796654,0.5071149646731976,0.1855289282809847
Test_121,0.2070285490698953,0.09464179408815478,0.2502694270305706,0.44806022981137933
Test_122,0.46695473491872735,0.05236396058393071,0.45622600821479764,0.024455296282544284
Test_123,0.08742567381064291,0.3672293787138801,0.10523304357823411,0.4401119038972429
Test_124,0.2868989216954742,0.018817958586967845,0.20444941625104904,0.4898337034665088
Test_125,0.5596424109049135,5.1404500892113605e-05,0.42935435613786227,0.010951828456332054
Test_126,0.9691420269472062,0.009348471164883772,0.019488499747952658,0.002021002139957388
Test_127,0.17920115935619485,0.03275507214989181,0.12020423166006121,0.667839536833852
Test_128,0.02547222976405423,0.0008880525374902367,0.9675666155120077,0.0060731021864478514
Test_129,0.375273936069319,0.004236652435948777,0.29254955181305486,0.32793985968167727
Test_130,0.024267018376129147,0.008823768961238092,0.01280253784741163,0.954106674815221
Test_131,0.13697036022623443,0.15865650481463076,0.3062525274776572,0.3981206074814776
Test_132,0.8846327893251096,0.0012869878670836042,0.10131627358169433,0.012763949226112448
Test_133,0.09579228623938035,0.20343834856373672,0.18196919618416116,0.5188001690127217
Test_134,0.3063691572265208,0.04175651595644724,0.20356762823487448,0.44830669858215744
Test_135,0.011469152451462858,0.014126564287475451,0.3257065796655022,0.6486977035955596
Test_136,0.007925531103971546,0.00689973629949268,0.5642399874976993,0.4209347450988363
Test_137,0.05937001254426312,0.1709594365841599,0.6185042421983947,0.15116630867318218
Test_138,0.028134128638252615,0.006416479158548576,0.9553345271429832,0.010114865060215646
Test_139,0.6364977849024721,0.0020446326995322336,0.3076636831621926,0.053793899235802974
Test_140,0.15137071756749187,0.060008728875980355,0.43836935994609944,0.3502511936104283
Test_141,0.20225242003089994,0.02490528833558252,0.290033067532244,0.4828092241012734
Test_142,0.1546530752155659,0.10143144120307543,0.03287570747378796,0.7110397761075706
Test_143,0.04022003005193992,0.05134311143691588,0.2935283190342282,0.614908539476916
Test_144,0.9999991983689596,1.3116978268835324e-08,6.562917097875492e-07,1.3222235226335619e-07
Test_145,0.836804331810803,0.007212110191385427,0.08088345589829199,0.0751001020995195
Test_146,0.04752284726352621,0.061615331622933485,0.4906037852195083,0.40025803589403197
Test_147,0.014185369661817906,0.010903982345215056,0.9622002411516654,0.012710406841301496
Test_148,0.3416687546988742,0.03070472595878166,0.5487466611996996,0.07887985814264456
Test_149,0.3989694471979994,0.023794030039232552,0.31218025462526855,0.2650562681374994
Test_150,0.3699558194549126,0.1467836098479084,0.3403330110168896,0.14292755968028942
Test_151,0.18340127894251376,0.048710271517144535,0.7173550932876444,0.05053335625269741
Test_152,0.11033234716387405,0.0938991300945782,0.0754138385121921,0.7203546842293557
Test_153,0.220656393937306,0.07152377584634009,0.42716646637797184,0.280653363838382
Test_154,0.2657401925705594,0.17024553109917792,0.4198321086019585,0.14418216772830406
Test_155,0.364840884214855,0.12846946259244085,0.23171887397248517,0.274970779220219
Test_156,0.06949949972419568,0.017956552276464515,0.2253865894133763,0.6871573585859634
Test_157,0.19518191710039506,0.08739323503748325,0.44412858458386284,0.2732962632782588
Test_158,0.28705468396986245,0.11164747710455063,0.3161797629090331,0.2851180760165538
Test_159,0.07042292118159385,0.021571243143173047,0.5309533177420046,0.3770525179332286
Test_160,0.9999229702400301,4.0058954167864744e-05,1.5987173139569777e-05,2.098363266227367e-05
Test_161,0.3884555409108941,0.007903203770154594,0.14861861687251607,0.45502263844643515
Test_162,0.42183302982204696,0.1872760441332045,0.20966364232988166,0.18122728371486685
Test_163,0.05245029135115155,0.04497261470104024,0.7125858153750328,0.1899912785727754
Test_164,0.13634547480010825,0.030881005482948032,0.11227169950570516,0.7205018202112385
Test_165,0.01960400184013106,0.054475698857101,0.08136536482511655,0.8445549344776515
Test_166,0.20843999090242196,0.17646361349775794,0.37061362321167285,0.2444827723881471
Test_167,0.35370915712576656,0.021743026431154694,0.3682551763385847,0.256292640104494
Test_168,0.027236690720148563,0.29924850185737584,0.40344362164730896,0.27007118577516664
Test_169,0.2953322201778257,0.0898932443406779,0.40942396855121393,0.20535056693028259
Test_170,0.24074957590905893,0.08725814220552885,0.6141908034310507,0.05780147845436151
Test_171,0.0031043820326279426,0.05091774788525281,0.945904554425174,7.331565694527383e-05
Test_172,0.18517591630640906,0.13099238584662384,0.3481908997238426,0.3356407981231245
Test_173,0.30331034769665616,0.11575118139424262,0.5622486946809652,0.018689776228136033
Test_174,0.10169595657514754,0.061994565394816896,0.041318879095357114,0.7949905989346785
Test_175,0.14087418167779225,0.0769519468117194,0.432811786105212,0.34936208540527636
Test_176,0.02669509942930172,0.016264860796524,0.8440561202913733,0.11298391948280082
Test_177,0.25855064192638283,0.17723327759818774,0.22262098844241032,0.3415950920330192
Test_178,0.007856298877609727,0.00472642944474291,0.025012194611132462,0.9624050770665149
Test_179,0.2523833324785115,0.0219006508853818,0.3640609785335838,0.3616550381025229
Test_180,0.23065913780804745,0.06261282966693683,0.4379265232343378,0.26880150929067803
Test_181,0.19853271988440596,0.14861687116853378,0.22970151251588022,0.42314889643118
Test_182,0.39284403988268335,0.10436906115902338,0.2778993537466169,0.22488754521167625
Test_183,0.11929938857043598,0.051963206903607395,0.7328659189230065,0.09587148560295015
Test_184,0.49509557043132785,0.0235088633668003,0.2031023592807211,0.27829320692115084
Test_185,0.22440904429155092,0.06457889351799932,0.02569247891626407,0.6853195832741857
Test_186,0.30997714682012495,0.037051420608209214,0.13135731064506126,0.5216141219266046
Test_187,0.27538015452943304,0.21255105922485978,0.15503827876120363,0.35703050748450355
Test_188,0.25369614312363814,0.05719493280836172,0.3032604680638629,0.38584845600413725
Test_189,0.37248234961671506,0.1353526677906102,0.24540424217574308,0.24676074041693177
Test_190,0.02138545855497661,0.0033365545986593064,0.39897845426809353,0.5762995325782706
Test_191,0.03227075250995046,0.22709530912859188,0.7406326275761899,1.310785267734361e-06
Test_192,0.34547223002682015,0.123999675163398,0.4370963741467633,0.09343172066301864
Test_193,0.4844203648598614,0.13850765161742415,0.159742099206047,0.21732988431666753
Test_194,0.16738509449371333,0.11347950650089064,0.5586410501626413,0.1604943488427547
Test_195,0.19284918899902215,0.07292534204273403,0.6908902477025751,0.04333522125566875
Test_196,0.005724763900563185,0.01074910229583036,0.06846013719090908,0.9150659966126974
Test_197,0.17568282719770312,0.038283925929691,0.6839770661579636,0.10205618071464234
Test_198,0.16859956293357678,0.004833456532289998,0.00909151905556131,0.817475461478572
Test_199,0.12066085694293105,0.10044856991035765,0.666719396446223,0.11217117670048832
Test_200,0.22551911688962914,0.008062826065141271,0.2819844528893018,0.4844336041559278
Test_201,0.11137946602430115,0.06535644630312806,0.15255530821892876,0.6707087794536419
Test_202,0.010498018889354912,0.019266930962187827,0.7275914587756982,0.24264359137275915
Test_203,0.4903767650314882,0.019079386718226465,0.23941859109451094,0.2511252571557743
Test_204,0.07204832836043211,0.12717430742382335,0.23899801368893037,0.5617793505268142
Test_205,0.23423951291847858,0.18152700657439938,0.1582424643527039,0.4259910161544181
Test_206,0.230712382647054,0.15696178064263172,0.1645292692681019,0.44779656744221247
Test_207,0.3183559421098938,0.14541570231690643,0.2972175428946325,0.2390108126785672
Test_208,0.8457670746148466,0.007509018905903309,0.01767501596806965,0.12904889051118054
Test_209,0.032204421641180654,0.017506539818957115,0.7196459568232159,0.23064308171664635
Test_210,0.002319687576517152,0.005224804186845011,0.018092601469367225,0.9743629067672706
Test_211,0.01718512312904365,0.019456594346264202,0.9003042855244142,0.06305399700027775
Test_212,0.003025855864829155,7.997503178583786e-05,0.9968925159623653,1.6531410198869343e-06
Test_213,0.42892644731185736,0.00933822123272229,0.25882182239973595,0.30291350905568426
Test_214,0.6787925199433841,0.012723294743335237,0.19150140616465144,0.11698277914862924
Test_215,0.025334564820239415,0.04400648570874098,0.09271100742210572,0.8379479420489139
Test_216,0.04165134954610703,0.00783810204296057,0.9495586618100497,0.000951886600882775
Test_217,0.019468808726540915,0.018746376955796177,0.5833388805818822,0.3784459337357806
Test_218,0.7020305267529596,0.013788149640527981,0.2600220118417994,0.0241593117647131
Test_219,0.433650917985687,0.09123750343439518,0.43910723416826125,0.03600434441165645
Test_220,0.1856557695354143,0.14682918513387458,0.2761428548508165,0.39137219047989463
Test_221,0.17391616392499967,0.05039914013335084,0.7192891846277288,0.05639551131392052
Test_222,0.0965932592011283,0.036127804801134984,0.48278691210303215,0.3844920238947046
Test_223,0.1115387822869642,0.02883545113005874,0.5347538696698771,0.3248718969130998
Test_224,0.5874438904139235,0.005347510754146806,0.4043637086096061,0.0028448902223236756
Test_225,0.9292846917194465,0.004352218319487907,0.024441813983856704,0.04192127597720883
Test_226,0.006138242635330988,0.2748072806281408,0.6547470802918164,0.06430739644471173
Test_227,0.12463403039087605,0.11294243828503105,0.1275053722768341,0.6349181590472588
Test_228,0.00047281532110338804,0.000662387062320498,0.9982067445535017,0.0006580530630743785
Test_229,0.23366397651311152,0.12171090458991035,0.555377513461845,0.08924760543513299
Test_230,0.5759875773537403,0.028934621321558423,0.057236479660596265,0.3378413216641049
Test_231,0.012391742969938032,0.013785138842757777,0.007990209480591363,0.9658329087067129
Test_232,0.5511649056523962,0.05487797821729797,0.25292019878580096,0.14103691734450496
Test_233,0.031191084738338353,0.03850117404297691,0.8445715418782186,0.0857361993404661
Test_234,0.3142319008594011,0.07277320633235254,0.44533199952017216,0.16766289328807413
Test_235,0.12337811250816474,0.02457860398302063,0.3178800593171968,0.5341632241916179
Test_236,0.8386779299293823,0.07417910338465462,0.07094381718450304,0.01619914950146018
Test_237,0.06196183074334272,0.3130564626006789,0.10141201450366871,0.5235696921523098
Test_238,0.4292694386687138,0.02378933714263847,0.5172210066667504,0.029720217521897314
Test_239,0.009218739032841228,0.10597848882630434,0.48177331191886513,0.4030294602219892
Test_240,0.0692912237670807,0.036446834414504324,0.47705345773432184,0.41720848408409306
Test_241,0.0786105103052551,0.08247731946230624,0.17884114177935434,0.6600710284530844
Test_242,0.11138738222037656,0.028843233000393903,0.08968720430774481,0.7700821804714847
Test_243,0.6516641822921261,0.029212004037541893,0.2730796012856985,0.046044212384633416
Test_244,0.34720262933664947,0.04709283204199845,0.26022336056586803,0.34548117805548406
Test_245,0.00038078338943819425,0.035842278052525864,0.84515327132158,0.11862366723645598
Test_246,0.1749946880370763,0.12969041087183245,0.2250885691083492,0.47022633198274216
Test_247,0.1489263261978108,0.16015923103265248,0.15271763328490076,0.5381968094846359
Test_248,0.7888524082452057,0.008382610480540752,0.03637389328679817,0.16639108798745533
Test_249,0.20943460252016732,0.2152456247108627,0.31663853084724036,0.25868124192172964
Test_250,0.9440995845972596,0.05463441865893506,0.0012639606816765964,2.036062128825613e-06
Test_251,0.18738696050739403,0.1575064053923037,0.2759894841195429,0.3791171499807594
Test_252,0.09214743876717031,0.0017370647964985019,0.7540009667450865,0.15211452969124462
Test_253,0.018339625658311206,0.002294650129638848,0.004724561146320995,0.974641163065729
Test_254,0.22132802457519826,0.16962785422434581,0.21526130972687169,0.3937828114735842
Test_255,0.2148135706827314,0.09930578112548762,0.2638308287787543,0.42204981941302677
Test_256,0.20890756783988873,0.10764945306440078,0.09519199548940802,0.5882509836063025
Test_257,0.9321774278525768,0.0002734276383387348,0.06754866685033102,4.776587533468558e-07
Test_258,0.20740512576280362,0.1376605752544156,0.4082048013132188,0.24672949766956184
Test_259,0.7464906651176736,0.03922684489214045,0.12651863114889142,0.08776385884129456
Test_260,0.3605905022190225,0.12455865901229678,0.2824612441628865,0.23238959460579411
Test_261,0.3119270873357824,0.10081401286746244,0.4565170643575453,0.1307418354392099
Test_262,0.347984849649553,0.08678804944661107,0.44002451722180536,0.12520258368203052
Test_263,0.16447047661630385,0.000850564981200616,0.048471210742043226,0.7862077476604523
Test_264,0.5800973115679726,0.0007457889576181421,0.41614065704882297,0.0030162424255861845
Test_265,0.025638244648433724,0.06419819617933066,0.8621699565741155,0.04799360259812014
Test_266,0.16467743099588125,0.15134774610233417,0.17728441187322574,0.5066904110285588
Test_267,0.9985477313644255,6.076002794588609e-05,0.00023874645458832108,0.0011527621530403945
Test_268,0.007260442748815123,0.2681146397288469,0.632610179709272,0.09201473781306599
Test_269,0.18036481002005203,0.0627187465593267,0.707042597814897,0.04987384560572417
Test_270,0.1871987419850777,0.09481057242734002,0.19918742633739794,0.5188032592501843
Test_271,0.2141839513956372,0.13536312074384443,0.3122693751828066,0.33818355267771166
Test_272,0.27345333488960133,0.08863410941398561,0.3568082470284299,0.28110430866798325
Test_273,0.7790372662746187,0.0010755466864677088,0.11668915856217069,0.10319802847674298
Test_274,0.16419569027011,0.13320465801707682,0.3923560397129573,0.3102436119998559
Test_275,0.0018925012107756658,0.005725879373244295,0.7869370585946286,0.20544456082135137
Test_276,0.07527039408373042,0.04741236655479484,0.12789428136144596,0.7494229580000289
Test_277,0.6175575056423459,0.015808362123056672,0.13399387748716304,0.2326402547474344
Test_278,0.14515679791702107,0.03263754517165311,0.11040147842991614,0.7118041784814096
Test_279,0.5325992121292137,0.025786162200409406,0.34886900192978726,0.09274562374058964
Test_280,0.11191047657798231,0.12550125111954222,0.14708936142753806,0.6154989108749375
Test_281,0.1767497620444221,0.12015944403691087,0.18301319809861158,0.5200775958200554
Test_282,0.39236833661345827,0.12900509014435027,0.17891316425965387,0.2997134089825376
Test_283,0.23490070312191808,0.05339686729318107,0.11882952042710304,0.5928729091577979
Test_284,0.1653501303144179,0.01104034363936437,0.2222474513002181,0.6013620747459997
Test_285,0.19804045334407344,0.0004827839573063916,0.10720752451365557,0.6942692381849646
Test_286,0.4452884076685782,0.0737816536228173,0.21502542861159982,0.26590451009700466
Test_287,0.22357030521164992,0.1830564069731912,0.14367944942343686,0.449693838391722
Test_288,0.01728615192726844,0.028083015601325544,0.041096916738393774,0.9135339157330122
Test_289,0.013149338975705895,0.0014958286407898435,0.004949708371116001,0.9804051240123881
Test_290,0.18576662298105368,0.17482659945925974,0.27499983728669425,0.36440694027299236
Test_291,0.16409162923762427,0.10268891924214617,0.356040301684437,0.37717914983579254
Test_292,0.1449310815724328,0.0007280410939526197,0.8422748565391031,0.012066020794511627
Test_293,0.06787901388594929,0.03557770097203655,0.13976920341756094,0.7567740817244532
Test_294,0.3971126439561252,0.12316264756572101,0.425440093220044,0.054284615258109715
Test_295,0.022652459219418646,0.005578847377397744,0.932111227696316,0.03965746570686767
Test_296,0.28678055707877226,0.1585293783562711,0.25408654411339954,0.300603520451557
Test_297,0.11051778167089665,0.23840335634614185,0.1623708422129815,0.48870801976997996
Test_298,0.020362997793273392,0.017733423516850914,0.9471935608932323,0.014710017796643559
Test_299,0.006376351653201765,0.24938549904783613,0.10099501466710127,0.6432431346318608
Test_300,0.4194376131346237,0.1231007400754947,0.3184176032401756,0.13904404354970604
Test_301,0.24682821740170652,0.17751307519749893,0.37532529917158625,0.20033340822920825
Test_302,0.0278014665569222,0.07516123179398947,0.03503876513326433,0.8619985365158239
Test_303,0.4208699268652213,0.16006075525926405,0.24503377357345382,0.17403554430206072
Test_304,0.7741162754510086,0.003738508669172918,0.21508268805129246,0.0070625278285259725
Test_305,0.6182385255110284,0.042750287192002176,0.034131951385301985,0.3048792359116673
Test_306,0.19109247705796448,0.009651924905124983,0.22593309098619205,0.5733225070507184
Test_307,0.773721164055333,0.028066685040411682,0.19287749928699327,0.0053346516172618616
Test_308,0.33752036993240797,0.10017177354332862,0.18522025766576955,0.37708759885849397
Test_309,0.07891973115832895,0.20210712920476132,0.22413448500467562,0.49483865463223414
Test_310,0.13764266927682012,0.24911912416881019,0.16352584759540287,0.44971235895896683
Test_311,0.31645854276362173,0.06902524953525227,0.09035847044397524,0.5241577372571508
Test_312,0.1346854529235996,0.13766445467074848,0.13979934020880566,0.5878507521968462
Test_313,0.2487136569755336,0.16135777243326552,0.2778047034637455,0.3121238671274555
Test_314,0.5101777154812296,0.15871573947320855,0.04641280461846179,0.2846937404271001
Test_315,0.018406834523338293,0.06740066151899973,0.09073211436524639,0.8234603895924156
Test_316,0.7097202359379108,0.007576332508458805,0.24599213967726055,0.036711291876369845
Test_317,0.02181107375080838,0.0014654772013431457,0.9751814900098599,0.0015419590379885104
Test_318,0.15307731726562576,0.07939366300237309,0.12069584512351729,0.6468331746084839
Test_319,0.0016095237292867715,0.0045686565549751985,0.9932152572850159,0.0006065624307222207
Test_320,0.5519410490120377,0.11995074461052777,0.18805132521418375,0.14005688116325077
Test_321,0.24399144785760712,0.19387816249564693,0.3909219913513433,0.17120839829540263
Test_322,0.397583682502281,0.014378001359850175,0.5308014827257594,0.05723683341210951
Test_323,0.3890606072230911,0.13540415275850679,0.267202752945138,0.20833248707326418
Test_324,0.21501976287305932,0.06907113364934848,0.6998300805876143,0.016079022889977895
Test_325,0.20334135926899116,0.1243051554916242,0.2060075993329667,0.46634588590641796
Test_326,0.21802984089780764,0.0884316833892378,0.6677699239255231,0.025768551787431516
Test_327,0.2344659701574463,0.12396623102165422,0.4327084603020896,0.20885933851880983
Test_328,0.19878450628269012,0.10417483392350196,0.15681175699206346,0.5402289028017444
Test_329,0.41169790395578537,0.06836642416222409,0.12610822591306267,0.39382744596892777
Test_330,0.2554710432199698,0.12992724856360346,0.24271660469339643,0.3718851035230304
Test_331,0.297124351819953,0.032314593433467785,0.4798836194613218,0.19067743528525752
Test_332,0.7108064397614816,0.013511104888856134,0.11941941629359926,0.15626303905606317
Test_333,0.031527393173962186,0.0021684654931359727,0.3435506209799451,0.6227535203529567
Test_334,0.07885921950154103,0.018979095433715197,0.8345154465103736,0.06764623855437019
Test_335,0.8077641120799389,0.00783540560897681,0.13414230351204,0.050258178799044456
Test_336,0.031282626112181376,0.025538848716269026,0.932058134110784,0.011120391060765594
Test_337,0.11563261624884649,0.015622333232768853,0.37578520130653076,0.4929598492118539
Test_338,0.4607917809161576,0.017210237226105447,0.09533662499804485,0.42666135685969214
Test_339,0.04600151156551649,0.019655480099108277,0.9217227443339022,0.012620264001472968
Test_340,0.00015481589147042004,6.0022585415869095e-06,0.9998391412167295,4.063325840364845e-08
Test_341,0.6300959395294684,0.03446668914303746,0.15458813589013834,0.18084923543735576
Test_342,0.5140569957157471,0.01627576808018707,0.13090004366842736,0.33876719253563836
Test_343,0.6523616854258996,0.017739211861689305,0.08439751617729208,0.24550158653511905
Test_344,0.10187358492726782,0.08493351321587125,0.20343009788063302,0.6097628039762278
Test_345,0.03430713133483208,0.003458579882749404,0.7681667518825499,0.1940675368998686
Test_346,0.3734550093571061,0.012288437952982354,0.11971029221969301,0.49454626047021844
Test_347,0.29443813079428804,0.22330707698424765,0.26550908357168307,0.21674570864978115
Test_348,0.08660273935265514,0.12962150855530166,0.43676092457018983,0.3470148275218534
Test_349,0.37405045324356434,0.11441289244013875,0.4123440770743945,0.0991925772419025
Test_350,0.2958500413359541,0.15337242066945575,0.07383815017623131,0.4769393878183588
Test_351,0.15681141155582495,0.04389397294157524,0.5187322284250895,0.2805623870775104
Test_352,0.42555632692175666,0.14039139643189374,0.16344840833833013,0.2706038683080194
Test_353,0.974700954645535,0.002955223791236361,0.010713471308748588,0.011630350254480153
Test_354,0.07855082837639055,0.022889066255807906,0.8975145550565372,0.001045550311264399
Test_355,0.5720840102460921,0.0001230520607440142,0.2742173162505904,0.15357562144257358
Test_356,0.9999560384548707,3.100872641963845e-05,1.1680658372670045e-05,1.2721603370394763e-06
Test_357,0.8951779254764265,0.006747275208164371,0.08100506468950977,0.017069734625899467
Test_358,0.07212377223802856,0.19080475957312046,0.4294229495538485,0.30764851863500253
Test_359,0.13094625113919872,0.13051805114353043,0.13005386076414135,0.6084818369531294
Test_360,0.2333838270401816,0.06789235503693325,0.1843824944960486,0.5143413234268365
Test_361,0.5957533659825729,0.012711829483928908,0.19583420623301667,0.1957005983004815
Test_362,0.40448362342346117,0.038391743904134294,0.08571987744647963,0.471404755225925
Test_363,0.2749432713031062,0.011805947475769428,0.7034343942182847,0.009816387002839738
Test_364,0.6511766281436014,0.025916803893373797,0.25538703963125103,0.06751952833177369
Test_365,0.3312725387173203,0.007863595339952806,0.6288571024574559,0.03200676348527099
Test_366,0.1781653395874819,0.11117665004246548,0.4535730430795256,0.25708496729052693
Test_367,0.02578943004849792,0.015415478516244745,0.8238427624196748,0.13495232901558255
Test_368,0.24037148071479347,0.12202286053544469,0.5106100129291774,0.12699564582058454
Test_369,0.11721665190697568,0.1696256701471888,0.2444027950900291,0.46875488285580647
Test_370,0.08388827892466798,0.09148926967302831,0.6825255163751843,0.14209693502711931
Test_371,0.14212331317965993,0.05389732389371209,0.4930148893691646,0.3109644735574633
Test_372,0.12234218285839327,0.015936913305423253,0.06308755434695439,0.798633349489229
Test_373,0.1867897719551911,0.12528891333687361,0.0922603958226596,0.5956609188852757
Test_374,0.2857179422060047,0.22137637706577168,0.2541795883889729,0.2387260923392506
Test_375,0.1813636168089724,0.10275331591344684,0.13501105009863,0.5808720171789508
Test_376,0.1446483411381899,0.020223562354470374,0.7097417924449188,0.12538630406242088
Test_377,0.3953736363520277,0.10578702926418485,0.2687540079420403,0.23008532644174703
Test_378,0.19105505993043684,0.0049860990952776485,0.6933649768429029,0.11059386413138261
Test_379,0.33396930878965614,0.021651179356095677,0.486474635242707,0.1579048766115413
Test_380,0.37812580559284187,0.128279906540492,0.20704330242633023,0.28655098544033586
Test_381,0.4129034874599798,0.1602145429930971,0.16433993153248605,0.26254203801443704
Test_382,0.127138266553467,0.038065626776347936,0.46474721939112146,0.37004888727906354
Test_383,0.6699800151904518,0.0007234101070657054,0.010985364184643924,0.3183112105178385
Test_384,0.16169593311478822,0.12973426055088014,0.43723596271450604,0.27133384361982565
Test_385,0.24209382612537003,0.02537626634929812,0.6318455196086976,0.1006843879166342
Test_386,0.13320456527544738,0.16172422207083034,0.21658063262665292,0.4884905800270694
Test_387,0.2850668568610159,0.0875482540233123,0.3783564809972442,0.24902840811842766
Test_388,0.7472012214535798,0.059598942491677874,0.10211431170980098,0.09108552434494151
Test_389,0.8423679501645315,0.004997603209865979,0.1374217487055721,0.015212697920030565
Test_390,0.20191966609108128,0.21948433140157933,0.2079980852388011,0.37059791726853836
Test_391,0.707622355552747,0.011264412128904175,0.11894701825424639,0.16216621406410253
Test_392,0.005499283468118661,0.005998200997871627,0.9725622597270648,0.015940255806944924
Test_393,0.06092821742346858,0.01107563511555514,0.04485995877065386,0.8831361886903223
Test_394,0.22526913743943416,0.0004421762606502596,0.5445321573628129,0.22975652893710258
Test_395,0.5159642073848186,0.0715412211153492,0.12698954406676202,0.28550502743307005
Test_396,0.29108020738428647,0.05802121379977819,0.12888567256808026,0.522012906247855
Test_397,0.2536698703932733,0.23255236478768965,0.2060267346410456,0.3077510301779914
Test_398,0.05671128067760771,0.036587795458534515,0.10294825167941783,0.8037526721844399
Test_399,0.26739520078669976,0.06223196948191759,0.28372877636196997,0.3866440533694126
Test_400,0.045130921325269795,0.035812301114227764,0.1173404712442235,0.801716306316279
Test_401,0.291584401794957,0.012792559478140375,0.40319460937543816,0.29242842935146457
Test_402,0.13159404413024658,0.07540151149042558,0.2739811778741832,0.5190232665051446
Test_403,0.17996219652854337,0.09286299906452546,0.429086789514722,0.2980880148922091
Test_404,0.054686156702807784,0.00200598170100074,0.24382176508615477,0.6994860965100367
Test_405,0.030037574979907965,0.008509662592857225,0.016171472088020545,0.9452812903392142
Test_406,0.09496442140605699,0.07288963781754805,0.24070822011957713,0.5914377206568179
Test_407,0.05921411013591073,0.009685607741395716,0.04140859147224226,0.8896916906504513
Test_408,0.19489445175911455,0.07216301806001017,0.16265817655871634,0.5702843536221589
Test_409,0.6405693059045536,0.002406194929514879,0.1352782742319596,0.22174622493397186
Test_410,0.09247970119903358,0.03367309544469114,0.041741918038381044,0.8321052853178943
Test_411,0.8145434664661858,0.07558495107955762,0.09017597837432104,0.0196956040799355
Test_412,0.2801521980333777,0.2960387557751965,0.39922671577790575,0.02458233041352001
Test_413,0.7769776901792675,0.07376541372503906,0.0691573402356715,0.08009955586002188
Test_414,0.13736813085691774,0.027404334431945447,0.7689350651526315,0.06629246955850526
Test_415,0.4397424810922226,0.0005125420728433614,0.20748561436978602,0.352259362465148
Test_416,0.33165052427419134,0.13021261103999632,0.3022141583977771,0.2359227062880353
Test_417,0.015307751292508484,0.0006362292196471346,0.9739807970211047,0.010075222466739527
Test_418,0.9742469805279496,4.4820714744085336e-05,0.025525428602963918,0.00018277015434218312
Test_419,0.237074195468737,0.00804297014742345,0.7426161947999913,0.012266639583848247
Test_420,0.25944680838978784,0.111058890925129,0.38545194907093494,0.2440423516141482
Test_421,0.21682218138767326,0.1888135152561225,0.16073198161613275,0.43363232174007144
Test_422,0.010235649402084952,0.005532418905149909,0.008963835815853053,0.9752680958769121
Test_423,0.2785016186797042,0.4283852331067587,0.19295401243319618,0.1001591357803411
Test_424,0.04606017724799668,0.16513480779938916,0.397388857783455,0.3914161571691593
Test_425,0.21188438140950386,0.15574190520720785,0.18543422112817684,0.4469394922551115
Test_426,0.19355247467135295,0.07551149628889527,0.3114891157178792,0.4194469133218727
Test_427,0.22686919933923913,0.18251405108238114,0.2452236191654212,0.34539313041295855
Test_428,0.15980302419809075,0.07084965328865706,0.24203533674483607,0.5273119857684161
Test_429,0.15604605482820927,0.1190089090331093,0.5346734336691474,0.19027160246953398
Test_430,0.36165992253780765,0.05369402540900476,0.5846397644999785,6.2875532090419965e-06
Test_431,0.7516056046931474,0.09276618621262409,0.0015896663681328942,0.1540385427260956
Test_432,0.12297489910266135,0.013124340316820766,0.13663256796535156,0.7272681926151663
Test_433,0.07089711509126678,0.10929879542602547,0.13392053889447045,0.6858835505882374
Test_434,0.22240068867549848,0.22715175509837915,0.24493009276180724,0.30551746346431524
Test_435,0.10871756469903301,0.14464487503149753,0.2499092077746341,0.4967283524948353
Test_436,0.31189054517204645,0.0668703588046084,0.2221365028862306,0.39910259313711455
Test_437,0.3199491169498379,0.045661444526271855,0.2911020898804998,0.3432873486433905
Test_438,0.1428270958822449,0.04692325680181749,0.5355225518899054,0.27472709542603224
Test_439,0.5459327631351665,0.06072740284286046,0.2069432455549394,0.18639658846703372
Test_440,0.3169295842752321,0.04259084395131964,0.4471889908027864,0.19329058097066198
Test_441,0.3219413684065085,0.05523452601388683,0.5351703746347357,0.08765373094486896
Test_442,0.115718881710869,0.0439665430934367,0.6834202026965539,0.15689437249914046
Test_443,0.09168989406988265,0.13790722254206478,0.1302240154966054,0.6401788678914472
Test_444,0.6453565725225696,0.02283608070989322,0.24787086693013796,0.08393647983739924
Test_445,0.003636458564033703,0.001990466806521131,0.010420804177278703,0.9839522704521665
Test_446,0.16313444583906886,0.03379032328439999,0.7302950568593476,0.07278017401718355
Test_447,0.2217019731387386,0.05936159371408031,0.6733749632512585,0.04556146989592262
Test_448,0.23806532653965717,0.1967588832548645,0.40204092088162424,0.16313486932385418
Test_449,0.1517347962829738,0.14580560582834673,0.36715797633162545,0.335301621557054
Test_450,0.3110777788303554,0.06665746482853038,0.5428848602077879,0.07937989613332634
Test_451,0.3635470070873876,0.21202212904042916,0.41410007945408045,0.010330784418102838
Test_452,0.14653985696331598,0.0139685403963276,0.1609994002611045,0.6784922023792519
Test_453,0.13344466144868325,0.19320811871143195,0.28260910796561733,0.3907381118742675
