image_id,healthy,multiple_diseases,rust,scab
Test_0,0.11663427580254407,0.09091626417369195,0.7395096257360579,0.05293983428770599
Test_1,0.06009795604825373,0.004114830850756818,0.1654733265827685,0.7703138865182209
Test_2,0.02363231822021173,0.022259891781558516,0.01853657972679767,0.9355712102714321
Test_3,0.729928330997226,0.0001663863993821692,0.2694929597364277,0.00041232286696429334
Test_4,0.36595862252600514,0.013021055821007068,0.6109992848948951,0.010021036758092692
Test_5,0.7791959939695132,0.0014821695193324871,0.193163072321795,0.026158764189359203
Test_6,0.34554559513506766,0.09694706973136463,0.37974403945648366,0.1777632956770841
Test_7,0.2372079292577686,0.24810395526244503,0.24984333851412213,0.2648447769656643
Test_8,0.15361412495756696,0.07545949149046177,0.11247691297762144,0.6584494705743498
Test_9,0.7463137545606178,0.010529891453194894,0.2275734065103571,0.015582947475830366
Test_10,0.3481110193861714,0.0036199000024226867,0.594562996068483,0.053706084542923
Test_11,0.9171654713168796,0.004626379594273373,0.06514518019864023,0.013062968890206778
Test_12,0.19895037818373132,0.07954860061831875,0.0734501051932739,0.6480509160046761
Test_13,0.5171220594129453,0.08380753474933328,0.37936516536639486,0.01970524047132648
Test_14,0.5927547324097256,0.038773294285372566,0.3476812150746587,0.02079075823024308
Test_15,0.0034039128734234137,0.005844362548200125,0.9907280297197363,2.3694858640104483e-05
Test_16,0.44977441865598095,0.04058073137358647,0.17580169119442832,0.3338431587760042
Test_17,0.02131254830250531,0.08471195882326472,0.029151883467560327,0.8648236094066696
Test_18,0.1369798546464241,0.0526878262187789,0.5970125407095214,0.2133197784252757
Test_19,0.07609762288954829,0.024820138990589467,0.87116153502846,0.02792070309140235
Test_20,0.44743507265185695,0.02860488000863304,0.054259084368604285,0.4697009629709057
Test_21,0.08411159348014365,0.0256371774918409,0.17555389930831183,0.7146973297197037
Test_22,0.163163853176927,0.005995548706771441,0.8272367589142744,0.003603839202027231
Test_23,0.2746605310269611,0.13949724108484549,0.22260198917960458,0.3632402387085889
Test_24,0.27047364056312934,0.021369176548779283,0.05939077902794974,0.6487664038601416
Test_25,0.22427757706679513,0.015472550451314694,0.10208413681262439,0.6581657356692657
Test_26,0.13329028443586668,0.11592563189600237,0.1603353489342678,0.5904487347338632
Test_27,0.33789657625395536,0.07803852019131069,0.4719438753993418,0.11212102815539214
Test_28,0.7479088861136133,0.034617627487720154,0.20588188298611296,0.01159160341255355
Test_29,0.5002475834776848,0.10744767368903096,0.23308620149655107,0.15921854133673302
Test_30,0.9911700635589817,0.00016844365441383383,0.006828899355854153,0.0018325934307501632
Test_31,0.28895562871318964,0.3457406296863996,0.1653319113211539,0.19997183027925683
Test_32,0.27025947274542816,0.049079137168532135,0.42641217690585403,0.2542492131801856
Test_33,0.12900178214084743,0.07077425676486734,0.26318025133604855,0.5370437097582367
Test_34,0.7773189187256864,0.002376097080527601,0.10864710202796676,0.11165788216581937
Test_35,0.018388258536278644,0.02700230918006873,0.033711625192559706,0.920897807091093
Test_36,0.030486800965995774,0.0006706914878961847,0.9673588115958746,0.001483695950233376
Test_37,0.0006165439489660143,0.01195963191956414,0.001211339507359522,0.9862124846241104
Test_38,0.012176794242626608,0.0057121719338824465,0.03098212934914612,0.951128904474345
Test_39,0.17578392709836813,0.07942433148995008,0.5551220529336366,0.18966968847804525
Test_40,0.032058200913462995,0.1866940712535573,0.3136248802077891,0.4676228476251906
Test_41,0.4248741383313541,0.01952620669411474,0.5511172087837756,0.0044824461907555496
Test_42,0.02029872025696161,0.027362631500511197,0.004602043725756739,0.9477366045167704
Test_43,0.7748464175802954,0.07439149004492644,0.15073798545091863,2.410692385966761e-05
Test_44,0.30504008899061175,0.21610887795625805,0.26901707840423167,0.2098339546488985
Test_45,0.4580907001708599,0.10046524204943022,0.10949946720019058,0.33194459057951925
Test_46,0.7335313366454723,0.025885984298939776,0.11887411285940655,0.12170856619618138
Test_47,0.30762116683705815,0.09724241478398267,0.35763988229099225,0.2374965360879669
Test_48,0.10739445614991902,0.013716432720928144,0.728888038143973,0.15000107298517992
Test_49,0.14811283254055418,0.06540797323462727,0.4371757026663445,0.34930349155847396
Test_50,0.01740179523652214,0.02219160524618985,0.8997370080201732,0.06066959149711485
Test_51,0.028687273236161062,0.4301035969895812,0.4512532577721248,0.08995587200213287
Test_52,0.23096434977944055,0.07273488080142088,0.4418619425042664,0.2544388269148723
Test_53,0.04434157305897869,0.00167274156609896,0.9533708611142155,0.0006148242607067131
Test_54,0.8819839017396169,0.06614694629246398,0.049608077788476326,0.0022610741794427624
Test_55,0.25216845695093276,0.007222022709656703,0.13783242811045796,0.6027770922289527
Test_56,0.1618429070554426,0.04094233231560998,0.16383340187906964,0.6333813587498778
Test_57,0.550090483715302,0.06306785756240775,0.20993360461108795,0.17690805411120225
Test_58,0.09831223201838152,0.5373092412399728,0.2114072112032938,0.15297131553835192
Test_59,0.1329517622519205,0.13080028166661323,0.26799826598097426,0.46824969010049206
Test_60,0.0422931344077808,0.04837612071122947,0.014241445299661844,0.895089299581328
Test_61,0.19427356837495027,0.12056821316999622,0.2539642832036877,0.43119393525136585
Test_62,0.37262972656382354,0.04640738564632063,0.29519207830570826,0.2857708094841476
Test_63,0.09239825689606451,0.056191994972473173,0.18746695346747166,0.6639427946639906
Test_64,0.3491650977462309,0.0015899364103017881,0.46473162346558144,0.1845133423778858
Test_65,0.5651571853171005,0.0031138332923110884,0.04407537123634331,0.3876536101542451
Test_66,0.7102470338707542,0.027118343563213833,0.25813977827868445,0.004494844287347476
Test_67,0.9044616483125981,0.0012888226778115588,0.041514344030205,0.052735184979385306
Test_68,0.5140404813478836,0.045119440927875655,0.1601423236821857,0.28069775404205516
Test_69,0.33819002637415585,0.1690496804146137,0.27605726486534055,0.21670302834588978
Test_70,0.23905493184858506,0.10601018689365473,0.16730622271119255,0.4876286585465677
Test_71,0.09885076389107332,0.008645305276598434,0.8847987768192995,0.007705154013028779
Test_72,0.1767350730022945,0.07587393816390108,0.4984642931126261,0.24892669572117848
Test_73,0.36579493124538914,0.008723670096394343,0.604839798871446,0.020641599786770506
Test_74,0.4632353339521599,0.18175928047291148,0.14936743767362926,0.20563794790129936
Test_75,0.2721930305502836,0.18290201168520567,0.17972432037129546,0.36518063739321516
Test_76,0.22745739152671293,0.004296586430450273,0.007102821250762186,0.7611432007920745
Test_77,0.6810614036092969,0.022684230953770777,0.18900160225388413,0.10725276318304833
Test_78,0.12020068794403906,0.14453573077860088,0.03955013210005249,0.6957134491773076
Test_79,0.41829651694813974,0.17670290279403675,0.1694006536345045,0.23559992662331905
Test_80,0.16234840027029065,0.19242763297859947,0.12730486241473654,0.5179191043363733
Test_81,0.2208596142787454,0.007741653005602711,0.7476625787150923,0.02373615400055966
Test_82,0.040088031572977835,0.036059743534596046,0.43280704343685744,0.49104518145556875
Test_83,0.08471459404858524,0.10351422746160814,0.36843431691246986,0.44333686157733687
Test_84,0.31869925810419836,0.08270432385575222,0.1794505278348683,0.4191458902051811
Test_85,0.33612086715927963,0.04278944803580321,0.2965789449828799,0.32451073982203726
Test_86,0.499600227516791,0.0018370017873693284,0.49527022004184373,0.0032925506539959685
Test_87,0.1682207561986075,0.4054141766144512,0.3210139998404637,0.10535106734647758
Test_88,0.21540384604569454,0.10629601102386248,0.20572981959664918,0.47257032333379373
Test_89,0.541887220236016,0.012758798315899116,0.43710786418514175,0.00824611726294322
Test_90,0.06673527246677896,0.03520098685295619,0.8150018824782931,0.0830618582019718
Test_91,0.8078004362822616,0.029629748901089527,0.014612149661610606,0.14795766515503816
Test_92,0.6733805185768195,0.020673660506021395,0.2319201594299974,0.07402566148716187
Test_93,0.08741589860275346,0.1360346191390954,0.44240136097036026,0.33414812128779087
Test_94,0.05597270092241728,0.03469926428682313,0.03522616854984298,0.8741018662409167
Test_95,0.08840786667754953,0.02284847751652686,0.8325340133943844,0.056209642411539355
Test_96,0.19175237043303534,0.04235921002321716,0.432527824014092,0.3333605955296554
Test_97,0.1925595494780522,0.03128592510955183,0.2565560009113609,0.5195985245010352
Test_98,0.6581377280376047,0.07557047775894568,0.08150115285010297,0.18479064135334672
Test_99,0.48149866011178977,0.14174589832080642,0.2104885633505472,0.16626687821685657
Test_100,6.600092163554958e-05,0.005324659076073845,0.00016551558469235945,0.9944438244175984
Test_101,0.6420773526584527,0.01587672703159581,0.06270254834880783,0.27934337196114367
Test_102,0.18946661193610154,0.07644834542090669,0.19676051397513997,0.5373245286678519
Test_103,0.8184921539417742,0.04669584465440825,0.027027527067908785,0.10778447433590865
Test_104,0.08599713056145554,0.062022463669741255,0.05101773063427531,0.8009626751345278
Test_105,0.21972533352995957,0.021301341673527478,0.28313297770866336,0.47584034708784956
Test_106,0.06504469025334801,0.12008605682828663,0.2503559455159661,0.5645133074023992
Test_107,0.2732011953893416,0.004478335791497184,0.4931967896285031,0.22912367919065804
Test_108,0.08554742168710826,0.10633625540783008,0.17558948070560162,0.63252684219946
Test_109,0.7776430978048573,0.15971493864616698,0.025593599478154115,0.03704836407082163
Test_110,0.4598517864348785,0.21065187497098756,0.016471253408946656,0.3130250851851872
Test_111,0.4053707388098067,0.08751721529450246,0.12832272865004524,0.3787893172456457
Test_112,0.15931861003943562,0.0779646279677125,0.09583012807988667,0.6668866339129652
Test_113,0.050714227517035235,0.14663056528760451,0.01705752833035009,0.7855976788650101
Test_114,0.08557476593958113,0.04632746918561219,0.8290208134208836,0.03907695145392308
Test_115,0.029445615534129055,0.03739940581149995,0.9245266192649328,0.008628359389438185
Test_116,0.22317251811993702,0.010512627623484944,0.6601619060514341,0.10615294820514398
Test_117,0.287831525456065,0.1834226974399241,0.4781118026321112,0.05063397447189974
Test_118,0.6177668050403647,0.004020073401774245,0.17003943585690026,0.20817368570096068
Test_119,0.8742529765971052,0.04548667713754872,0.04990063379143611,0.030359712473909922
Test_120,0.21325700807209458,0.033373155210883486,0.6846355898807555,0.06873424683626657
Test_121,0.26139355457414043,0.02072015762963843,0.6351407058539664,0.08274558194225468
Test_122,0.3866366783351887,0.19481787305787984,0.3775741834165264,0.040971265190405025
Test_123,0.09023197970961758,0.25915287882370464,0.10742276388672166,0.5431923775799561
Test_124,0.14825082872282916,0.03749481550286075,0.26744552114199066,0.5468088346323194
Test_125,0.4978269510150959,0.025420956933898974,0.22143507110595737,0.2553170209450479
Test_126,0.9032329943256348,0.005216417114544245,0.08859716246087984,0.002953426098941193
Test_127,0.04765092341055476,0.014768610767842189,0.04182455412435446,0.8957559116972487
Test_128,0.012290010434163699,0.004166848808970407,0.9553739656463369,0.028169175110529028
Test_129,0.2339057434690144,0.06549692384798801,0.2720355348657961,0.4285617978172015
Test_130,0.08996390541038002,0.038301475295474466,0.052204846166837876,0.8195297731273077
Test_131,0.00036043590621239293,0.01298759153160538,0.0008227717515090358,0.9858292008106733
Test_132,0.7337008233453807,0.008330389718768172,0.24791717544498393,0.010051611490867376
Test_133,0.01595009674201392,0.036687035415410366,0.011652685212690436,0.9357101826298854
Test_134,0.2734057425537388,0.005206638039561493,0.288222056033228,0.4331655633734718
Test_135,0.25504497307799284,0.11332220734732001,0.5235456869149229,0.10808713265976427
Test_136,0.0029622204966060638,0.008154590136243818,0.011213157095213661,0.9776700322719365
Test_137,0.16388216187043267,0.3725877395710536,0.34593790671800406,0.11759219184050967
Test_138,0.02628953906569362,0.0011405880796156668,0.9715572546678514,0.0010126181868393234
Test_139,0.6302663689708722,0.007500036430359919,0.03423068819092547,0.3280029064078425
Test_140,0.12284343256475223,0.11214204246205636,0.545935022715545,0.2190795022576464
Test_141,0.05387170595237638,0.004952479262216886,0.6616899780581713,0.2794858367272354
Test_142,0.577158441869867,0.11019296169251407,0.1635226843940935,0.14912591204352543
Test_143,0.06403854532671406,0.02065778912951966,0.018874263565883714,0.8964294019778827
Test_144,0.9996084356589465,6.759910194240872e-08,9.350924031644352e-05,0.0002979875016349903
Test_145,0.2988617078834261,0.12432278455855217,0.2623425675767516,0.31447293998126996
Test_146,0.020032036482659808,0.0042260058675918965,0.8020350569079425,0.1737069007418058
Test_147,0.022461941659521194,0.3985386068959473,0.5358839291218488,0.04311552232268272
Test_148,0.37211681282060033,0.01989070896199578,0.3657790774498977,0.24221340076750625
Test_149,0.6563575750211672,0.00946659253296134,0.11799375507528222,0.2161820773705892
Test_150,0.5287098779147491,0.03616884784492374,0.15448584936973053,0.28063542487059656
Test_151,0.4891610653969094,0.013785593291385421,0.47929906495177155,0.01775427635993377
Test_152,0.2728482987569189,0.07842244143736775,0.16427229273116442,0.4844569670745491
Test_153,0.19165873198108616,0.013950127960528698,0.6059232658051692,0.18846787425321584
Test_154,0.4177913730783012,0.09246645595175675,0.16386287593788237,0.3258792950320596
Test_155,0.12063640477379954,0.1330806277063782,0.4912031260756259,0.2550798414441962
Test_156,0.10420554522274723,0.06406395020277053,0.21273616972238113,0.6189943348521011
Test_157,0.5352925939986259,0.1199145904094522,0.3199077030908808,0.024885112501041116
Test_158,0.07486593053896881,0.060171108955153076,0.06359599226231145,0.8013669682435666
Test_159,0.2455354917144438,0.016656886267918104,0.24673228902503877,0.4910753329925994
Test_160,0.9822178961433632,0.00036286908459856804,0.014580857355090586,0.0028383774169477706
Test_161,0.29918194576226753,0.00752024370768799,0.19978652160585403,0.4935112889241905
Test_162,0.6346004210948872,0.0525532196635593,0.2166921031174214,0.09615425612413218
Test_163,0.17944850738538995,0.33800986201497013,0.07904411507104249,0.4034975155285976
Test_164,0.22725817415224014,0.09433607957445818,0.14775110632116883,0.5306546399521328
Test_165,0.014257446278916147,0.06599856405887598,0.08111564766562493,0.8386283419965829
Test_166,0.3159574129862643,0.014111913988236639,0.5138705796862483,0.1560600933392508
Test_167,0.24477565456164338,0.05459674363100633,0.5912319977003606,0.10939560410698959
Test_168,0.06986013723427985,0.14925534104719032,0.753320763774971,0.02756375794355879
Test_169,0.7090691625654492,0.025614568581894436,0.20286018233720238,0.062456086515454014
Test_170,0.6180942984630551,0.00671545706261181,0.3515008367873628,0.023689407686970275
Test_171,0.0007119618076194156,0.0018677247815017033,0.997212835967519,0.000207477443359831
Test_172,0.13515296370622804,0.04068473178742318,0.7132693950707677,0.1108929094355811
Test_173,0.6654075243669887,0.014777453642394533,0.318612124056972,0.0012028979336447493
Test_174,0.08847256393738004,0.09404703064170086,0.09979564998920921,0.71768475543171
Test_175,0.34968923019788767,0.026628897951289178,0.15289039948204994,0.4707914723687731
Test_176,0.009945503693077517,0.011779349609480901,0.920417816928187,0.05785732976925468
Test_177,0.21225841392245054,0.10729800133252551,0.08105427836099803,0.5993893063840259
Test_178,0.0037149545441374438,0.002109301583490182,0.000985415956097062,0.9931903279162752
Test_179,0.30521677863389113,0.02513974850450601,0.6324306034715192,0.03721286939008345
Test_180,0.07173530614665913,0.06547805045368722,0.026825225242215776,0.8359614181574379
Test_181,0.23040134833277082,0.0926956893957916,0.12147703419967998,0.5554259280717576
Test_182,0.5654405621095137,0.040412410292561936,0.09921263443778847,0.294934393160136
Test_183,0.39587789360867703,0.026057246845325784,0.5345342812094984,0.043530578336498836
Test_184,0.706141130557366,0.021445695955375026,0.11105803180216414,0.16135514168509474
Test_185,0.2894423587313585,0.33100275427967357,0.029312173681530364,0.3502427133074375
Test_186,0.07639160423063825,0.10689372612818146,0.03724580244437905,0.7794688671968012
Test_187,0.3130054466315893,0.22337403886804905,0.4003495070129213,0.06327100748744037
Test_188,0.2579154707568335,0.028180436558445963,0.6576640548606396,0.05624003782408095
Test_189,0.45106466437821324,0.06313155480095387,0.39304462892885456,0.09275915189197825
Test_190,0.2785173053183554,0.09677273664334929,0.49069862665746505,0.13401133138083016
Test_191,0.010539021050080363,0.017031176454703697,0.9724111051519575,1.869734325847165e-05
Test_192,0.20116067955410588,0.017674721339026155,0.6292052849552981,0.15195931415156988
Test_193,0.037939854851341444,0.029650017084673557,0.9069079972760972,0.025502130787887753
Test_194,0.1577081682631039,0.049795331766691,0.7829017133632368,0.009594786606968313
Test_195,0.062362172262443956,0.5265927763551241,0.35571036628616287,0.05533468509626913
Test_196,0.03177343981212762,0.03827081690773471,0.0017498722573026859,0.928205871022835
Test_197,0.033276003576746475,0.0792306240174069,0.14119733825808276,0.7462960341477639
Test_198,0.07793687106581217,0.007281994728150675,0.023695330128963805,0.8910858040770733
Test_199,0.3113867907103094,0.00940190941494369,0.36643233428114796,0.3127789655935989
Test_200,0.10918307382066951,0.2002122467164159,0.19114559597030928,0.4994590834926054
Test_201,0.034706265796598086,0.05934505183062388,0.03937685626666372,0.8665718261061143
Test_202,0.05444608075113701,0.1113639520828485,0.2857840794252696,0.5484058877407448
Test_203,0.4751683826086437,0.12997503858776444,0.25365841423304253,0.14119816457054934
Test_204,0.045703308484334064,0.07356691178940132,0.03660591582716068,0.8441238638991039
Test_205,0.18554097876123712,0.04668849068092255,0.08850046491766951,0.6792700656401708
Test_206,0.005982483531635862,0.001185684726153439,0.002742967340245395,0.9900888644019652
Test_207,0.053443951357770345,0.02230489869435193,0.4062294590684101,0.5180216908794676
Test_208,0.6220220966774921,0.022759195647199366,0.2560586278937901,0.09916007978151847
Test_209,0.03144649496850301,0.07048638886007198,0.8403408705378743,0.05772624563355052
Test_210,0.011462248479579511,0.06115011929937685,0.10620799343898797,0.8211796387820556
Test_211,0.41324010017254525,0.17268222113248965,0.3884623819964422,0.025615296698522822
Test_212,0.0012892699323389096,0.0012341221923456874,0.9974698704727265,6.737402589067038e-06
Test_213,0.07318738927013059,0.03306911012007912,0.7482508739770531,0.14549262663273704
Test_214,0.041932607519860415,0.1107294045361514,0.8066843294330999,0.040653658510888285
Test_215,0.1905900674859464,0.6086256300043895,0.16749435988845734,0.03328994262120675
Test_216,0.12657219936123076,0.00026792275479564144,0.870813426359718,0.002346451524255648
Test_217,0.04745209489471521,0.0034842519597177344,0.0902838439873958,0.8587798091581712
Test_218,0.12849342806655048,0.002504854725114018,0.8689149889339223,8.672827441325472e-05
Test_219,0.6836560079885398,0.08405894557870273,0.22392026053365366,0.00836478589910376
Test_220,0.09012714300255166,0.06863024859460348,0.04749197383503619,0.7937506345678086
Test_221,0.09672886883525653,0.2835562566395123,0.2383194315161452,0.38139544300908607
Test_222,0.2103860398265,0.050208189096447996,0.277765838534388,0.46163993254266394
Test_223,0.1803584784939357,0.06642495641749496,0.4030069446134028,0.3502096204751665
Test_224,0.48692110301656377,0.015738501189125287,0.47825820626647303,0.01908218952783806
Test_225,0.908247127353319,0.014119868960084558,0.06449557356051548,0.013137430126080894
Test_226,0.05218142587466715,0.03467989121799388,0.059562304965470526,0.8535763779418684
Test_227,0.029887296624771926,0.02315213730914494,0.06908606928204804,0.8778744967840352
Test_228,0.00010206849228017454,0.00017615973032446877,0.9997146711330027,7.1006443928006184e-06
Test_229,0.24562682174743836,0.37948263509631874,0.3255920349984579,0.049298508157785095
Test_230,0.28107048842525884,0.0063789346299256535,0.027751673939504076,0.6847989030053115
Test_231,0.02667487276177512,0.004113853311213474,0.0009625401910943628,0.968248733735917
Test_232,0.8283189253453628,0.003940904223657248,0.15120952207001845,0.016530648360961495
Test_233,0.017472507890497903,0.0004786766756041274,0.9789750766881035,0.003073738745794491
Test_234,0.1320530193783881,0.04083341470940644,0.10878607479105194,0.7183274911211535
Test_235,0.02601649307766842,0.07409886395800844,0.20081894123140315,0.69906570173292
Test_236,0.6602834111781583,0.2806645744034701,0.010367426744165438,0.04868458767420615
Test_237,0.27572003003743045,0.28949242575149065,0.34240940073324144,0.0923781434778374
Test_238,0.4005463350093001,0.14324780507775908,0.42928639084284737,0.02691946907009357
Test_239,0.3505628537060909,0.010302770280054661,0.3466215872241088,0.2925127887897456
Test_240,0.307844881023763,0.03853354415210011,0.5447986270180478,0.10882294780608914
Test_241,0.17270570975757654,0.3777113690901977,0.16389835474863795,0.2856845664035878
Test_242,0.07406317525511127,0.00961388854371476,0.017815454493479578,0.8985074817076943
Test_243,0.40481745939455815,0.04894639541180765,0.4698763336767864,0.07635981151684787
Test_244,0.3733184103627626,0.11392107124878481,0.21323631015184627,0.2995242082366064
Test_245,0.0890460637543771,0.5126881603095632,0.372477848680847,0.025787927255212593
Test_246,0.15264655972816163,0.06672024079813942,0.12777221785601955,0.6528609816176794
Test_247,0.038676456330310915,0.06789417574505621,0.07096600887120774,0.822463359053425
Test_248,0.3076657051711962,0.07203800556638616,0.12409406047465013,0.49620222878776765
Test_249,0.20804705061848322,0.056427749932948724,0.44947255434255295,0.2860526451060151
Test_250,0.028880574555683994,0.014501571527291307,0.9566168021036942,1.051813330528027e-06
Test_251,0.38405586693489063,0.22661005388038846,0.16357566564291823,0.22575841354180262
Test_252,0.20383193106990075,0.012589520893261433,0.6659444679478662,0.1176340800889716
Test_253,0.04113760960567381,0.03618366783723106,0.02277754940871424,0.8999011731483809
Test_254,0.2712838174541215,0.14290352214597485,0.11741950072387887,0.4683931596760248
Test_255,0.00322984658634908,0.003873571258410223,0.0014775944163977397,0.991418987738843
Test_256,0.001134769425671336,0.0028554850154376187,0.00037233544157508797,0.9956374101173161
Test_257,0.6631549555381229,0.007661824529594155,0.3281429926866476,0.0010402272456351764
Test_258,0.1369570157725837,0.1287064944289332,0.6124479881412824,0.12188850165720067
Test_259,0.3511283375422555,0.34409922187653413,0.14796380431515227,0.15680863626605818
Test_260,0.01607720094165309,0.03942052943684874,0.004803174558949039,0.9396990950625491
Test_261,0.1912598316229115,0.050033650331029605,0.606004313710609,0.15270220433544976
Test_262,0.2153169041362817,0.10923016247032927,0.45950657932523675,0.2159463540681523
Test_263,0.1411545681330399,0.014824369559162562,0.007382817948053691,0.8366382443597438
Test_264,0.42188129009902436,0.00010970011727252785,0.573543405265527,0.004465604518175903
Test_265,0.09511908697245963,0.05292274823356841,0.8146597795137295,0.0372983852802425
Test_266,0.0006000704164937436,0.0013825591982597756,0.0007757860843314277,0.997241584300915
Test_267,0.9847253861551658,0.0026890938675553336,0.009611788320783186,0.0029737316564958094
Test_268,0.033652416120730555,0.41138506873714076,0.11362337250886496,0.4413391426332636
Test_269,0.1934565714570985,0.06748996156685531,0.16519423911928072,0.5738592278567655
Test_270,0.0925263391530501,0.06988239163733945,0.12046357904920267,0.7171276901604078
Test_271,0.2246587576772126,0.07750722340643285,0.2376746018878069,0.4601594170285478
Test_272,0.06391948466372606,0.08088531940834207,0.5588051702691171,0.2963900256588148
Test_273,0.6291348375125096,0.041355670090198776,0.2965674176363154,0.032942074760976096
Test_274,0.16766526431235942,0.15349819151555866,0.47090264612275184,0.20793389804932996
Test_275,0.10606166473747565,0.025880314803796777,0.4358014185452795,0.4322566019134481
Test_276,0.012940057993496632,0.02807465434654961,0.008225604280027178,0.9507596833799266
Test_277,0.03856047051277178,0.005109742596260964,0.0071344038698884634,0.9491953830210788
Test_278,0.016562574188980515,0.007318352047445403,0.012106060230837294,0.9640130135327367
Test_279,0.7656720802229804,0.015870958098033558,0.16990803600026438,0.04854892567872149
Test_280,0.01120907817335959,0.03191380387398569,0.005699010559050032,0.9511781073936048
Test_281,0.04453562147678571,0.09041742567595223,0.052278498646214464,0.8127684542010476
Test_282,0.022660739357585367,0.28008620680819746,0.010589334379781143,0.686663719454436
Test_283,0.7679718327639066,0.052222539815408184,0.08074838510936344,0.09905724231132178
Test_284,0.08621467788742836,0.3037229336431302,0.5826664221121536,0.027395966357287867
Test_285,0.4279485706812447,0.012123155847310444,0.060029376039703895,0.49989889743174104
Test_286,0.27519058948854336,0.03816066479521954,0.243888666885783,0.4427600788304541
Test_287,0.14764919867272017,0.11610306555600249,0.5291280800288075,0.20711965574246988
Test_288,0.01633986897624293,0.015002021032888335,0.009451233621412375,0.9592068763694565
Test_289,0.0010126285647404393,0.001989435135021689,0.00041802160287930743,0.9965799146973586
Test_290,0.34830624705724395,0.07331477643765515,0.4779996841174273,0.10037929238767355
Test_291,0.36220613587397815,0.06286018793439271,0.43657834437747384,0.13835533181415527
Test_292,0.3744225346032723,0.00022088000252295395,0.5927694541996809,0.03258713119452393
Test_293,0.1982381831970821,0.05660505343157932,0.678086210043254,0.06707055332808454
Test_294,0.7545132106237743,0.014095567256700688,0.17035379413244647,0.06103742798707857
Test_295,0.6168682706854232,0.014788987444197226,0.2580862932406183,0.11025644862976121
Test_296,0.324276718036834,0.057016588759531764,0.5020823663949949,0.11662432680863938
Test_297,0.0022213908980234834,0.00736883131188754,0.0027061348117233576,0.9877036429783657
Test_298,0.20494482767726666,0.17244185032390064,0.4203648936137409,0.20224842838509177
Test_299,0.0010676099149839009,0.004338103068626951,0.0011625899552016488,0.9934316970611876
Test_300,0.42650983760301026,0.10286097216906227,0.1514885555050778,0.31914063472284965
Test_301,0.3352014764587515,0.11324978483609248,0.3037371479210237,0.24781159078413234
Test_302,0.005250544018320027,0.03194071428292737,0.013744262903046825,0.9490644787957059
Test_303,0.27357289357154846,0.4787262673485278,0.14828684591683333,0.09941399316309028
Test_304,0.638047402468825,0.08257989102620199,0.17944124011639048,0.09993146638858261
Test_305,0.2981174432807969,0.05169840974851943,0.1317434009206341,0.5184407460500495
Test_306,0.25580536779557816,0.02203872780033257,0.5722101576033218,0.14994574680076742
Test_307,0.9477386303694203,0.011660625267023066,0.038061343588058835,0.0025394007754979235
Test_308,0.20429896778848974,0.018017680646150728,0.13533732264940548,0.642346028915954
Test_309,0.033263121160320035,0.21555577323802802,0.026198615356224843,0.7249824902454272
Test_310,0.19411653187458633,0.27347729234486895,0.20001215535263214,0.3323940204279126
Test_311,0.014153491857085271,0.981424172881745,0.004306497289054734,0.00011583797211505817
Test_312,0.012375708509516033,0.017842073178548083,0.027455672063313976,0.9423265462486219
Test_313,0.05432294018950805,0.0966293589782843,0.15782891166111043,0.6912187891710971
Test_314,0.2775923493764947,0.18802734177929653,0.27255813956899644,0.2618221692752124
Test_315,0.026660137260088087,0.20180039334496525,0.06969538102413728,0.7018440883708095
Test_316,0.45374601857671243,0.007501572970373534,0.03116594035494508,0.5075864680979688
Test_317,0.008491862082905685,2.4064404711441733e-05,0.9913798136827331,0.00010425982964955883
Test_318,0.005677668725975622,0.03727506449757058,0.0074310817161519285,0.9496161850603019
Test_319,0.0985410916540695,0.0032926332215526826,0.8946374667112608,0.0035288084131169886
Test_320,0.4874428484316386,0.02402541572131802,0.46735955474393387,0.02117218110310957
Test_321,0.4926922835836561,0.14632306676561177,0.28764842530439877,0.07333622434633329
Test_322,0.28218530039098305,0.011884749968636978,0.6944359802112511,0.01149396942912877
Test_323,0.27767534088117757,0.075927630426083,0.4520791406345958,0.19431788805814354
Test_324,0.5362051282233309,0.01252532355322629,0.04343977078738124,0.40782977743606147
Test_325,0.06504754792610175,0.028009609879154036,0.03817026784896451,0.8687725743457797
Test_326,0.13744588761457827,0.17382726899009576,0.5538541372115734,0.1348727061837527
Test_327,0.2402757171536853,0.0941533061350495,0.10803954581369252,0.5575314308975726
Test_328,0.17428358512496317,0.086591867680523,0.14351259506251576,0.595611952131998
Test_329,0.3984802374477705,0.012405411855012078,0.5709311675308935,0.018183183166323988
Test_330,0.2260207033008525,0.021185500743265244,0.5502137996362672,0.20257999631961512
Test_331,0.03946790441709055,0.004595756405552403,0.18817446454508713,0.76776187463227
Test_332,0.16255828343286602,0.040634188681277945,0.49005163685390246,0.3067558910319537
Test_333,0.2670658197857026,0.02837475576866984,0.27440787712933135,0.43015154731629623
Test_334,0.07732992694957819,0.0074434122468159895,0.905052827998987,0.010173832804618676
Test_335,0.5043765977069529,0.04856077312667506,0.31748224907420397,0.12958038009216813
Test_336,0.21520680862063146,0.005622441996207132,0.778261561928939,0.0009091874542222631
Test_337,0.4965287147042725,0.06543249709042331,0.06337919246990029,0.37465959573540397
Test_338,0.38358507284434074,0.05466897663100838,0.24195915902275697,0.3197867915018939
Test_339,0.05736801307774934,0.1539734235847102,0.678403396404405,0.11025516693313556
Test_340,0.20552455074386672,0.021002829061127645,0.7701174392194011,0.003355180975604604
Test_341,0.2833814310016957,0.14140960008697048,0.038694574153846764,0.5365143947574871
Test_342,0.4069355357702885,0.046258641704791804,0.5213023896523626,0.025503432872557144
Test_343,0.30490419978814154,0.10909651784839401,0.5693916556029908,0.016607626760473778
Test_344,0.23617103204399822,0.01879278004635098,0.7089938399693244,0.0360423479403265
Test_345,0.134071631424832,0.45235419897188855,0.364532207883446,0.04904196171983356
Test_346,0.036870351310411935,0.047364270761682065,0.7223781658976244,0.1933872120302816
Test_347,0.3879549758426171,0.057100430053630774,0.19822088275089716,0.3567237113528548
Test_348,0.12333261119215978,0.036666788419541865,0.4676594813464987,0.3723411190417997
Test_349,0.1747461452354517,0.4004895451931957,0.3108908607490668,0.11387344882228587
Test_350,0.022444737426417206,0.13596084082343632,0.005669798912532459,0.8359246228376139
Test_351,0.10821121485534403,0.08559341669849992,0.7078440397971606,0.09835132864899548
Test_352,0.14016975331554074,0.06461227089566406,0.05068889664574223,0.744529079143053
Test_353,0.47888474487022303,0.057714838235712294,0.07840895186114877,0.3849914650329159
Test_354,0.5493934145284005,0.10408409263600703,0.2970497729278814,0.049472719907711266
Test_355,0.9685242804323212,0.0037269271897009764,0.006392697735526963,0.021356094642450908
Test_356,0.5680260159406609,0.0030821996746304525,0.4260174072732105,0.002874377111498142
Test_357,0.9781069880201196,0.0014255644522621488,0.01776177730164761,0.0027056702259705607
Test_358,0.09820758459661928,0.1221086913058588,0.6643307482410884,0.11535297585643357
Test_359,0.19184993973972153,0.13504879535734154,0.06013521525008549,0.6129660496528514
Test_360,0.10285823293323233,0.07691627362876712,0.037964181043689225,0.7822613123943112
Test_361,0.19758604394515836,0.04660764892799058,0.6504805628283171,0.10532574429853399
Test_362,0.05882054843130157,0.017979397194273133,0.9034829305490677,0.019717123825357702
Test_363,0.0802051216442385,0.762199395579839,0.15740180480671437,0.00019367796920828872
Test_364,0.5509296304840308,0.01613559744412057,0.40979711037209504,0.02313766169975355
Test_365,0.5990980441962112,0.007650862613758396,0.38698832424288004,0.006262768947150406
Test_366,0.05068393416369257,0.01483490029399089,0.6787869745529266,0.25569419098939
Test_367,0.01261602602922665,0.01585790015758086,0.025902852091772,0.9456232217214204
Test_368,0.3819026114252968,0.03417646021546877,0.44556667735698835,0.13835425100224616
Test_369,0.04804354168357634,0.05115137171573562,0.06297108919264688,0.8378339974080411
Test_370,0.11234153028050237,0.01933061286725064,0.8671558806864206,0.0011719761658263558
Test_371,0.30441534797099473,0.09093763629758495,0.393299228919956,0.2113477868114643
Test_372,0.13249315751062452,0.0375073131871382,0.03562427437902836,0.7943752549232089
Test_373,0.1895098924224861,0.06430580394525426,0.601925089395147,0.14425921423711272
Test_374,0.1920908559345018,0.06085987826199194,0.23942941304227605,0.5076198527612302
Test_375,0.15055767560451153,0.07636148122879535,0.13597292024617724,0.6371079229205159
Test_376,0.4962519357891575,0.021305688992036702,0.08949751798139682,0.39294485723740896
Test_377,0.3008318432031697,0.1910487369828713,0.39299289589023,0.11512652392372898
Test_378,0.0501959063516911,0.007732509378851393,0.9401379342771197,0.0019336499923376378
Test_379,0.049419636693543455,0.028167333834473316,0.5704811514658925,0.3519318780060908
Test_380,0.2238203590943731,0.0607343280041687,0.02776096740015027,0.687684345501308
Test_381,0.05494237685173198,0.1304579950053848,0.27091315559353796,0.5436864725493452
Test_382,0.01764578627848951,0.4914629422418637,0.052045348644571617,0.4388459228350751
Test_383,0.7058438570211212,0.11710808587496367,0.04872071813075235,0.12832733897316295
Test_384,0.13929857637096307,0.020101377606906685,0.7404585816764184,0.10014146434571171
Test_385,0.12006544747449238,0.02749389680055265,0.27514395202800346,0.5772967036969514
Test_386,0.13683898546377182,0.22903476096223782,0.4666399400164035,0.1674863135575868
Test_387,0.5181253216104276,0.048236282367683986,0.09281836450995491,0.3408200315119335
Test_388,0.781210910500254,0.1275192850685492,0.05264328963827803,0.038626514792918606
Test_389,0.45278748727902146,0.010542469159793625,0.5321300561504749,0.00453998741070998
Test_390,0.2324309115705998,0.021929085226355245,0.1146267199752242,0.6310132832278208
Test_391,0.7812496418152336,0.05620679736796959,0.13233483733681153,0.03020872347998523
Test_392,0.3529955782022536,0.017585371788200223,0.38344467712561847,0.24597437288392773
Test_393,0.07358728388567981,0.11052698018817284,0.06445781652081795,0.7514279194053294
Test_394,0.6221930044021817,0.0025562525886699324,0.3548027165830519,0.020448026426096368
Test_395,0.385119915790483,0.32395831937481345,0.21026889291190126,0.08065287192280246
Test_396,0.4816395601417981,0.07738187905753571,0.1721140269232031,0.2688645338774632
Test_397,0.26804466678069555,0.13867823583471006,0.16979945012665348,0.42347764725794085
Test_398,0.09670499781066781,0.039051467103746934,0.19004565539598647,0.6741978796895989
Test_399,0.44343291037975147,0.03605652222482017,0.08590301507568969,0.4346075523197386
Test_400,0.13911909012244572,0.11401088714805498,0.45342596691104403,0.29344405581845523
Test_401,0.07151978361241805,0.022032074034864214,0.8948318825351941,0.011616259817523619
Test_402,0.005621703866741674,0.007807409428565181,0.005867761677833084,0.98070312502686
Test_403,0.6570394163008633,0.00200507606330768,0.3363067747648336,0.004648732870995423
Test_404,0.14208984240983627,0.07429392101466453,0.07179272307973808,0.7118235134957611
Test_405,1.4207941721238965e-05,7.759971976503829e-05,2.7911497835192665e-06,0.9999054011887302
Test_406,0.010587794005014623,0.02355468443215922,0.0037528890588997207,0.9621046325039265
Test_407,0.0008421597194710702,0.0012317240314271328,0.00011364499251096568,0.9978124712565909
Test_408,0.037681472149224675,0.02475710352069459,0.013982398734228853,0.9235790255958519
Test_409,0.21748305022070494,0.019242285526552248,0.15196871588665614,0.6113059483660866
Test_410,0.0005070677857408511,0.0024479401548433573,0.00017152841017971647,0.996873463649236
Test_411,0.7483839444302324,0.10197317539375851,0.10880697636707014,0.040835903808938874
Test_412,0.11662911710821272,0.6372245922407593,0.10131107812011407,0.14483521253091383
Test_413,0.07628099996816229,0.0026850539440550153,0.9205996285389187,0.00043431754886384455
Test_414,0.10235811535339516,0.008062487280791763,0.8726066174217113,0.016972779944101755
Test_415,0.07755650092214579,0.03270515561334436,0.5981546670297814,0.29158367643472854
Test_416,0.37836166554446315,0.09698820610379705,0.31673173642556335,0.20791839192617642
Test_417,0.014443563985858299,0.020219445793447033,0.9646468870429386,0.0006901031777560913
Test_418,0.11840661477938812,0.37070160618094805,0.22225585242099816,0.2886359266186656
Test_419,0.05531340455364657,0.0005842615135859291,0.9439700258237443,0.00013230810902315377
Test_420,0.5000937195465834,0.030029618158781746,0.40532360040111154,0.06455306189352326
Test_421,0.15078024652368074,0.04722356735069049,0.1731626230025503,0.6288335631230784
Test_422,0.2525000259843112,0.0404292940124444,0.3924470149512475,0.3146236650519968
Test_423,0.029632296172803024,0.678738331962695,0.14752934963374234,0.1441000222307597
Test_424,0.4769514935002812,0.11592083358924307,0.16123309932058488,0.2458945735898909
Test_425,0.3192362040814331,0.03548227520065135,0.05214356381843254,0.5931379568994829
Test_426,0.5572441710333937,0.015555374999217771,0.3753800331627003,0.0518204208046882
Test_427,0.030045912106673053,0.02041575083949595,0.009689248337726771,0.9398490887161043
Test_428,0.0729025633658384,0.06959011276607496,0.042316906864637224,0.8151904170034495
Test_429,0.15659267068080732,0.08434259340404386,0.2320517450359495,0.5270129908791993
Test_430,0.37779495700845683,0.05256842624158766,0.5196451259143663,0.04999149083558928
Test_431,0.8362592203824596,0.12089718660651734,0.014414820288981915,0.02842877272204118
Test_432,0.042098823448123546,0.0603676099935859,0.23889692013981037,0.6586366464184803
Test_433,0.025394611358064013,0.028441738387059063,0.009843221124024222,0.9363204291308528
Test_434,0.04830664399529405,0.012477362161911185,0.03601022857118096,0.9032057652716137
Test_435,0.509649652388849,0.024543755503436758,0.04041762984616423,0.42538896226155
Test_436,0.615436881202403,0.11128814858569167,0.11691186626400572,0.15636310394789968
Test_437,0.16293358005104777,0.025021058164262658,0.7658914677125497,0.04615389407213978
Test_438,0.05325926855117269,0.09263291454525761,0.6582043824817551,0.1959034344218146
Test_439,0.6416048803664008,0.03918143235831317,0.20919906797087945,0.11001461930440656
Test_440,0.49399836338913033,0.033886071806596654,0.39145927382953877,0.08065629097473413
Test_441,0.28847595799005676,0.016202955802621113,0.6827199827647322,0.012601103442589886
Test_442,0.02727468430165468,0.006184611020343887,0.9645674621329088,0.001973242545092662
Test_443,0.013334974128581624,0.011036094545286097,0.02356386353922019,0.9520650677869121
Test_444,0.2694345676301552,0.014737934514968907,0.6779496476060476,0.03787785024882834
Test_445,0.01317451038342443,0.38022829570393135,0.0013840835405050007,0.6052131103721393
Test_446,0.3025495493376261,0.028625140136013773,0.6111991860538382,0.057626124472521884
Test_447,0.0743697581782105,0.008512397857259827,0.8991605440833338,0.017957299881196
Test_448,0.3287613014319396,0.07290649843191196,0.4583170356332653,0.14001516450288307
Test_449,0.05950683458135839,0.08319616355321031,0.1050111016362854,0.7522859002291459
Test_450,0.2019242158820458,0.012419677270688812,0.7805737440812099,0.005082362766055421
Test_451,0.35766543409273494,0.2933965539143574,0.23111961646205842,0.11781839553084913
