image_id,healthy,multiple_diseases,rust,scab
Test_0,0.2127886639046433,0.02043259652557147,0.5695030690815113,0.197275670488274
Test_1,0.37421910299288075,0.010690295939571407,0.32876701077128656,0.28632359029626125
Test_2,0.3508060742043329,0.17191986036475954,0.28664433842942655,0.19062972700148087
Test_3,0.3387691308073024,0.023899638866939417,0.4419602990605355,0.1953709312652227
Test_4,0.2600270978742311,0.09354656287406644,0.48472143762949965,0.1617049016222028
Test_5,0.38931772751985366,0.03982095766438192,0.4189724624260519,0.15188885238971253
Test_6,0.2719386581409748,0.15369933479686923,0.26880882914137977,0.30555317792077624
Test_7,0.24442953466652725,0.23666444399109593,0.25117145236249655,0.2677345689798803
Test_8,0.2596840320673694,0.25298588720160126,0.2198809450567492,0.26744913567428014
Test_9,0.6039843892256472,0.026898029327263588,0.2995206422872234,0.06959693915986569
Test_10,0.3319179641906014,0.003230526282162064,0.44804918771606644,0.21680232181117012
Test_11,0.5093666093827494,0.042801751915308175,0.3137491114693785,0.13408252723256392
Test_12,0.34795336195361226,0.035007190295353346,0.18642417795083568,0.43061526980019876
Test_13,0.38901726956430654,0.05004511864996255,0.2843373991403931,0.27660021264533774
Test_14,0.32972598907465156,0.08064606865305947,0.32968625653052475,0.2599416857417642
Test_15,0.02396127890413114,0.0006180907049507283,0.9148671849293651,0.06055344546155303
Test_16,0.1653705061146085,0.039674058912524214,0.22268551727491886,0.5722699176979484
Test_17,0.0716143352102289,0.025549627280300437,0.11007502984655577,0.7927610076629148
Test_18,0.21624599450266793,0.08872319508426772,0.37330510096594105,0.3217257094471234
Test_19,0.2485769240232275,0.08479296937715065,0.2865941081714108,0.38003599842821106
Test_20,0.36864755108927055,0.05634617758115287,0.23341142615604388,0.3415948451735327
Test_21,0.26856761005000257,0.0858832140200955,0.28388159445629507,0.3616675814736068
Test_22,0.31074745437027446,0.10248694262688209,0.30112746579742056,0.28563813720542286
Test_23,0.10673073719089912,0.09505406576927222,0.1308004900814645,0.6674147069583641
Test_24,0.29571510261016876,0.11824440648136487,0.14239675330904092,0.4436437375994255
Test_25,0.2435169429715824,0.057700415652220116,0.39463141570103333,0.3041512256751643
Test_26,0.3207727574666476,0.16869111084084118,0.28457980653959236,0.2259563251529189
Test_27,0.36775372725327693,0.1654391156053538,0.2789451618243987,0.18786199531697068
Test_28,0.36140372115982905,0.12102748528951406,0.24294128127091352,0.2746275122797433
Test_29,0.31037702031386755,0.18651369114854036,0.2738356709064527,0.22927361763113932
Test_30,0.9988089718796219,0.0009259700007536061,9.582056846154971e-05,0.00016923755116293168
Test_31,0.2348020883152539,0.13516795258596184,0.4892196038700248,0.1408103552287595
Test_32,0.23982057824751224,0.17592555939106325,0.2977908180010575,0.28646304436036696
Test_33,0.26095208787242985,0.1953111712132753,0.2792233319629084,0.2645134089513865
Test_34,0.4406538334497274,0.03360242185515405,0.39450803442577176,0.13123571026934683
Test_35,0.1464222622773283,0.05392171821805231,0.17811928067007782,0.6215367388345415
Test_36,0.31142242483255034,0.017525473953245354,0.5621884845716459,0.10886361664255849
Test_37,0.17149991046971225,0.01636088641458055,0.24820670609123618,0.563932497024471
Test_38,0.2147468562949965,0.01715255092337582,0.3964062108549579,0.37169438192666976
Test_39,0.2296975928387887,0.2037833039718002,0.2393084526892909,0.3272106505001201
Test_40,0.16681390734189636,0.009913911633029304,0.2992631254953373,0.5240090555297371
Test_41,0.34267878777040933,0.10054074631272616,0.43494228695084886,0.12183817896601563
Test_42,0.15399542520375045,0.07704363882581254,0.21553364627776095,0.5534272896926761
Test_43,0.545185458932388,0.0019173584284845038,0.43986415532605777,0.013033027313069736
Test_44,0.24938768413335843,0.21308893811852134,0.27304218576373157,0.26448119198438874
Test_45,0.31916987673022457,0.3448589372132204,0.17867326237493691,0.15729792368161807
Test_46,0.2320708223071524,0.013762559073651768,0.5576777234403704,0.1964888951788254
Test_47,0.2910342735213871,0.11608927487022402,0.3077110354645554,0.2851654161438334
Test_48,0.20297729122746688,0.15141570927645473,0.36431260359812434,0.2812943958979541
Test_49,0.16610782841451593,0.06278643188916376,0.47301470348096136,0.298091036215359
Test_50,0.25037436250594536,0.07197026396112069,0.32693536144470214,0.3507200120882319
Test_51,0.030210062352685554,0.002352880049522938,0.2614271357865502,0.7060099218112413
Test_52,0.23772844381848154,0.04117339361579106,0.3867146688445126,0.33438349372121473
Test_53,0.28184371194451663,0.017063071317834227,0.6103306914108116,0.09076252532683753
Test_54,0.6848361188238037,0.009657756835551305,0.2778468264638702,0.027659297876774853
Test_55,0.511094605191923,0.039895810842097645,0.43849952292345046,0.010510061042529
Test_56,0.2885119581173842,0.14118851420456463,0.2660139677559513,0.3042855599220999
Test_57,0.27383552540610206,0.20349733419962754,0.2603464357882427,0.2623207046060278
Test_58,0.18747004676046555,0.02248820252148794,0.3809181267065949,0.4091236240114515
Test_59,0.23878465543438038,0.18716533404844166,0.25310237656135093,0.32094763395582704
Test_60,0.1990014687377955,0.008320881020625906,0.24979360842636136,0.5428840418152173
Test_61,0.33125558923033344,0.030784160791487637,0.4952638707041917,0.14269637927398715
Test_62,0.31576820559234464,0.10040327018381787,0.3761660638880467,0.20766246033579067
Test_63,0.11451834639624373,0.015083309674554806,0.6821480438165156,0.18825030011268573
Test_64,0.2742107903347485,0.04558913753212132,0.42208737233261695,0.2581126998005133
Test_65,0.26736442580094305,0.029752413601268738,0.33387401033818165,0.3690091502596066
Test_66,0.41497449357984567,0.11640007151875889,0.2772103428116907,0.19141509208970478
Test_67,0.45874209072202715,0.0048662793390551965,0.03639426099426582,0.4999973689446518
Test_68,0.41118526816356804,0.04186679645077512,0.37657603328315864,0.17037190210249817
Test_69,0.2785101689034731,0.23536514642432518,0.24840863374926306,0.23771605092293868
Test_70,0.29110650615934053,0.18560016504507007,0.27255105439748245,0.2507422743981069
Test_71,0.2708690213912082,0.14827321801815604,0.3132400624944864,0.2676176980961494
Test_72,0.39091211113875113,0.08902073609749843,0.3777939828015745,0.14227316996217582
Test_73,0.3878726702819,0.12199872884083014,0.26189181802591066,0.22823678285135934
Test_74,0.4498913695570804,0.022354844276411646,0.25465726098600516,0.27309652518050276
Test_75,0.2432898826887583,0.2550539619951951,0.23984244420296555,0.26181371111308116
Test_76,0.12617938957377556,0.06941287570050966,0.16878132147996297,0.6356264132457519
Test_77,0.27472948244739764,0.04386523631683259,0.24558251128148118,0.43582276995428854
Test_78,0.1680590996028168,0.11988323443769539,0.24842072254721798,0.46363694341226974
Test_79,0.389754696305708,0.048107363985380854,0.4072065224414348,0.15493141726747636
Test_80,0.2252106939304676,0.17676401598153577,0.21084960908334546,0.3871756810046512
Test_81,0.21558081275294166,0.013443003546302875,0.5244752074419359,0.24650097625881956
Test_82,0.07661715883330546,0.0037969167111659265,0.3052889343468711,0.6142969901086575
Test_83,0.12575927510121035,0.060978156262502504,0.16662577064754147,0.6466367979887456
Test_84,0.26475150262447206,0.057087157529224754,0.3580047821956696,0.3201565576506335
Test_85,0.2541999856632712,0.12895222066111495,0.31894884144881047,0.2978989522268034
Test_86,0.20866092388428747,0.0015906604208377876,0.637815087960907,0.15193332773396764
Test_87,0.2560591576969911,0.0834587215472727,0.39652502210921436,0.26395709864652184
Test_88,0.21445981601437697,0.23796980002692644,0.19339966776641726,0.3541707161922792
Test_89,0.4479563744169451,0.05102427882263614,0.4389884858019594,0.062030860958459215
Test_90,0.12857205397300106,0.05066196858081133,0.3693616283525386,0.451404349093649
Test_91,0.5213895441124118,0.015830208839849993,0.2835004978203247,0.17927974922741347
Test_92,0.26447868412946873,0.08917356090378563,0.21539094496070474,0.4309568100060409
Test_93,0.15554414303368322,0.091879480992392,0.32927382319474735,0.42330255277917744
Test_94,0.23545387298110274,0.09061523019436757,0.30986027482151207,0.36407062200301765
Test_95,0.20816836593735547,0.018469320165170874,0.4738537250125513,0.29950858888492254
Test_96,0.30255552363463684,0.12118958358014653,0.2669766941580043,0.30927819862721234
Test_97,0.22639004196206694,0.015590119627264887,0.48468202005802014,0.27333781835264814
Test_98,0.38959542152049526,0.07672405357874097,0.310513130443094,0.22316739445766975
Test_99,0.35320023851226934,0.11448319576538116,0.31518243724086176,0.21713412848148783
Test_100,0.1810433506359608,0.03216846982514779,0.22803727722040756,0.5587509023184839
Test_101,0.3407815561538588,0.05621695042586326,0.44410717100531366,0.15889432241496426
Test_102,0.2869112330172699,0.1262435959663228,0.3535721830345872,0.2332729879818201
Test_103,0.5333013442348215,0.019477024893453963,0.22864034924860174,0.21858128162312288
Test_104,0.2570434700407034,0.14487328117562054,0.3132936243587437,0.2847896244249324
Test_105,0.34888273576047424,0.06600778412263358,0.17369539872396866,0.4114140813929236
Test_106,0.18129792128780453,0.008215167749448617,0.6238555102914628,0.186631400671284
Test_107,0.2092497950633933,0.0127751353807307,0.5223588610441138,0.25561620851176226
Test_108,0.25925041478454025,0.18237183845076266,0.27243744646714596,0.28594030029755124
Test_109,0.4842298802153605,0.10617206727963553,0.207716932285655,0.20188112021934898
Test_110,0.39481865066980704,0.149600024836438,0.25014286461629526,0.2054384598774596
Test_111,0.31052324477559984,0.1912383010067398,0.28028975601486866,0.21794869820279167
Test_112,0.1545342017944219,0.12434373002422226,0.2647368343641275,0.4563852338172284
Test_113,0.08798512837007356,0.17020749508476363,0.14017569506700048,0.6016316814781624
Test_114,0.2223638307168528,0.03024266210478744,0.4559275632450707,0.29146594393328895
Test_115,0.204776859050661,0.01227446387186963,0.3686546299138276,0.4142940471636418
Test_116,0.18284695520303004,0.01692996538746956,0.2915809701131267,0.5086421092963737
Test_117,0.31198859838737514,0.20543050382383857,0.2839582028467019,0.1986226949420843
Test_118,0.19623863005620254,0.055147285564221465,0.46816023862680817,0.2804538457527678
Test_119,0.5412698983158724,0.05552123205198118,0.22436770248054205,0.17884116715160442
Test_120,0.28038528443877264,0.09487782223247247,0.2765920209269189,0.3481448724018359
Test_121,0.30635872066524944,0.12371322656692434,0.3072044390170754,0.2627236137507509
Test_122,0.04681755503473053,0.028073606541972225,0.3091733264103004,0.6159355120129969
Test_123,0.22831492363365394,0.3148497493235386,0.288115755365097,0.1687195716777105
Test_124,0.26741452712149594,0.059845786857944595,0.3551935441502189,0.31754614187034047
Test_125,0.41175751256789417,0.008470286340021645,0.3036188558161146,0.2761533452759696
Test_126,0.8527833168327827,0.06626585557992518,0.08022804158871998,0.0007227859985721425
Test_127,0.28132371264266204,0.05994556031442098,0.36498669731439853,0.2937440297285184
Test_128,0.24085376123488256,0.0026979698704661117,0.31974446625727215,0.43670380263737923
Test_129,0.2993489315230428,0.058382280529100515,0.2601453901342216,0.382123397813635
Test_130,0.24879179333093585,0.027306097071612124,0.31573045148225903,0.408171658115193
Test_131,0.25229754529350984,0.15217415121940286,0.2548518176044956,0.3406764858825918
Test_132,0.21016717294981727,0.029581475318885348,0.5236143486023873,0.23663700312891003
Test_133,0.27155537415781744,0.21355624373130408,0.24017103785910104,0.27471734425177746
Test_134,0.3058362959068846,0.11763719376344399,0.35770225892467805,0.21882425140499337
Test_135,0.21685565472090215,0.02699280811648903,0.4275489474066604,0.3286025897559485
Test_136,0.018300961692012674,0.0035360464860666805,0.4225568927575534,0.5556060990643672
Test_137,0.2715509895325479,0.10853083937229106,0.30812952558650625,0.3117886455086548
Test_138,0.1902476955166111,0.012302708389099254,0.5382624893024699,0.25918710679181967
Test_139,0.37484149870723227,0.03928945510619538,0.2871600075238964,0.29870903866267584
Test_140,0.2505456953826668,0.10702285560238674,0.3421893972034325,0.3002420518115139
Test_141,0.15490501612370416,0.05153387939679113,0.7282724191574622,0.06528868532204257
Test_142,0.21852709245224097,0.12980370613000658,0.15360485991780162,0.4980643414999508
Test_143,0.20279874378079848,0.052108702355402006,0.4927653535335833,0.25232720033021633
Test_144,0.9985091539104254,0.0005521486729512242,0.0007148232516425655,0.00022387416498074295
Test_145,0.28927433556130944,0.028659238772187557,0.32565082808383444,0.35641559758266855
Test_146,0.07584767611098035,0.0004466373016193527,0.9201081927379863,0.003597493849414052
Test_147,0.017263591853413394,0.0038581492783416726,0.35191618751231574,0.6269620713559293
Test_148,0.40031415802062387,0.05260436534603814,0.2592069145333478,0.2878745620999902
Test_149,0.22294153434386688,0.027169409675814805,0.25927633530291083,0.4906127206774075
Test_150,0.28365082817772563,0.19445830595423114,0.26431892430880577,0.25757194155923735
Test_151,0.3362789153468915,0.033894175782897884,0.3103644113602435,0.31946249750996714
Test_152,0.16922406521685418,0.12788656964942857,0.23127909819139122,0.47161026694232605
Test_153,0.2444411083126573,0.08842976221801066,0.3800829645091289,0.2870461649602032
Test_154,0.22905314284437625,0.0676181964201042,0.43880584584785953,0.26452281488765994
Test_155,0.22603547298511248,0.0941638253770831,0.32020202419593435,0.35959867744186996
Test_156,0.15675571062163327,0.03752893011884341,0.1943826756942188,0.6113326835653046
Test_157,0.36860516036823004,0.0878297265532845,0.3459800023753244,0.1975851107031611
Test_158,0.26580636242477773,0.1667468864847837,0.29180000674067125,0.2756467443497672
Test_159,0.12581341444936592,0.020616652662941257,0.33339148626630455,0.5201784466213882
Test_160,0.9896109294617534,0.0064252734605864835,0.003920009705196853,4.3787372463480833e-05
Test_161,0.2419050960275366,0.00877614533633212,0.31012645354711815,0.43919230508901314
Test_162,0.27505886327769963,0.21098030395669237,0.26523815488425956,0.2487226778813484
Test_163,0.14809694096683668,0.09160276877902032,0.3314739875401418,0.42882630271400124
Test_164,0.25578499460409576,0.06561441113481996,0.37828268868266113,0.3003179055784232
Test_165,0.28335369840608166,0.0849894797515802,0.3597564659362535,0.2719003559060846
Test_166,0.3087407446878404,0.18457359360146838,0.31869329795311724,0.18799236375757392
Test_167,0.26193371399695103,0.06259111697402742,0.3858989813174967,0.28957618771152477
Test_168,0.4114309260988084,0.01789756335380516,0.42176333700721474,0.14890817354017163
Test_169,0.2561401171723213,0.12588995640834072,0.26179004143620327,0.3561798849831348
Test_170,0.6549844138553436,0.024279460349229048,0.08762734430271275,0.23310878149271463
Test_171,0.012606486823444382,2.9543375851336314e-06,0.9857070931780386,0.0016834656609319184
Test_172,0.2874564285935717,0.1645717536168967,0.30449682184681093,0.2434749959427207
Test_173,0.35191916109820914,0.14492817220205859,0.32926578827975417,0.17388687841997805
Test_174,0.17116179551048766,0.05291532039758252,0.40716320368827813,0.36875968040365176
Test_175,0.2841791545667051,0.07768115392184635,0.40969502222173154,0.22844466928971705
Test_176,0.17827966793231675,0.0154016572061554,0.37084162207371657,0.43547705278781135
Test_177,0.26089430529108637,0.2259634331485591,0.2625993168971561,0.25054294466319854
Test_178,0.1180972476994226,0.06335691038410612,0.14370078603964215,0.6748450558768292
Test_179,0.30532429216068113,0.047407271093658894,0.3306980823381112,0.3165703544075489
Test_180,0.2106425016097616,0.08868800882019401,0.340637238533202,0.3600322510368425
Test_181,0.3078670085050476,0.1546776979244913,0.2964084507413895,0.2410468428290715
Test_182,0.3032312252974885,0.18726965023792969,0.24028637273368986,0.26921275173089193
Test_183,0.37645484583061706,0.053393964500396136,0.4143321824091498,0.15581900725983686
Test_184,0.3172551588209331,0.06142663110388379,0.3613610398476594,0.25995717022752385
Test_185,0.45878729720477507,0.018733096833485976,0.1865974739570355,0.33588213200470357
Test_186,0.13740981203367028,0.07724905536347078,0.21287066978270514,0.5724704628201538
Test_187,0.2943450389159322,0.19529733885412587,0.2791371228698883,0.23122049936005373
Test_188,0.2902499468743313,0.1182542949795915,0.28507177509404186,0.3064239830520354
Test_189,0.28115033720050897,0.17459434689932984,0.2623959625215503,0.2818593533786109
Test_190,0.3158013115244687,0.0020769153482533627,0.4336315178123291,0.24849025531494887
Test_191,0.03495435755697743,0.0017870914600351974,0.9614931859918056,0.001765364991181677
Test_192,0.29812999170836374,0.0917325195134505,0.41080837145885385,0.19932911731933184
Test_193,0.3276658476434862,0.13990959615454207,0.31169500412319734,0.22072955207877445
Test_194,0.3046855267106395,0.08400432436317205,0.4410135059903007,0.1702966429358877
Test_195,0.2683591559076448,0.06368965444388072,0.4312283827835513,0.23672280686492328
Test_196,0.007029099095782071,0.01240126093560135,0.04049865073879515,0.9400709892298215
Test_197,0.25452918471204317,0.04280676615208246,0.4870652600342251,0.21559878910164917
Test_198,0.04172853917805886,0.010902395098158747,0.20948115076891213,0.7378879149548703
Test_199,0.38783501607979365,0.1868879005441296,0.37957419924327324,0.04570288413280357
Test_200,0.13686879265538704,0.02470660325460291,0.41532300461586846,0.4231015994741416
Test_201,0.2367722013826442,0.14314876301084947,0.3210703340466312,0.29900870155987513
Test_202,0.08217801458602089,0.009957276215826868,0.4773926119620982,0.430472097236054
Test_203,0.24518159497739078,0.11036015835803227,0.3873694925938985,0.2570887540706784
Test_204,0.22801805346023304,0.12171440996701999,0.28208991284315216,0.36817762372959484
Test_205,0.21842988453576886,0.20110567511336658,0.2767525714003649,0.30371186895049956
Test_206,0.2836028215140676,0.17343186366524488,0.29640529872415694,0.2465600160965305
Test_207,0.20885977308790613,0.16251246644311282,0.24717974212020233,0.3814480183487788
Test_208,0.08186092890120458,0.04234168135444685,0.2879646498123266,0.5878327399320219
Test_209,0.24881853309431579,0.019835695813749044,0.4565996700502681,0.2747461010416672
Test_210,0.2772113886717096,0.002034095956420644,0.7150887020084166,0.005665813363453059
Test_211,0.4433634738158116,0.033080590191485446,0.3155133281435403,0.2080426078491629
Test_212,0.09233825556931381,0.0041297021291733516,0.795389818542523,0.10814222375898984
Test_213,0.12899839580223765,0.006224785386198343,0.49614910681263286,0.3686277119989311
Test_214,0.14239950828839876,0.023981241423050064,0.4478830595346178,0.3857361907539333
Test_215,0.6126242576333591,0.005989065127753389,0.2543711019102325,0.127015575328655
Test_216,0.3440325605188371,0.006575987554170641,0.6456193615809989,0.0037720903459933703
Test_217,0.285405505183277,0.005895120035035206,0.28732206564522617,0.4213773091364617
Test_218,0.4972294203394408,0.021037739150137902,0.40062298286468423,0.08110985764573701
Test_219,0.39757195802105694,0.2350393815955263,0.22514724722440002,0.14224141315901676
Test_220,0.21911162952728186,0.07432794992477298,0.28163878313965535,0.42492163740828987
Test_221,0.3111237695067682,0.13944062727135698,0.295017140732446,0.25441846248942884
Test_222,0.06917296004218637,0.016258274112803568,0.22414761214437284,0.6904211537006372
Test_223,0.04080230432391291,0.01719195749619612,0.26201135738976866,0.6799943807901223
Test_224,0.3568034764454996,0.02601202213755485,0.3997689275096169,0.21741557390732869
Test_225,0.4314675337116099,0.02899973882106255,0.2733088152314789,0.2662239122358488
Test_226,0.3043753960920522,0.14758979910876177,0.32855505296404597,0.21947975183514
Test_227,0.17666385587176534,0.056829641490235346,0.45031275167856155,0.31619375095943775
Test_228,0.05692145401531185,0.0022558410348348123,0.7685697346173063,0.17225297033254716
Test_229,0.29864654597581236,0.16856520464042454,0.37444859211212,0.15833965727164315
Test_230,0.1562302223797742,0.013227353828721528,0.23090894274432786,0.5996334810471764
Test_231,0.12268045683406903,0.01410420720620413,0.13151005364964255,0.7317052823100844
Test_232,0.20189805180705492,0.0980978488000092,0.2931437753083861,0.4068603240845498
Test_233,0.059939049168123176,0.0013578413371766608,0.7453958934173588,0.19330721607734136
Test_234,0.28856108752956516,0.07745875599231443,0.35055630812008043,0.28342384835804
Test_235,0.23290369789191806,0.049960310247925355,0.24537163523155173,0.47176435662860483
Test_236,0.6047067032835496,0.1276647962704582,0.1794720801765646,0.08815642026942759
Test_237,0.30931563343147644,0.3572788794829279,0.20268283531412265,0.13072265177147302
Test_238,0.5887733415180314,0.015046794368305944,0.26619608114597726,0.1299837829676853
Test_239,0.40997407643949624,0.047743760467204556,0.3363481198264032,0.2059340432668959
Test_240,0.16745595719525308,0.05547867464048283,0.41956332289714066,0.3575020452671235
Test_241,0.15103537901849368,0.11393454140623543,0.3098872396596332,0.4251428399156378
Test_242,0.24095553758652802,0.03855870979396824,0.20323750297675744,0.5172482496427462
Test_243,0.3619346399137251,0.1279883528440149,0.315438948151937,0.194638059090323
Test_244,0.2758381477083026,0.1284642130753406,0.3444770418891885,0.2512205973271684
Test_245,0.12838870414471906,0.029331475216042503,0.3635605940895519,0.4787192265496867
Test_246,0.23313134680765402,0.19914206969857667,0.25032140066901154,0.3174051828247578
Test_247,0.2250149757952287,0.1844790271976835,0.29582521069214684,0.294680786314941
Test_248,0.1809801135168456,0.00919645582422542,0.2696026663705164,0.5402207642884126
Test_249,0.2886885930340267,0.1811410494613432,0.2975042867436664,0.23266607076096368
Test_250,0.9790429764322263,0.016294900895403443,0.004626299848248039,3.5822824122222176e-05
Test_251,0.29240526696991753,0.17741514836329422,0.29854589111200525,0.23163369355478292
Test_252,0.05446814011608357,0.0046104219747364825,0.43375222811142483,0.507169209797755
Test_253,0.0037474838043360325,0.00397083141309978,0.012239808234988539,0.9800418765475756
Test_254,0.2501335395968786,0.20844139327487776,0.25641647548919444,0.28500859163904924
Test_255,0.2610898655744587,0.1573419406578977,0.29952682142441295,0.28204137234323073
Test_256,0.24152894945452372,0.15060719792928687,0.3120445125821142,0.29581934003407523
Test_257,0.06058071633475565,0.13966928859608035,0.7993790218735626,0.000370973195601432
Test_258,0.32439436707263264,0.09046406268045339,0.304359976641955,0.2807815936049591
Test_259,0.40218958017863055,0.07484333879756898,0.2560132945856005,0.2669537864382
Test_260,0.2371721061143302,0.16481094990403,0.3262525064073268,0.271764437574313
Test_261,0.24214113879484037,0.08622975032760234,0.43976834885631005,0.23186076202124725
Test_262,0.3638240605128554,0.03453017826095076,0.3227191769588706,0.27892658426732336
Test_263,0.2685529014393461,0.0010308463773899413,0.287957386579697,0.442458865603567
Test_264,0.2767851535196641,0.013808372328368979,0.6536492217280285,0.05575725242393838
Test_265,0.08426275393826814,0.009344997920008535,0.1922151010635349,0.7141771470781884
Test_266,0.22540907469277852,0.17910749374238435,0.2726356145719378,0.3228478169928993
Test_267,0.3966510409540161,0.2347206366799246,0.2901656163415491,0.07846270602451016
Test_268,0.18351526405306928,0.061008103519608094,0.21139152321001456,0.544085109217308
Test_269,0.3079568760044197,0.018434888478139136,0.3585364365106214,0.3150717990068197
Test_270,0.2395297279157972,0.11092383062594996,0.2947221717712718,0.35482426968698105
Test_271,0.28973995446368705,0.15505484339535613,0.29180741442063723,0.2633977877203195
Test_272,0.2360102043436866,0.031870468476029035,0.456873627360985,0.27524569981929936
Test_273,0.25914463160036383,0.01915886308857028,0.25470980926490494,0.466986696046161
Test_274,0.23956110138556755,0.18955119207712384,0.25819035729469386,0.3126973492426147
Test_275,0.1792297257853025,0.006464308745297746,0.4033019295564798,0.41100403591291984
Test_276,0.22537001009740373,0.10588062176309306,0.29015213592838945,0.37859723221111374
Test_277,0.08943522569594053,0.028552645530016182,0.183474997090486,0.6985371316835571
Test_278,0.22937652526526647,0.11199057016093335,0.3032242241993872,0.35540868037441287
Test_279,0.37858502651499093,0.08216240352769917,0.34295924655276033,0.1962933234045494
Test_280,0.26897023415340965,0.11090426120601578,0.3464781166946483,0.2736473879459264
Test_281,0.29718756936844154,0.14069050120285256,0.3262892040041198,0.235832725424586
Test_282,0.3618318556686147,0.16758653663634732,0.27334040039514357,0.19724120729989433
Test_283,0.11319108171106014,0.028262226492246207,0.22121020018486592,0.6373364916118278
Test_284,0.21918683822875362,0.0015441876540760475,0.4397822328931429,0.33948674122402744
Test_285,0.1006157027240978,0.0036785563237830238,0.12648810971374405,0.7692176312383752
Test_286,0.27520023080273553,0.1279762403135001,0.3435381539075684,0.2532853749761961
Test_287,0.29461161555036197,0.21189179773190361,0.2633444870491287,0.23015209966860567
Test_288,0.25279758914557426,0.08578938331226948,0.2746353749584163,0.38677765258374
Test_289,0.06996774230746358,0.014301868083237211,0.22770518944195822,0.688025200167341
Test_290,0.28751469255963313,0.18413099045832867,0.26888012606175593,0.25947419092028234
Test_291,0.3024249818565291,0.08892805820217402,0.26240477553595,0.346242184405347
Test_292,0.34224766005289975,0.0036352833751661794,0.5632018410358579,0.0909152155360763
Test_293,0.27399041069958213,0.07877802514383943,0.36670118292111115,0.28053038123546725
Test_294,0.24227696318342914,0.09816722012487585,0.31819894645020774,0.3413568702414872
Test_295,0.1280083873235973,0.01835899521152754,0.32096173939889494,0.5326708780659802
Test_296,0.27065765831371574,0.1736405253307803,0.3066352780815144,0.24906653827398956
Test_297,0.23379888661022932,0.1988582796830278,0.2737242535084756,0.2936185801982672
Test_298,0.1270851372966133,0.018831435077505,0.5741972305649264,0.2798861970609553
Test_299,0.17218726496719072,0.19349211564052823,0.10411477189641331,0.5302058474958676
Test_300,0.28522352957144437,0.1611225494710931,0.2678652348444045,0.2857886861130579
Test_301,0.2607474227482765,0.19378152898655146,0.2630236327640346,0.28244741550113744
Test_302,0.2798934491911265,0.07024838484485271,0.28714845563315994,0.3627097103308607
Test_303,0.31842237018333197,0.19929305081513166,0.24742750640385422,0.23485707259768215
Test_304,0.5400550535421869,0.015360423409181421,0.31898138626958633,0.12560313677904536
Test_305,0.29631090533187393,0.12864572582567177,0.31412883358139276,0.26091453526106156
Test_306,0.2963866383662582,0.022051122485316755,0.4500048976927564,0.23155734145566856
Test_307,0.5397669465594884,0.06433057254350989,0.36561095161912344,0.030291529277878232
Test_308,0.3075245016329264,0.1009007933428951,0.33957156270895306,0.25200314231522547
Test_309,0.05935359310120114,0.10097893516805691,0.13856977569297613,0.701097696037766
Test_310,0.34728381373077827,0.15048044960263568,0.334723588698188,0.16751214796839797
Test_311,0.007562675233977793,0.002941202490933226,0.6987987313307266,0.2906973909443625
Test_312,0.1845067802564472,0.15305938449803655,0.27216364646582397,0.3902701887796922
Test_313,0.26808111356897596,0.17059848343562423,0.28008642692466157,0.2812339760707383
Test_314,0.29069321775009965,0.2095795587562732,0.23286262952573383,0.2668645939678933
Test_315,0.29054524638072093,0.06926623931305201,0.44664029257744986,0.19354822172877723
Test_316,0.45872246933481414,0.028252796538568888,0.34509072311462796,0.16793401101198888
Test_317,0.6310159827008831,0.004194742329475578,0.33426780261163813,0.030521472358003062
Test_318,0.12989984921004236,0.1770809084185616,0.14309537621058255,0.5499238661608136
Test_319,0.35064530225554474,0.010838630557087883,0.56812810447067,0.07038796271669734
Test_320,0.3038528712641355,0.11114355288352866,0.28052759540876665,0.30447598044356916
Test_321,0.3486144463937438,0.11873059393827044,0.2780800606044052,0.2545748990635806
Test_322,0.38085088381379184,0.01754264783083817,0.37637650916556403,0.2252299591898059
Test_323,0.19117271429144247,0.17924240885811515,0.29932789156714573,0.3302569852832967
Test_324,0.3341371981719979,0.17383369738889637,0.24711450075814742,0.24491460368095827
Test_325,0.2823281348748248,0.11946085273420362,0.3057974898375471,0.2924135225534245
Test_326,0.08902407136958423,0.05862773704764155,0.35404322062508575,0.49830497095768855
Test_327,0.28318058143909747,0.1142775823001088,0.28510196864700094,0.3174398676137929
Test_328,0.12235591018050632,0.10575969601077446,0.28492704903927446,0.48695734476944474
Test_329,0.43269828968248175,0.012026056265588204,0.31868156364115274,0.23659409041077734
Test_330,0.2640103478280173,0.12801006365786924,0.32770559802068105,0.28027399049343243
Test_331,0.16966241567655171,0.08287317834487685,0.28468133778397997,0.4627830681945916
Test_332,0.2945245296183901,0.008960186325345022,0.43116426973272015,0.2653510143235448
Test_333,0.15719237159579327,0.021017574316797273,0.19313159762334572,0.6286584564640637
Test_334,0.31818547316899903,0.07065320123639766,0.3829765199073326,0.2281848056872707
Test_335,0.24351765725688201,0.0281986503981296,0.223517594789451,0.5047660975555375
Test_336,0.22116936494820957,0.020521259823201562,0.4456665632528168,0.312642811975772
Test_337,0.17903139559027625,0.04256154423548187,0.297185756953994,0.4812213032202478
Test_338,0.2878830472938593,0.04894589241260363,0.28337831192034213,0.3797927483731949
Test_339,0.2499779466964256,0.05114699838700218,0.3638195284462941,0.33505552647027803
Test_340,0.05962479671892078,0.033889815354531005,0.9046129533552592,0.0018724345712888945
Test_341,0.31462729485621177,0.035935305766068716,0.27535687061827857,0.3740805287594409
Test_342,0.27140292998090915,0.05109356861390293,0.40983988042761627,0.26766362097757174
Test_343,0.5595243846902572,0.04320045487699562,0.1495615446284154,0.24771361580433165
Test_344,0.2839962868996791,0.07306500474723703,0.4241875410917354,0.21875116726134847
Test_345,0.058393219711429196,0.006116052550495598,0.28469141315154384,0.6507993145865315
Test_346,0.18979500508480243,0.02572270775519686,0.41761629170600434,0.3668659954539964
Test_347,0.29579784058089964,0.20796062807915433,0.27145508636514026,0.22478644497480582
Test_348,0.19942287011045987,0.08805417451438573,0.4750412833868297,0.23748167198832476
Test_349,0.24248763034173615,0.1202450177977357,0.38644256992142734,0.2508247819391008
Test_350,0.3045155604526699,0.11851608705555483,0.2575372814948239,0.3194310709969514
Test_351,0.2518167974924194,0.07367774425512086,0.34719533018855864,0.32731012806390103
Test_352,0.20610565459137453,0.24389844826524104,0.2467303509585101,0.30326554618487434
Test_353,0.7105788621119257,0.06869208141766685,0.07894102497544674,0.1417880314949607
Test_354,0.42211156027892,0.21724470734715665,0.1955551397032768,0.1650885926706466
Test_355,0.15721135582684798,0.0005178431137914065,0.5356817341557845,0.3065890669035761
Test_356,0.8592048102304323,0.031187716877893398,0.10859031801182716,0.0010171548798470539
Test_357,0.5200018799476164,0.011986277449386198,0.28437008781423107,0.1836417547887663
Test_358,0.2799950656345351,0.08169808963786064,0.40232815674482797,0.23597868798277627
Test_359,0.22698965148002562,0.16305030536548856,0.30933847976569584,0.3006215633887899
Test_360,0.3071434447296257,0.10329281649919932,0.3446661660383317,0.2448975727328432
Test_361,0.21063252357045825,0.030488622020323774,0.25972208743687375,0.4991567669723441
Test_362,0.607943319480068,0.023206916574321113,0.12220071112661005,0.24664905281900087
Test_363,0.04449131616876889,0.0010547588358679639,0.6478057445330859,0.30664818046227726
Test_364,0.37619688987598654,0.10636091104371663,0.3042688013660562,0.21317339771424054
Test_365,0.43594739300297497,0.044790241459911555,0.43104877401578845,0.08821359152132505
Test_366,0.2118529931833694,0.10768584857386558,0.3100705181294146,0.37039064011335043
Test_367,0.06539446530628694,0.00686268623362557,0.2068625572984089,0.7208802911616786
Test_368,0.339322156687305,0.12333430382420524,0.29732938000620146,0.2400141594822882
Test_369,0.2757580635261422,0.12161678839798233,0.29013427056146973,0.3124908775144058
Test_370,0.23427982841001205,0.10146692684054798,0.2695154110485679,0.394737833700872
Test_371,0.24097211500067378,0.11994012982889918,0.3278742508050818,0.3112135043653452
Test_372,0.19942171098873315,0.026067150493630915,0.28721245407967017,0.48729868443796576
Test_373,0.5335320403327874,0.1796939977427469,0.05823438266717111,0.22853957925729454
Test_374,0.2628807320141469,0.16919714215545284,0.32773488743161416,0.24018723839878603
Test_375,0.2819457101829339,0.1656877197980094,0.2932618989521452,0.25910467106691143
Test_376,0.39920071552405445,0.029543504227982513,0.41372431948599575,0.15753146076196733
Test_377,0.2735746009600286,0.0675558845820632,0.25363472626684164,0.4052347881910667
Test_378,0.2980969171730285,0.047840014709081315,0.3931799088065641,0.2608831593113261
Test_379,0.1545232244979998,0.06340311533628402,0.3685882808319101,0.41348537933380614
Test_380,0.2858052751548848,0.14932058757493555,0.2929612850930422,0.2719128521771374
Test_381,0.23468836501045467,0.14149926455219933,0.32001782198876744,0.30379454844857856
Test_382,0.2230068431377349,0.030752510116050184,0.4992779923740804,0.24696265437213444
Test_383,0.2905453670291301,0.008966491979522552,0.3297521862676662,0.37073595472368115
Test_384,0.28253834491611896,0.07375439001254307,0.42584159793762577,0.2178656671337123
Test_385,0.2101057350517157,0.046814548014564285,0.2785684053044516,0.46451131162926834
Test_386,0.2909623081622215,0.20182047019211344,0.25104401657622033,0.2561732050694447
Test_387,0.3876323319062685,0.08066146462060086,0.2860139893756959,0.2456922140974347
Test_388,0.7301932704200589,0.06519253432774101,0.08465290589735973,0.11996128935484038
Test_389,0.5407006503380878,0.061230894602484286,0.26957757022724044,0.12849088483218746
Test_390,0.26169364071291634,0.19539770675063473,0.2713741584869223,0.27153449404952656
Test_391,0.019663496111122638,0.002487003059509659,0.2640207336783688,0.7138287671509989
Test_392,0.19980671625734633,0.0236734897470113,0.7358906536538105,0.04062914034183196
Test_393,0.19813768188037695,0.057657478176394925,0.2771086294565027,0.46709621048672534
Test_394,0.1453189528155094,0.006422721303827201,0.5988947851402676,0.24936354074039577
Test_395,0.39471162939309595,0.11423148358345095,0.2469516339745303,0.24410525304892283
Test_396,0.259590828704475,0.11578498004912871,0.3381067864346597,0.2865174048117365
Test_397,0.26684623876374,0.19601560409254143,0.2689917025135151,0.2681464546302035
Test_398,0.15684454726658983,0.05412338283912278,0.3011857681027527,0.48784630179153465
Test_399,0.20967932349609708,0.1534593282517601,0.25637078826001286,0.38049055999213
Test_400,0.3284474740171893,0.025975285781320155,0.621690060796402,0.023887179405088554
Test_401,0.24380986534324314,0.02357787701732268,0.3850833876834374,0.34752886995599674
Test_402,0.21009668684716773,0.0646019155174829,0.3121189926869429,0.4131824049484066
Test_403,0.43514467651133115,0.03345255400855338,0.2934812409549918,0.23792152852512374
Test_404,0.5797339429375293,0.00817621879728878,0.3624855026802341,0.049604335584947645
Test_405,0.14036812571746318,0.06936671464256153,0.2557952470846907,0.5344699125552846
Test_406,0.17423389425823874,0.09644413611650961,0.3459790762679947,0.3833428933572569
Test_407,0.0914480402795215,0.047695270174512604,0.17341161261974267,0.6874450769262231
Test_408,0.2422065901323772,0.14072935298117134,0.3350395699688698,0.28202448691758164
Test_409,0.5307334621041263,0.021485128490821456,0.26441651257840737,0.18336489682664492
Test_410,0.16329260776197285,0.04875557087572614,0.2843526400968057,0.5035991812654952
Test_411,0.4239843312527189,0.1914371807414994,0.21056777760617307,0.1740107103996087
Test_412,0.4338731309265441,0.2705322182069892,0.2853745139241216,0.010220136942344929
Test_413,0.08148319888315524,0.014752118151084579,0.4864275989389435,0.41733708402681663
Test_414,0.29367174623197756,0.05655871955563158,0.34283712206247746,0.3069324121499133
Test_415,0.04271560181559779,0.005455108479077224,0.4361940765805418,0.5156352131247831
Test_416,0.28071411329921353,0.19186862397307977,0.2781390429031069,0.24927821982459994
Test_417,0.06336416058868755,0.0028891545874011014,0.6502675552227432,0.28347912960116833
Test_418,0.5572062052507994,0.03958994016110005,0.32529193417771335,0.07791192041038723
Test_419,0.24517529298714624,0.002540389631528588,0.7224067753329748,0.029877542048350275
Test_420,0.523577069858811,0.07586435391250905,0.3043259814431518,0.09623259478552819
Test_421,0.2719157691160107,0.20351377956276098,0.2793744532704682,0.24519599805076
Test_422,0.18661724827299772,0.01287588583329312,0.22526248982729855,0.5752443760664105
Test_423,0.2053063361060291,0.44575718980317475,0.19803472871042901,0.15090174538036716
Test_424,0.3664373769221003,0.06630070202856193,0.3536602827091368,0.21360163834020088
Test_425,0.25718971635389654,0.09348785437474623,0.35711589680533007,0.2922065324660271
Test_426,0.2727877261046219,0.08897704952103584,0.3142464187623623,0.3239888056119799
Test_427,0.25733705326586004,0.2011909252695393,0.27775177680650953,0.2637202446580912
Test_428,0.19097734028984378,0.12528668371683396,0.2860175835933864,0.3977183923999358
Test_429,0.25839991086881764,0.16951043729536994,0.2664122738025277,0.30567737803328476
Test_430,0.445480471056297,0.13624718364047997,0.4181725746631014,9.977064012163597e-05
Test_431,0.14344249519360178,0.6687239668191145,0.034493428229694895,0.1533401097575888
Test_432,0.11427918822647157,0.043645946469652204,0.1851854740772307,0.6568893912266455
Test_433,0.17012270122482392,0.11226947298161045,0.1332570512604026,0.584350774533163
Test_434,0.23182075158990537,0.18589629942575028,0.30915656748043274,0.2731263815039116
Test_435,0.28718923612054764,0.13366492961295603,0.28716388192464015,0.29198195234185614
Test_436,0.3291309754370148,0.08147382411711286,0.3065929823208335,0.28280221812503875
Test_437,0.16287766212658217,0.031680588204150525,0.31341295731906993,0.4920287923501973
Test_438,0.18050075237749952,0.036687673939904686,0.3384996988343472,0.44431187484824863
Test_439,0.307717039660902,0.18607178226676788,0.2601155149423593,0.24609566312997072
Test_440,0.310687820932185,0.051156233069441004,0.26337604534203646,0.37477990065633765
Test_441,0.5678337114088033,0.0650746330476239,0.19065912328531287,0.17643253225825986
Test_442,0.30496459806668136,0.04070023792978621,0.5383622516746548,0.11597291232887764
Test_443,0.1023354057844688,0.039935933982341645,0.12183865082596775,0.7358900094072218
Test_444,0.27766983399857653,0.04084672471347966,0.4571987189967511,0.2242847222911928
Test_445,0.002189862483659547,0.001813293369817248,0.11167984701055865,0.8843169971359646
Test_446,0.21460074909966337,0.03808519401153823,0.49316883931858124,0.25414521757021724
Test_447,0.35541211341990947,0.1153693320693795,0.32241301533456174,0.2068055391761493
Test_448,0.305771829851511,0.23710724072777223,0.23358595257660528,0.2235349768441115
Test_449,0.29433223933285946,0.11483440609134934,0.31351105597963047,0.2773222985961607
Test_450,0.31282238334882356,0.18620536293534182,0.27199393520883564,0.22897831850699898
Test_451,0.43034013784973496,0.2895344787302286,0.25080259663471494,0.02932278678532172
Test_452,0.15988086519175035,0.06623029329178706,0.37566440707401877,0.3982244344424438
Test_453,0.25437121086733494,0.09295199572651962,0.34858264204069733,0.30409415136544815
Test_454,0.03226355690286833,0.011511367768279495,0.11756916779344036,0.8386559075354119
Test_455,0.20992823114932171,0.1349922956476193,0.336244748955931,0.3188347242471279
