image_id,healthy,multiple_diseases,rust,scab
Test_0,0.33130944393246686,0.0491640482548589,0.360829514791858,0.2586969930208164
Test_1,0.21950485639709058,0.04191899308139577,0.22055640946607596,0.5180197410554377
Test_2,0.12188122298012294,0.07591986269801979,0.31359117193915087,0.4886077423827064
Test_3,0.4600728620355955,0.02710514064858352,0.2776731580374004,0.23514883927842045
Test_4,0.17942599968237244,0.06538931640785356,0.3114763947132458,0.4437082891965282
Test_5,0.30182373833719217,0.05190451126153495,0.3267215309976637,0.3195502194036092
Test_6,0.14508432367649463,0.061012873787382876,0.3378109152228342,0.45609188731328837
Test_7,0.22298422603478893,0.06848936642878327,0.11690925048889972,0.591617157047528
Test_8,0.26170541251349716,0.05831102934507061,0.3429693416317432,0.33701421650968894
Test_9,0.35600380447071767,0.045593363420524724,0.3756478014955749,0.2227550306131828
Test_10,0.41649889012155505,0.039479570934920036,0.3393373811345805,0.2046841578089443
Test_11,0.5843416192329216,0.017541980855684848,0.24567673058928732,0.15243966932210612
Test_12,0.17721143036749187,0.05939933155139501,0.31583856591784504,0.4475506721632681
Test_13,0.3431485632266591,0.04589885147169797,0.3413056755649391,0.2696469097367038
Test_14,0.344748888647837,0.03787260416864094,0.5370154099559931,0.08036309722752906
Test_15,0.2335251908399593,0.06505024579080432,0.4802539789358865,0.22117058443334997
Test_16,0.19097021115174942,0.06040703149832391,0.3403544682975062,0.4082682890524204
Test_17,0.3106873411496215,0.08840887215885929,0.42456265800971893,0.1763411286818004
Test_18,0.2048127736973935,0.055735916398045475,0.419739832814744,0.319711477089817
Test_19,0.10802437129336939,0.06104570233879344,0.2660152414703405,0.5649146848974966
Test_20,0.22154490158755893,0.05482865931659559,0.22035754141978947,0.503268897676056
Test_21,0.37893623057453035,0.028728171145435605,0.2582290347469675,0.3341065635330665
Test_22,0.3883317478658453,0.045789155042663295,0.42634428481215664,0.13953481227933495
Test_23,0.21524186538121878,0.05418717054571673,0.4433357724744133,0.28723519159865113
Test_24,0.3641755709288139,0.0510176551463831,0.35719191284497936,0.22761486107982365
Test_25,0.2154626352228243,0.029181021241234076,0.25358029764858314,0.5017760458873585
Test_26,0.2058147840846069,0.04168255487887117,0.25255428007211156,0.4999483809644105
Test_27,0.43942622689009314,0.051495371816966014,0.3980468371271028,0.11103156416583813
Test_28,0.5272923133485172,0.029141769713541398,0.35098417603617327,0.09258174090176821
Test_29,0.08258765015792359,0.07530514987426627,0.27719013110609464,0.5649170688617154
Test_30,0.26468878584741884,0.04668367579828075,0.2937435570064267,0.3948839813478737
Test_31,0.17801595632321512,0.0625777421181158,0.24030671248654406,0.519099589072125
Test_32,0.1217537070340277,0.059534055733686725,0.27544059965832485,0.5432716375739607
Test_33,0.2962019118647344,0.058211584198776686,0.16080086896896248,0.4847856349675265
Test_34,0.28030057499376865,0.042942702817775645,0.35662487321156416,0.3201318489768915
Test_35,0.17029094825262875,0.056111785539052425,0.32354082916958044,0.45005643703873827
Test_36,0.32905288007925143,0.05004981242354863,0.34212963189709544,0.2787676756001045
Test_37,0.39752469517706485,0.0492813707279592,0.2323459480280784,0.3208479860668976
Test_38,0.15887796932513426,0.06755888899888429,0.249803989574147,0.5237591521018344
Test_39,0.11558674159263935,0.0633519561229258,0.31488657453577656,0.5061747277486583
Test_40,0.32699815549376393,0.04629687922689699,0.39049174451487423,0.23621322076446483
Test_41,0.25467278684015715,0.06342359174694405,0.4022587853731926,0.2796448360397063
Test_42,0.11572439456412652,0.062427172313634816,0.19175501937931688,0.6300934137429218
Test_43,0.1956535860611861,0.08496094382052341,0.3544477434429368,0.36493772667535374
Test_44,0.2085181435446534,0.07092039330429649,0.13203592913097634,0.5885255340200738
Test_45,0.2193782002671572,0.06835299605262052,0.38841290380480686,0.32385589987541535
Test_46,0.3926305700514929,0.041753708166347804,0.3668249256726763,0.19879079610948308
Test_47,0.18539391971637426,0.06810731114572971,0.3984987034249994,0.34800006571289654
Test_48,0.39821151610875327,0.04386169560286658,0.37026188417130035,0.18766490411707976
Test_49,0.31309662337495686,0.045939506412763884,0.496955091946282,0.14400877826599723
Test_50,0.2547958864124607,0.059256763060710906,0.40560132268264726,0.2803460278441811
Test_51,0.10652876656916947,0.05766272463505859,0.2063120095648502,0.6294964992309218
Test_52,0.11713642002523192,0.05419665547929698,0.3523448886929163,0.47632203580255494
Test_53,0.4560684543448879,0.02383503923302606,0.46793806159285783,0.052158444829228226
Test_54,0.20898193911351448,0.06646053968401737,0.3321410592791089,0.39241646192335927
Test_55,0.5894898270505371,0.01425956289129163,0.24647258476904538,0.14977802528912598
Test_56,0.22019819233360646,0.08135644944446194,0.4383830435370372,0.2600623146848944
Test_57,0.38235724017321077,0.04247940144427155,0.1876610480491586,0.387502310333359
Test_58,0.2702360965090533,0.056127736813059353,0.26665596487922366,0.4069802017986636
Test_59,0.26852232780857077,0.04167010069114725,0.5253919059475071,0.16441566555277484
Test_60,0.2099322145627828,0.04529498572370437,0.30275975863302873,0.44201304108048406
Test_61,0.46550840943624433,0.031126184948464815,0.35452513028120997,0.14884027533408084
Test_62,0.34493174905402896,0.03271635725865511,0.33265230193549594,0.2896995917518199
Test_63,0.2038843104552481,0.06576539736609832,0.22106158134666265,0.5092887108319909
Test_64,0.18410873876015446,0.05180659807382575,0.35201292436282877,0.4120717388031911
Test_65,0.1399575756841113,0.06575271808730934,0.3564193543640254,0.437870351864554
Test_66,0.3845855580266951,0.04902157938524057,0.320556163772747,0.24583669881531733
Test_67,0.27497833416296974,0.049194281390662606,0.31188941860720026,0.3639379658391674
Test_68,0.3421810134268642,0.03617931157779442,0.21612593768644003,0.40551373730890133
Test_69,0.3963659575361597,0.03747471490608567,0.3969371909415923,0.16922213661616228
Test_70,0.29264907011054286,0.03981724846271457,0.4004216507287129,0.2671120306980297
Test_71,0.21179554180402702,0.054603958836813744,0.48394310377386823,0.24965739558529104
Test_72,0.3204076819473675,0.056331362804498956,0.49866504471758305,0.12459591053055034
Test_73,0.37528839354967275,0.03548724096824967,0.5104095207453362,0.07881484473674136
Test_74,0.16630962753727663,0.051228461627121996,0.4169383773716465,0.36552353346395494
Test_75,0.1941929017132261,0.06932768147123587,0.15720306923470423,0.5792763475808338
Test_76,0.22724304906420248,0.061252415668083995,0.3189539095341252,0.3925506257335883
Test_77,0.32708989669594346,0.02057848928110387,0.2677036483951643,0.38462796562778834
Test_78,0.2731751327174077,0.06165960281030491,0.30940119501219027,0.35576406946009714
Test_79,0.49938430202195006,0.03735881390835529,0.20694386499896386,0.25631301907073084
Test_80,0.21749345328030423,0.08990765491131329,0.2631269410764177,0.4294719507319647
Test_81,0.24089189947805975,0.05510345195209485,0.48480319911277814,0.21920144945706732
Test_82,0.2580227928900632,0.051122564911717704,0.4472294298490989,0.2436252123491202
Test_83,0.19529467631888653,0.05593061225000987,0.31065144310295517,0.43812326832814835
Test_84,0.10846088630400026,0.06333462066723637,0.3465816041051383,0.48162288892362504
Test_85,0.40339079653978877,0.03247148523104572,0.23871011918996093,0.3254275990392046
Test_86,0.13048690987591616,0.07407578182853268,0.32313878860736495,0.47229851968818626
Test_87,0.11330944924646173,0.09214540099065578,0.3884762828912292,0.40606886687165317
Test_88,0.04057066527333945,0.03791463704968789,0.17863933929656273,0.74287535838041
Test_89,0.3644398494939424,0.043267855345926455,0.3759754381886527,0.21631685697147834
Test_90,0.34839343053455935,0.038947390612708806,0.46549278805234434,0.14716639080038754
Test_91,0.5209825914947561,0.03497191367566097,0.3073131770604168,0.1367323177691662
Test_92,0.41617057264256807,0.035473522667364386,0.31048095629246164,0.2378749483976059
Test_93,0.1078138389072831,0.06267104780623435,0.23783122965308867,0.5916838836333939
Test_94,0.20786671663188194,0.04136249084849869,0.24618157059834617,0.5045892219212732
Test_95,0.41227063984573004,0.045564669219005455,0.3361881936563565,0.20597649727890807
Test_96,0.3468191902124528,0.04199970843622385,0.37512853083755104,0.23605257051377235
Test_97,0.5050121872230379,0.04272576580850368,0.3093009444817287,0.14296110248672972
Test_98,0.3065907743497689,0.07189124055528705,0.36471619919719633,0.2568017858977478
Test_99,0.14857087847130937,0.06233188125171284,0.4671617695349412,0.3219354707420365
Test_100,0.2675728203347899,0.06072606887931089,0.39544424577789694,0.27625686500800234
Test_101,0.4336640174385116,0.020033989369193664,0.3485290296177024,0.19777296357459237
Test_102,0.31290497804464806,0.06780884853880999,0.2720122367779439,0.34727393663859796
Test_103,0.3319893810725378,0.054266464339878535,0.45138103143392067,0.16236312315366305
Test_104,0.09328324501448584,0.06045909636508078,0.20977517661715098,0.6364824820032824
Test_105,0.12871172822055774,0.03771899248421696,0.3349888130867039,0.4985804662085215
Test_106,0.23028433391152955,0.05935568293320855,0.5266796804590507,0.18368030269621127
Test_107,0.32504495676899203,0.035668563324084974,0.2429102634518779,0.39637621645504517
Test_108,0.2440053573947005,0.048607250416384716,0.32342452653700177,0.38396286565191295
Test_109,0.25716308689529743,0.05449037133050148,0.3909524675700318,0.2973940742041692
Test_110,0.24300995300845388,0.03902297026452945,0.3492258021557504,0.3687412745712663
Test_111,0.23831054207649444,0.06344227020403206,0.31691406911825026,0.3813331186012232
Test_112,0.04512051886246099,0.049161452778070165,0.18470794321158976,0.7210100851478791
Test_113,0.09862505503729162,0.048388358647406184,0.1955116117982265,0.6574749745170758
Test_114,0.41293974814365825,0.027968768888480912,0.13426555978421983,0.424825923183641
Test_115,0.2830054733058749,0.029729586764135424,0.5083662437580181,0.17889869617197154
Test_116,0.23996436558086992,0.04854336457040724,0.48525522453215947,0.22623704531656333
Test_117,0.18357313349258994,0.05650413717343148,0.5274445706667988,0.23247815866717975
Test_118,0.3348990931657955,0.0358706168633088,0.3521559859722251,0.2770743039986708
Test_119,0.4261566099062271,0.018510439410542014,0.3846094692858463,0.17072348139738458
Test_120,0.32943616012449206,0.02204976253824735,0.2870470149538013,0.3614670623834592
Test_121,0.4889452414067186,0.027745864164743332,0.23769282806616399,0.24561606636237396
Test_122,0.14678815420413294,0.06110899561952856,0.28794830345835787,0.5041545467179807
Test_123,0.13310759074002393,0.09343157560787504,0.44988860691195565,0.3235722267401453
Test_124,0.2585615094408674,0.06071106073003798,0.3245264663534474,0.3562009634756471
Test_125,0.40756564064945633,0.0362622687666185,0.42830533514700597,0.12786675543691936
Test_126,0.3318518414154058,0.05982039048837136,0.4015551135096999,0.20677265458652294
Test_127,0.3536793441569458,0.0540338551897708,0.20022710330218024,0.39205969735110324
Test_128,0.22794769502954174,0.04092240006086895,0.43106865498105507,0.3000612499285342
Test_129,0.13382515089130106,0.07648456844553057,0.44693047372641476,0.3427598069367537
Test_130,0.2796195323887654,0.025695035961154286,0.25873452703416405,0.4359509046159163
Test_131,0.13441120911944524,0.07371445227780606,0.43460709216217036,0.3572672464405783
Test_132,0.37557243070394747,0.05319637170741571,0.4195417645002088,0.15168943308842808
Test_133,0.08430887662262043,0.04348280529963388,0.3567670012482447,0.515441316829501
Test_134,0.34743873229033784,0.02328502426642149,0.23648891387325746,0.3927873295699832
Test_135,0.15407581464340123,0.05468564682017086,0.21808499114554517,0.5731535473908828
Test_136,0.14289163319770065,0.05962182163683297,0.3264354004991092,0.47105114466635717
Test_137,0.16955221252695926,0.060676887134014576,0.4672073460191993,0.30256355431982684
Test_138,0.3260440445433313,0.050671293607901666,0.4221598035046779,0.20112485834408902
Test_139,0.5356779141898689,0.01109832697080259,0.304828201993764,0.1483955568455646
Test_140,0.3282192026038119,0.03367998197446872,0.3796525461238855,0.25844826929783393
Test_141,0.30315779717726044,0.046775231863322046,0.3705400161274125,0.27952695483200507
Test_142,0.20012264604060384,0.06516467973149641,0.3060258522019177,0.42868682202598196
Test_143,0.18795546967624857,0.09412022493557652,0.34823706194956944,0.3696872434386055
Test_144,0.533068715285553,0.03312924278477375,0.27320842525276606,0.16059361667690725
Test_145,0.11939285635836884,0.08646685923582423,0.35548953750074247,0.4386507469050645
Test_146,0.26217807357567985,0.034702835219045,0.21414439159244658,0.48897469961282847
Test_147,0.09076048478940951,0.0901588177227767,0.3318845633305705,0.48719613415724317
Test_148,0.29843274675184467,0.03006924681385889,0.1853076731821052,0.4861903332521912
Test_149,0.3046328048034156,0.03356565606373658,0.34290966924549254,0.3188918698873553
Test_150,0.33107382421705667,0.01802803726319093,0.5050705625025077,0.14582757601724472
Test_151,0.3667835223212281,0.020178230067098436,0.29680357414396846,0.3162346734677051
Test_152,0.12484993810113995,0.0818928511383995,0.3060961063719339,0.48716110438852667
Test_153,0.3063555906022206,0.05033222934559097,0.21918763772260272,0.42412454232958574
Test_154,0.11763383837037737,0.0790239993557832,0.3022188632826128,0.5011232989912267
Test_155,0.32462231438977185,0.048306165661903246,0.3919526805380074,0.23511883941031753
Test_156,0.18609329680673195,0.06036801122291347,0.356301749480917,0.39723694248943753
Test_157,0.3539533677149115,0.030139430906088668,0.5049683371064898,0.11093886427251
Test_158,0.08280789349761628,0.06541949609441897,0.28128669355399527,0.5704859168539695
Test_159,0.22422154002787337,0.06362167493609791,0.40569258471476394,0.30646420032126476
Test_160,0.3794496474948651,0.04949941212293528,0.26068855657191886,0.31036238381028064
Test_161,0.5795205243783611,0.009169985576933845,0.1791376081774614,0.23217188186724355
Test_162,0.3746965674004968,0.04080948879526465,0.45999406682859406,0.12449987697564452
Test_163,0.1353906648649467,0.08485860986699142,0.17672100165621354,0.6030297236118484
Test_164,0.39327024042765396,0.029621746349086226,0.10164640610584962,0.4754616071174102
Test_165,0.2218971325281237,0.047838989141733804,0.5088336271082552,0.2214302512218872
Test_166,0.313196666238759,0.06372954203461347,0.48104787099416935,0.1420259207324581
Test_167,0.14945712241094658,0.08574942195269297,0.24379805628538193,0.5209953993509785
Test_168,0.17727855876377155,0.047717513353951774,0.33291888240438144,0.44208504547789523
Test_169,0.3528565793353819,0.03725129367468121,0.5094630313114576,0.1004290956784793
Test_170,0.21492393861304104,0.04743211447780841,0.2283782956847051,0.5092656512244454
Test_171,0.39939693591522246,0.018322704711471204,0.13803909729783237,0.4442412620754741
Test_172,0.2697768531105394,0.060969905226097944,0.4662204283366306,0.20303281332673215
Test_173,0.2475912725254307,0.03838749796726683,0.5925584400517461,0.12146278945555637
Test_174,0.2805317672270709,0.06607214611195364,0.23256184049632658,0.42083424616464893
Test_175,0.23003904109078707,0.0596728723755897,0.3238343585465543,0.3864537279870689
Test_176,0.1785434896397786,0.07254816147993977,0.44115100605435165,0.3077573428259299
Test_177,0.2132426559129266,0.054884667682297626,0.1442555848804691,0.5876170915243066
Test_178,0.23441864787004524,0.051807935348449616,0.4316852367208696,0.28208818006063535
Test_179,0.18083152283329737,0.04685034458220686,0.38393537508079134,0.3883827575037044
Test_180,0.15039378447362972,0.07088448274408836,0.42390754083931564,0.35481419194296626
Test_181,0.1922606987728635,0.0734640891360738,0.24115853003241222,0.49311668205865045
Test_182,0.27929996891888903,0.047033782756868515,0.26018707673796054,0.41347917158628206
Test_183,0.4377477830733669,0.03531986461634774,0.2918573995416176,0.23507495276866772
Test_184,0.40292824356117546,0.030099562587291927,0.2953602743039681,0.2716119195475644
Test_185,0.34546072066339206,0.03623497408858256,0.24209037469714154,0.37621393055088387
Test_186,0.12465856772377083,0.08503149885215394,0.2875357214497608,0.5027742119743145
Test_187,0.13796683330809922,0.0633726954559069,0.5847307681874379,0.21392970304855613
Test_188,0.21483489271626163,0.04488027682060811,0.5364664737260636,0.20381835673706655
Test_189,0.3319198096711084,0.042635577969181174,0.4509824620059385,0.17446215035377188
Test_190,0.24532428100598122,0.09082318919497785,0.3014699967941517,0.36238253300488926
Test_191,0.23532172764995404,0.06438659150389392,0.36539443407674627,0.3348972467694057
Test_192,0.15978946665864766,0.0923425790130961,0.41158654022818625,0.33628141410006995
Test_193,0.308346110751994,0.04359546821858694,0.4753136962071969,0.1727447248222223
Test_194,0.24378216022523375,0.07815511687534947,0.36673937801959916,0.3113233448798176
Test_195,0.33856671276818984,0.05784190060427097,0.5217898131491674,0.08180157347837176
Test_196,0.1899007509494943,0.06172572061676431,0.23663720686139086,0.5117363215723506
Test_197,0.36083129366284084,0.04673415213421693,0.38255125163805903,0.2098833025648831
Test_198,0.109505155018664,0.07329329863145521,0.22400948960027187,0.593192056749609
Test_199,0.2500676188763217,0.08122381579629383,0.3866944161983044,0.2820141491290801
Test_200,0.15554664368683874,0.04452167344010747,0.21416781830950524,0.5857638645635486
Test_201,0.17458040471599723,0.03939592525769899,0.4433389696921772,0.3426847003341267
Test_202,0.5014563466489801,0.02401052378622256,0.2933946195344478,0.18113851003034967
Test_203,0.29630750892745744,0.043005362960697735,0.43484251616030484,0.22584461195153993
Test_204,0.11925309064539641,0.0810143470496404,0.34265384893308554,0.45707871337187755
Test_205,0.07506431001604,0.053361994420663826,0.14193106397035646,0.7296426315929396
Test_206,0.18786677935331497,0.05159948887148809,0.2502738487148373,0.5102598830603596
Test_207,0.37604281740715684,0.04274901918351571,0.3907307832122874,0.19047738019704005
Test_208,0.2946477678361804,0.07466179893378375,0.3229692794321973,0.30772115379783854
Test_209,0.22723981342260086,0.07182837769112031,0.5102197448604282,0.19071206402585053
Test_210,0.33496331267137,0.055045888949594134,0.3286117259300396,0.2813790724489963
Test_211,0.3623580190549138,0.06159535046525981,0.3256317443842454,0.25041488609558094
Test_212,0.21970810736036536,0.0835309068424965,0.35999163593206535,0.33676934986507273
Test_213,0.07134454612673946,0.06304853377037135,0.22273383959843024,0.6428730805044589
Test_214,0.10464499611672487,0.06892353955168751,0.28630136886310237,0.5401300954684853
Test_215,0.28661183706419924,0.0539437388867306,0.31272777150245595,0.3467166525466141
Test_216,0.34704198274753995,0.05096319582738999,0.38127410677776435,0.22072071464730572
Test_217,0.21781246872776533,0.05727129827690763,0.36501890022925687,0.35989733276607017
Test_218,0.5253093609236397,0.03555045455082068,0.2982788311103828,0.14086135341515696
Test_219,0.409522110263503,0.0487469484674586,0.4407664156838097,0.1009645255852287
Test_220,0.21772265814686664,0.07979055373579867,0.2489465059128288,0.45354028220450593
Test_221,0.2154315734142211,0.06331042164645401,0.33814206822806386,0.3831159367112611
Test_222,0.20233015952680203,0.0460651922137777,0.24393470068347226,0.5076699475759481
Test_223,0.12227395879021173,0.06986649789116074,0.2936110181463027,0.5142485251723249
Test_224,0.22163920423744043,0.05812926931358751,0.4385823284211875,0.2816491980277845
Test_225,0.41691224272974164,0.03572824424359557,0.2720190176343042,0.27534049539235855
Test_226,0.1341707189464873,0.07624760216996254,0.3578482606107436,0.43173341827280654
Test_227,0.24840533597325037,0.0594535463547099,0.26871154894082344,0.4234295687312163
Test_228,0.34709294504610055,0.038788911758856945,0.4213843909493386,0.19273375224570397
Test_229,0.30010121630278824,0.06078333676482592,0.381110314337977,0.2580051325944088
Test_230,0.3620201499647693,0.04463819060530022,0.2372086891176418,0.35613297031228874
Test_231,0.18752059887401734,0.041195649221984196,0.2825693175711895,0.48871443433280887
Test_232,0.20958491237752633,0.05895196757945084,0.41417020215035244,0.3172929178926704
Test_233,0.409740354123498,0.03631381549481133,0.2478763843352469,0.3060694460464438
Test_234,0.36429108954329964,0.019143020925707223,0.37197017784677916,0.24459571168421407
Test_235,0.2770414001966823,0.05895214767809781,0.262355461072956,0.4016509910522639
Test_236,0.24561505645124151,0.051502355239195295,0.41828040661199867,0.28460218169756457
Test_237,0.21662298503743227,0.08852848579981247,0.39991289598223195,0.29493563318052335
Test_238,0.24996599502488473,0.06352912042495971,0.4472174727484803,0.23928741180167523
Test_239,0.16989882763936462,0.060037380506088915,0.2177177057266765,0.5523460861278701
Test_240,0.25763908538493,0.061960502701110254,0.3263927177558427,0.354007694158117
Test_241,0.027984674352619875,0.05787759856243618,0.23174090608210737,0.6823968210028366
Test_242,0.19503562176346745,0.05281869185963849,0.4523747920939996,0.2997708942828945
Test_243,0.47270439126310587,0.03266795589057934,0.2564968195072179,0.23813083333909682
Test_244,0.3098059983705971,0.04139048697852192,0.20271141475578003,0.44609209989510085
Test_245,0.1633567524117403,0.07894551488669,0.2252480766289162,0.5324496560726535
Test_246,0.09577816451819182,0.06865686052072714,0.27331476432294705,0.562250210638134
Test_247,0.22932610531131845,0.04428880774390281,0.3984337873356898,0.32795129960908903
Test_248,0.30438265960034144,0.03626087608447937,0.48376150787849154,0.17559495643668763
Test_249,0.3084414544052395,0.03335822707469438,0.4104140852655339,0.24778623325453225
Test_250,0.34986209763446124,0.05706606845629256,0.3276739669190384,0.26539786699020784
Test_251,0.4404426087486508,0.04601302242041665,0.3686527014625311,0.14489166736840148
Test_252,0.19985534713912861,0.06210216664325379,0.29437090694141943,0.4436715792761981
Test_253,0.22031291274252482,0.06517363622258063,0.3707118006014224,0.3438016504334721
Test_254,0.38547820764773877,0.04003635347199335,0.4053318996170447,0.16915353926322313
Test_255,0.32067432079004937,0.04073432686578488,0.2945883524797854,0.3440029998643804
Test_256,0.12259444187716166,0.0658382874693322,0.26200220838260474,0.5495650622709014
Test_257,0.27322950663863016,0.053054536025256345,0.5731370393875471,0.10057891794856635
Test_258,0.26393536242598603,0.07068836245917401,0.37604154310341537,0.2893347320114246
Test_259,0.5358049508184958,0.04002706088854236,0.2305115044952317,0.19365648379773018
Test_260,0.2854063719058206,0.041251362315144875,0.293374304962327,0.3799679608167075
Test_261,0.20699052901336717,0.04883009454436413,0.4346861622572261,0.30949321418504266
Test_262,0.23737894674669038,0.04313577822870573,0.4301622269186914,0.2893230481059125
Test_263,0.1651073114806419,0.05223587251565177,0.33045577889155303,0.4522010371121532
Test_264,0.3951718283621723,0.029899028041161613,0.33575354643144817,0.23917559716521786
Test_265,0.18335886105247273,0.060232674704421695,0.3105671543577561,0.4458413098853495
Test_266,0.09685147583124815,0.048490832947733084,0.2772632307909078,0.5773944604301109
Test_267,0.3826044499164052,0.059827759275644744,0.36446825155256213,0.193099539255388
Test_268,0.022156668689384484,0.07468455081320569,0.3893374105047549,0.5138213699926549
Test_269,0.46761635324144774,0.026992139181342394,0.1964627137543738,0.3089287938228361
Test_270,0.1320225663891179,0.09827148908824046,0.25977956767176513,0.5099263768508765
Test_271,0.39898525230272913,0.032090591899486834,0.35765280854878695,0.21127134724899704
Test_272,0.17939707848540007,0.04898725424302338,0.18780490270686323,0.5838107645647133
Test_273,0.45465399536023066,0.043725766514548556,0.2132434453734653,0.28837679275175554
Test_274,0.16563014231289322,0.09050425747513456,0.24970820119019954,0.49415739902177264
Test_275,0.0712710571756136,0.07727187866431261,0.18972960975207181,0.661727454408002
Test_276,0.12762524123344884,0.05164600335989639,0.22815663465737712,0.5925721207492777
Test_277,0.12302412109215265,0.05178679865167324,0.23388378009163846,0.5913053001645356
Test_278,0.1877720425680818,0.039534504459488994,0.2052117163657347,0.5674817366066945
Test_279,0.3975091939863093,0.029720552180539667,0.4161562295049129,0.15661402432823815
Test_280,0.23522203277239892,0.051956020517806185,0.5219056832152005,0.19091626349459434
Test_281,0.19260505615789256,0.05727596266251448,0.3215807665493631,0.42853821463022995
Test_282,0.05943736850843253,0.07585366886292175,0.23502648028148257,0.6296824823471632
Test_283,0.13029672711524468,0.051755166894662946,0.2183581570658534,0.599589948924239
Test_284,0.22782899672361165,0.06506517053110998,0.29729388492261744,0.409811947822661
Test_285,0.7124495996681045,0.01517177885030526,0.14433688295394057,0.12804173852764975
Test_286,0.30137059239808156,0.04252670349256479,0.4552489652724346,0.2008537388369191
Test_287,0.2018493465932086,0.08829803542991775,0.5074948893877775,0.20235772858909606
Test_288,0.2107887173614492,0.039948652545223284,0.2811633048044969,0.4680993252888306
Test_289,0.2398501108362111,0.03966341009264639,0.3976539731089838,0.3228325059621587
Test_290,0.23205072366618223,0.057401006418140936,0.48458053016528957,0.22596773975038725
Test_291,0.24391848553582296,0.05553459008224932,0.36258934313983054,0.3379575812420972
Test_292,0.4268783193910623,0.022255477357926528,0.36940530986134223,0.18146089338966892
Test_293,0.3879335163696398,0.02889807705336328,0.20970380952494674,0.3734645970520501
Test_294,0.3378953237117337,0.042732359105146035,0.3262830461364395,0.2930892710466807
Test_295,0.23304330647413413,0.05717092440289629,0.28415100336522353,0.425634765757746
Test_296,0.14785040260127066,0.0988768242965611,0.3911214520577693,0.36215132104439884
Test_297,0.03195549844472168,0.05497997519390712,0.168535360664646,0.7445291656967252
Test_298,0.2510762911682625,0.05162191188220128,0.3197318574119187,0.3775699395376176
Test_299,0.09924262747356648,0.06322626370877825,0.24563555363192183,0.5918955551857334
Test_300,0.45287424089371425,0.03065754636797327,0.3860160040368998,0.13045220870141264
Test_301,0.2665916666082865,0.058695900600995436,0.19249402811473879,0.4822184046759793
Test_302,0.16554889082435365,0.040930696190222736,0.22248714028729558,0.5710332726981281
Test_303,0.40697769396890093,0.051147705341455796,0.3505255098800889,0.1913490908095542
Test_304,0.2860891301307227,0.04816944761855116,0.33049573887393646,0.3352456833767897
Test_305,0.27063440176277004,0.05635023890865498,0.3591445597003952,0.31387079962817976
Test_306,0.3478537228377982,0.04310565585187538,0.3218806012401063,0.28716002007021996
Test_307,0.36515868533226903,0.05001950616554432,0.27106302195321463,0.31375878654897205
Test_308,0.4288612670626564,0.02847250902744478,0.28638433966714083,0.256281884242758
Test_309,0.08426016686801194,0.09021783753299478,0.3073480960131853,0.5181738995858081
Test_310,0.16707518668870155,0.10801971446725091,0.26238622599458133,0.4625188728494661
Test_311,0.09901284899492223,0.09119899699584644,0.2498842419169037,0.5599039120923276
Test_312,0.0735988576910222,0.05743727352576136,0.2496092540600001,0.6193546147232163
Test_313,0.18697524745822328,0.05565401274528854,0.269268459698521,0.48810228009796736
Test_314,0.23186005559259007,0.05392465246328481,0.32192370506528284,0.3922915868788422
Test_315,0.23131488906681516,0.04689132005126418,0.4147416256576692,0.3070521652242514
Test_316,0.2238950845180616,0.07020059053675105,0.2893292687781107,0.41657505616707674
Test_317,0.2446913903980486,0.045218694511977686,0.34133083863963054,0.3687590764503432
Test_318,0.05816211791454473,0.057700835875379386,0.2057671216726133,0.6783699245374627
Test_319,0.23682422831325775,0.07680609841214588,0.2965553045727972,0.3898143687017992
Test_320,0.32809046818932885,0.03701097220467938,0.4788161298806123,0.15608242972537947
Test_321,0.15916983907214766,0.06947233159464453,0.4187522218217457,0.35260560751146214
Test_322,0.11555876364956627,0.07763636793783647,0.44254785260476237,0.3642570158078348
Test_323,0.14868843117379643,0.0804876087590436,0.37482076321551483,0.3960031968516451
Test_324,0.3338429906580215,0.05640341376966838,0.29027240504240753,0.31948119052990254
Test_325,0.3665100569817141,0.04716811839401589,0.2522987976721204,0.3340230269521495
Test_326,0.2819546043592427,0.07382202261673351,0.2532685460970337,0.39095482692699024
Test_327,0.3721838285839505,0.04641942466181581,0.3197779008386425,0.2616188459155911
Test_328,0.13863858430151796,0.07964268545429082,0.30935060790857155,0.4723681223356196
Test_329,0.3181914356398247,0.05582514546577773,0.36324553705733065,0.262737881837067
Test_330,0.06546528020789708,0.0860884518371735,0.26617328376650157,0.5822729841884279
Test_331,0.02824845454461269,0.055230309723570334,0.2237562488968777,0.6927649868349394
Test_332,0.6500715061482957,0.014139804882120072,0.23961023851375435,0.09617845045583
Test_333,0.21120778610223997,0.06488885011690429,0.35873611887661333,0.3651672449042424
Test_334,0.28149100183587433,0.0472444907019013,0.4728232661591567,0.19844124130306773
Test_335,0.3297054512504223,0.03403491392066075,0.39591355806215534,0.24034607676676162
Test_336,0.3523329927446709,0.044714326353669946,0.4640137070796657,0.13893897382199338
Test_337,0.3211740962377129,0.04361583055635075,0.3653083998419972,0.2699016733639391
Test_338,0.4384643299754242,0.014356468329167402,0.405519158537665,0.1416600431577434
Test_339,0.1906441792113721,0.08386221002088495,0.4658508317198623,0.25964277904788063
Test_340,0.47003854687473223,0.04222451900844664,0.29255558839880713,0.19518134571801407
Test_341,0.3660807646670553,0.06462695662214632,0.29566555149400564,0.2736267272167927
Test_342,0.2154825835628601,0.08471307944132203,0.2607325648576603,0.43907177213815757
Test_343,0.39856643056192137,0.03361233018514121,0.19215674779556657,0.3756644914573708
Test_344,0.4990647066721962,0.04860897458286915,0.28255749548951936,0.16976882325541537
Test_345,0.19120253424472733,0.07845351910562172,0.32604028380084543,0.40430366284880553
Test_346,0.13481671816222068,0.08825589577298742,0.37447942651826427,0.4024479595465276
Test_347,0.1869315686262963,0.05328978698672772,0.2813541974528029,0.47842444693417313
Test_348,0.2092832101412851,0.06390464054515808,0.4095482697427551,0.3172638795708018
Test_349,0.2354862605279522,0.06783853935530243,0.30590388432132704,0.39077131579541824
Test_350,0.4030331047078159,0.035854154573540374,0.2847074440960635,0.2764052966225803
Test_351,0.43538565256650874,0.057122088778669096,0.2995840970440433,0.20790816161077885
Test_352,0.026897848857008157,0.04236445592305811,0.21576608411401446,0.7149716111059193
Test_353,0.11119795224853779,0.04304145786315235,0.26199686624915924,0.5837637236391506
Test_354,0.17687880175583942,0.07347224712237896,0.323880881627044,0.4257680694947376
Test_355,0.18555329645113966,0.044370563885898814,0.27881180420504004,0.4912643354579215
Test_356,0.2994389764870811,0.05009212411008085,0.30760433801531517,0.3428645613875228
Test_357,0.708939318739107,0.008053042407121878,0.13910844004258327,0.14389919881118798
Test_358,0.22400985067539858,0.07243361413642531,0.4449965594321653,0.2585599757560107
Test_359,0.13239983427620144,0.06423159370533237,0.24569300839817287,0.5576755636202934
Test_360,0.26940275387781476,0.10202440529836831,0.2805310180872538,0.3480418227365631
Test_361,0.45623782224772824,0.031411413460774064,0.28900633331288006,0.22334443097861756
Test_362,0.15407188172048872,0.047322110509911544,0.2597022285270121,0.5389037792425877
Test_363,0.16612902219789952,0.0835706247906394,0.29310476440503536,0.4571955886064258
Test_364,0.36448381108188227,0.033571692284634296,0.4298326182956788,0.17211187833780464
Test_365,0.2891953958973615,0.05039507121172812,0.42235573550021693,0.23805379739069352
Test_366,0.2388344737380105,0.049705089825687984,0.4284605721420545,0.282999864294247
Test_367,0.3632268834910704,0.050744020367153045,0.3893190935714929,0.1967100025702836
Test_368,0.2704004832413426,0.04775371697142127,0.32529595625510643,0.35654984353212965
Test_369,0.15208654363707186,0.057937223951435704,0.2544760826713201,0.5355001497401722
Test_370,0.1330071731393129,0.04892976353654582,0.36443452231426815,0.45362854100987304
Test_371,0.28233689977929693,0.03313289301313437,0.4005098726416465,0.2840203345659222
Test_372,0.36320401398959234,0.054689109326146956,0.33500096265341084,0.24710591403084972
Test_373,0.15768240589234434,0.05142543204556024,0.34524209918952514,0.44565006287257025
Test_374,0.18216796136818741,0.05453280188786366,0.4037656639059326,0.3595335728380164
Test_375,0.11225323347796246,0.07845182982832671,0.3616968997546447,0.4475980369390662
Test_376,0.3291947616614076,0.04058433499885963,0.438779370267068,0.1914415330726648
Test_377,0.3311329045726669,0.04335110456630631,0.4931836165293174,0.1323323743317094
Test_378,0.24936867173299604,0.062287355670497514,0.3436137905908874,0.34473018200561906
Test_379,0.18918244651464408,0.05611153694337026,0.32389081447498846,0.43081520206699714
Test_380,0.35337044330888223,0.042051266156393485,0.4029737833708773,0.201604507163847
Test_381,0.14429366572156374,0.09027430235123603,0.3157852775294169,0.4496467543977833
Test_382,0.28092896321955335,0.05741974299968464,0.21268665022900932,0.4489646435517526
Test_383,0.130433338171741,0.061549065456518025,0.2561006195260486,0.5519169768456923
Test_384,0.3264658660346662,0.038392458707076034,0.2973195893010174,0.33782208595724034
Test_385,0.2673788197936449,0.06515230489598009,0.21045478656233219,0.45701408874804283
Test_386,0.09834295714997934,0.060974455773158485,0.32181337487159817,0.518869212205264
Test_387,0.3639123674235344,0.07091811575569872,0.2795799340111222,0.28558958280964486
Test_388,0.21828347431994796,0.0617167917967573,0.27183557640331313,0.4481641574799816
Test_389,0.43277871344668617,0.051145943082511185,0.33069576537796463,0.18537957809283814
Test_390,0.29442563648399644,0.03387262867155224,0.4637018705329419,0.2079998643115094
Test_391,0.09855772679259231,0.09869210872709068,0.35635506338619777,0.4463951010941193
Test_392,0.2904632541522548,0.04308172556457268,0.44177795221154087,0.22467706807163168
Test_393,0.2097524830196587,0.0500727634675709,0.2524274308601457,0.48774732265262466
Test_394,0.5218822422714324,0.02148471826084,0.18943488520025745,0.2671981542674701
Test_395,0.1694065203533835,0.05996801101617535,0.4788209785325063,0.29180449009793497
Test_396,0.332310409375313,0.02439279995331335,0.2880440671048336,0.35525272356654003
Test_397,0.10790266915630603,0.07094524898945018,0.22993778740219653,0.5912142944520473
Test_398,0.16471110883846976,0.05912399672405933,0.28787145526345503,0.4882934391740159
Test_399,0.3054536249573556,0.05973535843639602,0.28411121663601,0.3506997999702383
Test_400,0.3556599350547965,0.040089632510955736,0.3998504649688156,0.20439996746543213
Test_401,0.14671803422541513,0.061589096458560144,0.26685642283153305,0.5248364464844917
Test_402,0.24964767667745896,0.056245315186284776,0.2760337422602739,0.4180732658759823
Test_403,0.24488773899123897,0.05891742169400005,0.298437332190369,0.39775750712439195
Test_404,0.299894394079294,0.035164169514059124,0.5161663660273348,0.14877507037931204
Test_405,0.1436320464798775,0.05389286722144433,0.2751592077767219,0.5273158785219563
Test_406,0.1366933102724374,0.06352227957529306,0.3923747068311526,0.407409703321117
Test_407,0.20774214381654188,0.06863888239787835,0.2832039057787179,0.4404150680068618
Test_408,0.22776524075886145,0.07909816470494319,0.3973684513361334,0.29576814320006184
Test_409,0.32100235950710104,0.02368504776237528,0.307693179123235,0.3476194136072887
Test_410,0.07117002794256425,0.045161178501501406,0.17925417156499723,0.7044146219909371
Test_411,0.5598881845879502,0.027610078743179424,0.3731992180601097,0.03930251860876057
Test_412,0.1598656097662938,0.07463117380351833,0.381968751637804,0.38353446479238373
Test_413,0.12947154111256745,0.040612371205205236,0.2308755433923345,0.5990405442898928
Test_414,0.17438603114645948,0.044712960582509224,0.23148219710532444,0.5494188111657068
Test_415,0.15676015958543904,0.05697126280215477,0.36904785725605177,0.4172207203563544
Test_416,0.1566251260091473,0.04564845287215591,0.5260573017427643,0.2716691193759324
Test_417,0.2747364931947641,0.05488522257109007,0.27918618237631826,0.3911921018578276
Test_418,0.252658470427209,0.07131834924396008,0.5164065067048055,0.15961667362402537
Test_419,0.3751553791670153,0.03169310496684092,0.44530332431745406,0.14784819154868983
Test_420,0.35089987729437844,0.03614657072859933,0.20150028112739515,0.4114532708496271
Test_421,0.27096802312679485,0.045824021392932394,0.1279317397055142,0.5552762157747585
Test_422,0.18104185898338732,0.05397110410706175,0.2634795081400907,0.5015075287694604
Test_423,0.11741243328800118,0.08500903279642673,0.33710523106234985,0.4604733028532222
Test_424,0.26771781932578426,0.07735156069195219,0.444828359933236,0.21010226004902754
Test_425,0.16324494908779372,0.041668700062037496,0.29221216855896,0.5028741822912087
Test_426,0.2810431106705681,0.011684268451077937,0.4277690931650001,0.2795035277133539
Test_427,0.2657710639161962,0.043961125222641284,0.31711024335207666,0.37315756750908585
Test_428,0.3131240763466005,0.05619475276770812,0.265847863527172,0.3648333073585193
Test_429,0.10073958787589858,0.05840129793433244,0.47477660453755316,0.366082509652216
Test_430,0.3807469166428876,0.04881487820498405,0.35056574561848547,0.21987245953364296
Test_431,0.22233402682873624,0.0640212931034195,0.24120133441234107,0.4724433456555032
Test_432,0.28478926710517555,0.07271353218540562,0.33970285671895456,0.3027943439904644
Test_433,0.1329752108275064,0.06355117207298647,0.3489608271989577,0.45451278990054944
Test_434,0.14818572922240764,0.07922423912032227,0.32850314866715186,0.4440868829901181
Test_435,0.26177673023939746,0.05158931647415173,0.4003834696044302,0.28625048368202044
Test_436,0.3319755148831675,0.06095848958768402,0.42638699925748574,0.18067899627166265
Test_437,0.22629054141844612,0.05089232343760762,0.43740015096574053,0.2854169841782057
Test_438,0.13348685833019996,0.05499498462576579,0.2842186538637895,0.5272995031802447
Test_439,0.3578172175489153,0.05402997079083925,0.42530676671469714,0.16284604494554816
Test_440,0.26762063847417455,0.030000816192242104,0.4932194318266378,0.20915911350694566
Test_441,0.28897310668539383,0.04944165630345324,0.34338269671112875,0.3182025403000242
Test_442,0.2273097892593978,0.05139751254375082,0.3219733927827972,0.3993193054140542
Test_443,0.25853712425020153,0.03616778344187346,0.47910113323549347,0.2261939590724316
Test_444,0.48061587951480633,0.025248901016380033,0.2882043507423742,0.20593086872643934
Test_445,0.11082933543343247,0.07912562569845243,0.21508084950520204,0.5949641893629131
Test_446,0.4869131443944303,0.048736836237457636,0.25944547822071595,0.20490454114739606
Test_447,0.35167321498681614,0.0555497490796304,0.43335710486973483,0.15941993106381866
Test_448,0.27091313522582255,0.07042836308641073,0.22462276149778496,0.43403574018998164
Test_449,0.2048601934896292,0.03882771906107821,0.45184196819128347,0.3044701192580092
Test_450,0.38840096482740327,0.03076410863060365,0.31684633200726836,0.2639885945347248
Test_451,0.23465144286095507,0.06941767860840341,0.3185628900655407,0.37736798846510083
Test_452,0.19996886443590597,0.055913008099780906,0.2600088548471493,0.48410927261716385
Test_453,0.19091611485972537,0.042952916628426124,0.3344302990803855,0.43170066943146296
Test_454,0.21028750562725804,0.05581277954002814,0.3856184853325404,0.3482812295001733
Test_455,0.07932294450185118,0.07260350381196626,0.2897674374617066,0.558306114224476
Test_456,0.14542394469647435,0.09207416930791903,0.41994436880467184,0.3425575171909348
