image_id,healthy,multiple_diseases,rust,scab
Test_0,0.20119479175465566,0.01778691529772598,0.7112581806655622,0.06976011228205628
Test_1,0.06002297426707775,0.014102028596803925,0.17792782968700624,0.747947167449112
Test_2,0.2309800573121831,0.18824195708509475,0.22974839928413296,0.35102958631858927
Test_3,0.5174780289424128,0.029884365134201608,0.39119168452123376,0.06144592140215177
Test_4,0.23653544050410968,0.05588158221775247,0.4897740674439149,0.2178089098342229
Test_5,0.7616130440835653,0.012854513131507173,0.18123754087489635,0.04429490191003123
Test_6,0.3031634231193677,0.14623884618636115,0.33754201651508503,0.21305571417918603
Test_7,0.24654859871629992,0.22437840600491563,0.2416295050017541,0.2874434902770304
Test_8,0.2703992442955611,0.2588424454797406,0.17672902994554374,0.29402928027915454
Test_9,0.2177753880476364,0.002371617408239727,0.6656309880130119,0.11422200653111199
Test_10,0.1731241730320183,0.007241558806895355,0.1312859243805288,0.6883483437805575
Test_11,0.6353215394387158,0.02086963070991777,0.3110470183440771,0.03276181150728936
Test_12,0.18509403510038835,0.08257317690006376,0.19186240270141483,0.5404703852981331
Test_13,0.308205483472029,0.027754248473523428,0.6227560996109038,0.04128416844354394
Test_14,0.5763768200528986,0.0511548254233286,0.2456925960993512,0.12677575842442154
Test_15,0.009512039433040914,0.003714746890877289,0.986136173209029,0.0006370404670526522
Test_16,0.039182892446611724,0.012497716639938856,0.1486728747261466,0.7996465161873029
Test_17,0.015016891088057987,0.016569204201716325,0.01865261534012528,0.9497612893701004
Test_18,0.20559926158689057,0.13943589695505962,0.36787684412658367,0.2870879973314661
Test_19,0.1381136483758406,0.30984107591182375,0.40218963102795535,0.1498556446843803
Test_20,0.43331425847533306,0.0716337733259509,0.11620360180981004,0.37884836638890595
Test_21,0.1426911143288563,0.056125948617275635,0.11681646097644846,0.6843664760774195
Test_22,0.26443379193692934,0.08639544793876412,0.5598502912829534,0.0893204688413532
Test_23,0.07769364802412759,0.0711919780576664,0.03961690241967788,0.8114974714985281
Test_24,0.13716609760072454,0.06774507541503415,0.01598404597071373,0.7791047810135275
Test_25,0.23389041228725616,0.08057233642098365,0.446612321625245,0.2389249296665152
Test_26,0.22887661533749076,0.12580256318478347,0.18444301489023363,0.46087780658749206
Test_27,0.34381677106613395,0.1598226305128853,0.2862058750497074,0.2101547233712734
Test_28,0.48568988092147625,0.0571167637643399,0.30170440794713493,0.15548894736704905
Test_29,0.33152272426636514,0.1188114327703991,0.25672337917036797,0.2929424637928678
Test_30,0.99996502811196,4.431485965928718e-06,1.5548588242445084e-05,1.4991813831768558e-05
Test_31,0.3986922922653755,0.4330929044646356,0.09659829406081674,0.07161650920917209
Test_32,0.26308499591047385,0.15247778602525133,0.23523035543272358,0.3492068626315512
Test_33,0.225042027382064,0.2127734116594773,0.2748304705352386,0.28735409042322013
Test_34,0.34899437155551927,0.02440388517385818,0.11909144438577979,0.5075102988848428
Test_35,0.054271447665397134,0.054076429782070945,0.15140907349031485,0.740243049062217
Test_36,0.25150126160353947,0.018560639239666322,0.701328573080572,0.028609526076222205
Test_37,0.029183306249031777,0.016915407212045503,0.19740383664366454,0.7564974498952581
Test_38,0.22890023954655253,0.012572933937485141,0.2306636644042748,0.5278631621116875
Test_39,0.2757038301235385,0.16153838506721488,0.20325021017711895,0.3595075746321276
Test_40,0.14217632924801937,0.030099402291364326,0.5729129823672052,0.2548112860934112
Test_41,0.6075836042386445,0.10775294751765652,0.2515740608334305,0.033089387410268394
Test_42,0.14828501413522086,0.05400124257889153,0.14666844936323598,0.6510452939226518
Test_43,0.10218449064905272,0.004581791733215912,0.8923106170448589,0.0009231005728725046
Test_44,0.23640929841854824,0.2231734325930018,0.2446257638668825,0.2957915051215675
Test_45,0.1077702106960367,0.32498741399996495,0.3814634070683088,0.18577896823568965
Test_46,0.46603622558200786,0.006371906712148667,0.2973770307982361,0.23021483690760738
Test_47,0.1786711288395065,0.1659756139314811,0.3860033148625113,0.26934994236650106
Test_48,0.35254968887285865,0.15064258645570136,0.2786952155252325,0.21811250914620758
Test_49,0.10787811391066994,0.061640851157872885,0.7517095945536036,0.0787714403778536
Test_50,0.11421199777329824,0.10509499501890981,0.4350554968963133,0.3456375103114787
Test_51,0.006274593753773564,0.0015745833063538811,0.037675474220911324,0.9544753487189612
Test_52,0.18233580074444658,0.040515104758893944,0.5658305269584885,0.211318567538171
Test_53,0.10887489759080325,0.005308788166200262,0.8656989824237232,0.020117331819273266
Test_54,0.23257499054027458,0.01514932706482749,0.7494217485962009,0.0028539337986969522
Test_55,0.11658101777609606,0.014268400050260095,0.0311168237145595,0.8380337584590845
Test_56,0.2948755479891345,0.07428128134685484,0.23671720234413546,0.3941259683198752
Test_57,0.31767409808723557,0.17251437325585364,0.25116351833448275,0.258648010322428
Test_58,0.052426072687533035,0.05540721766848772,0.03930463427617079,0.8528620753678086
Test_59,0.19654269299538066,0.17372074655968536,0.24683777645929125,0.3828987839856427
Test_60,0.06631270801622652,0.013644518024089398,0.265338589140619,0.6547041848190652
Test_61,0.15826966561885053,0.02713058821141472,0.5629584528839341,0.2516412932858006
Test_62,0.3471191614585362,0.07486151787288978,0.23164859445131558,0.3463707262172584
Test_63,0.5637210044201658,0.03328405732300132,0.233558444580391,0.16943649367644187
Test_64,0.11597849472449247,0.04738700392067615,0.1652147227297542,0.6714197786250771
Test_65,0.39431145821282615,0.042793969087999595,0.29197957851775885,0.2709149941814154
Test_66,0.8794046734568771,0.013292632935990789,0.09547998772890143,0.011822705878230661
Test_67,0.270419754673783,0.0443759661127468,0.38135825994453343,0.3038460192689368
Test_68,0.22970324063666372,0.04361004947987218,0.47973241460160476,0.24695429528185942
Test_69,0.21725534471404231,0.16712397322653247,0.27184130030328424,0.34377938175614103
Test_70,0.20485046368065812,0.16434162434892735,0.3185982223442476,0.3122096896261669
Test_71,0.2672947779254731,0.13639443740485963,0.4156166051232245,0.18069417954644273
Test_72,0.23106833897995677,0.20102154629806818,0.33401069056162624,0.23389942416034876
Test_73,0.4583378291375866,0.1065515512176877,0.35070183790619497,0.08440878173853085
Test_74,0.2126336483579881,0.06126730469963548,0.329606417321833,0.3964926296205433
Test_75,0.25874859140157863,0.259583784902842,0.25983163489068084,0.2218359888048985
Test_76,0.25622027868547026,0.09862503509206248,0.14818785624173456,0.49696682998073277
Test_77,0.1267075963669064,0.04544135533510397,0.09881976973173595,0.7290312785662537
Test_78,0.09797888205832642,0.11310028124427798,0.3260379290504206,0.46288290764697504
Test_79,0.2959739196887612,0.052657100678061945,0.4946485546720835,0.15672042496109329
Test_80,0.17222490692816522,0.06357780006453548,0.1858015384194645,0.5783957545878348
Test_81,0.09651240632445897,0.024598726020422845,0.766100668440375,0.11278819921474317
Test_82,0.0885117797065412,0.022828665908133088,0.4925173339585919,0.3961422204267338
Test_83,0.18267924670482855,0.06120554864509438,0.6121175436768767,0.1439976609732005
Test_84,0.08701769302025744,0.05446693731699721,0.08742346677280015,0.7710919028899452
Test_85,0.32713089986159666,0.09736332260944207,0.2566883433819392,0.318817434147022
Test_86,0.3445041980468919,0.00020031278104936786,0.6468406825445225,0.008454806627536254
Test_87,0.4092811075971648,0.08115890011356124,0.3513678733330506,0.15819211895622332
Test_88,0.2505947823935151,0.09481163530364846,0.25760368700469216,0.3969898952981442
Test_89,0.7579930687084999,0.017130267693267903,0.10137693183234454,0.12349973176588765
Test_90,0.3794869116297007,0.012911489859310267,0.447339909991117,0.16026168851987194
Test_91,0.685971632178416,0.018049491378218718,0.11521853959329957,0.1807603368500657
Test_92,0.5014429132594463,0.05949347509754674,0.21099896559800868,0.22806464604499815
Test_93,0.49832524209554113,0.08080251135942915,0.33970479982821156,0.0811674467168181
Test_94,0.12060833483935104,0.06994556541635993,0.11527329309597734,0.6941728066483117
Test_95,0.1773267337376422,0.00709337004886356,0.577044416163485,0.23853548005000924
Test_96,0.2631406462184447,0.19208931091264894,0.40945149661446484,0.13531854625444137
Test_97,0.4969516531300256,0.0047147834785138,0.1480547488119167,0.35027881457954385
Test_98,0.3600714019854564,0.04451615276095008,0.22039625420519704,0.3750161910483965
Test_99,0.4356905661009655,0.058272489171688376,0.21999227442369515,0.2860446703036509
Test_100,0.015995170047459317,0.022769139589877994,0.06597532314314372,0.895260367219519
Test_101,0.31461297817151956,0.04443094108917839,0.34613263674113254,0.29482344399816945
Test_102,0.1573136001637684,0.112181898455303,0.3187200381731588,0.41178446320776985
Test_103,0.9888502303208664,4.953911705077692e-05,0.003038257949613715,0.00806197261246912
Test_104,0.21973784364202018,0.10878747930129554,0.16207688485240232,0.5093977922042819
Test_105,0.2273648112680966,0.04481658513448985,0.10314322502585223,0.6246753785715613
Test_106,0.24534903859573295,0.017809402918024235,0.45226754408805236,0.2845740143981905
Test_107,0.047547065845050876,0.01597851776292783,0.7219218305142129,0.21455258587780843
Test_108,0.18405931225789143,0.17698515128841466,0.200753317842197,0.43820221861149694
Test_109,0.20674908877498252,0.10270930205763229,0.4732172364190032,0.21732437274838196
Test_110,0.29966013415458087,0.04302936450411446,0.24918690157006426,0.4081235997712404
Test_111,0.32420426227206645,0.16436976235254536,0.3480417635775247,0.16338421179786344
Test_112,0.08885796409718856,0.1377716578685533,0.10532346239312934,0.6680469156411287
Test_113,0.1367089214472599,0.06517915099866387,0.07398903501350863,0.7241228925405676
Test_114,0.07691661663810141,0.05218679409276621,0.6211511860814539,0.24974540318767843
Test_115,0.03580870862677854,0.014143497264077773,0.6428980791279877,0.307149714981156
Test_116,0.3896441576356789,0.004718823459505139,0.4039785198042646,0.20165849910055136
Test_117,0.2598161911026298,0.11828061046391866,0.3846142244765771,0.2372889739568744
Test_118,0.24119707376290828,0.020004166128163397,0.7082170648807253,0.030581695228202945
Test_119,0.9544836424229803,0.005695629015088846,0.032671994739995096,0.007148733821935614
Test_120,0.18544197608896698,0.11022916911740162,0.354508437581347,0.3498204172122844
Test_121,0.3442449080529628,0.1069653082584921,0.18194348381087277,0.3668462998776723
Test_122,0.2928631812781668,0.10493946746888605,0.46349787891255695,0.1386994723403903
Test_123,0.3001795909396858,0.229941338523027,0.20405164293281897,0.26582742760446826
Test_124,0.3048039001172726,0.029158188468897388,0.17631634189088757,0.4897215695229423
Test_125,0.7425518278872687,0.00015684735800724196,0.21801340982660575,0.03927791492811832
Test_126,0.9629460139466944,0.015121831611851815,0.021097872208598573,0.0008342822328550918
Test_127,0.3434410677958038,0.05764772817065008,0.17405704539644776,0.42485415863709836
Test_128,0.035907003171248196,0.011504942671271902,0.7268041040685752,0.22578395008890476
Test_129,0.47294566891234113,0.026208938437397574,0.26052203125678447,0.24032336139347674
Test_130,0.08412090509128109,0.012669699963040041,0.07816274256983197,0.825046652375847
Test_131,0.10184634360356379,0.09943619982609811,0.24365622380006105,0.5550612327702771
Test_132,0.7421298806940113,0.0016489560539303134,0.24711171542997035,0.009109447822088095
Test_133,0.1142145838341125,0.2136446392908779,0.1805577956814896,0.49158298119352
Test_134,0.21235495215286562,0.059986541596541355,0.1369817325806629,0.5906767736699301
Test_135,0.08663600239592928,0.04827175110572702,0.6538995527264277,0.21119269377191605
Test_136,0.02201906669849971,0.006875240897869827,0.45113092416351364,0.5199747682401168
Test_137,0.15472424161474016,0.15405212453886757,0.5704426918398794,0.12078094200651292
Test_138,0.08223822871319614,0.03757504362035437,0.8546858973803375,0.025500830286111963
Test_139,0.7901342609930027,0.005505747107910816,0.1650150693501862,0.03934492254890042
Test_140,0.2349112736181345,0.12314021136068372,0.3021392044054547,0.3398093106157271
Test_141,0.15499677640854362,0.033046240080876206,0.31042033471030944,0.5015366488002708
Test_142,0.4830417693437468,0.039105300898019314,0.02850918684135125,0.44934374291688256
Test_143,0.1105201670122707,0.04881166450718518,0.14776588339560545,0.6929022850849387
Test_144,0.9999657858401031,7.28759152442996e-06,2.6433141222540785e-05,4.934271500766472e-07
Test_145,0.4558282788587204,0.021874447250922132,0.13212277815950757,0.39017449573084984
Test_146,0.006462573862417351,0.002972893650085575,0.18623802438716636,0.8043265081003308
Test_147,0.004892915414161989,0.010888661680479573,0.9215868618264484,0.06263156107890994
Test_148,0.2821677506828373,0.05378180674441782,0.41784129305366224,0.2462091495190826
Test_149,0.2886946564787555,0.023887741056658283,0.4170013703348587,0.2704162321297276
Test_150,0.336373082842935,0.11632799363034277,0.36288931343361536,0.18440961009310697
Test_151,0.463663865602322,0.0630332356044957,0.3681348825754815,0.10516801621770087
Test_152,0.23941042860470235,0.16178747870381746,0.09341772472357292,0.5053843679679072
Test_153,0.2873788108996327,0.08568934127529547,0.37137494233993706,0.2555569054851348
Test_154,0.2921290764958546,0.07320784676865852,0.32328229902101974,0.3113807777144671
Test_155,0.13108559209022286,0.1440107004726285,0.3623931978807667,0.362510509556382
Test_156,0.055806829365668734,0.027629572500212324,0.054503136263879606,0.8620604618702393
Test_157,0.13240119196534111,0.08836771504405923,0.5788543911693594,0.20037670182124007
Test_158,0.25974935779194624,0.17845652271597393,0.31024976125182535,0.2515443582402545
Test_159,0.1382057542990904,0.038682845382415745,0.5158598795234265,0.3072515207950673
Test_160,0.9994815259894377,0.0002612152071456313,0.00019580106073827075,6.145774267844002e-05
Test_161,0.1727854495899593,0.024901881031880867,0.32900775611777644,0.4733049132603833
Test_162,0.3263800103403778,0.2161742646937508,0.2525448564523447,0.20490086851352682
Test_163,0.1447977932129999,0.24359737319890795,0.28237144689591237,0.32923338669217983
Test_164,0.15944668813087817,0.02372671510300131,0.0847466599446951,0.7320799368214255
Test_165,0.07364958927915864,0.08431723818823782,0.19016926039789414,0.6518639121347094
Test_166,0.32436057493715365,0.13445832103573724,0.35708942871908605,0.184091675308023
Test_167,0.3665266817455154,0.07857322957660892,0.38224518787903866,0.172654900798837
Test_168,0.06012876144403639,0.1964907350457903,0.33693566960791616,0.4064448339022571
Test_169,0.2600437725387249,0.07888021807598938,0.3937471136718521,0.2673288957134337
Test_170,0.4847759944378286,0.08606245362878621,0.29043755633407076,0.13872399559931436
Test_171,0.027824611540708713,0.0005956002255514977,0.9700292508516545,0.001550537382085319
Test_172,0.26352759153094624,0.12463238040033388,0.3112914191322238,0.3005486089364961
Test_173,0.2956972904712399,0.16928601302746968,0.49339583294854295,0.04162086355274748
Test_174,0.1975955836204226,0.06902894128832461,0.023235041163629035,0.7101404339276237
Test_175,0.21107728217859884,0.0712503729988246,0.24841231719988066,0.469260027622696
Test_176,0.0670033698447737,0.032420273925368975,0.6832297557963105,0.21734660043354673
Test_177,0.2589689725384254,0.21282471122050506,0.24891843774061437,0.2792878785004551
Test_178,0.028129724666830478,0.016785865846481837,0.034154298899122894,0.9209301105875649
Test_179,0.3979743681335887,0.03120403827827673,0.30913783670229483,0.2616837568858398
Test_180,0.2347687683414565,0.0710670161636548,0.24872842426312106,0.44543579123176763
Test_181,0.2474286662735536,0.15615213536725472,0.26128601723665573,0.33513318112253593
Test_182,0.42864905965032263,0.13691662711908292,0.1532609357992678,0.28117337743132664
Test_183,0.2081552245921141,0.04801946849458991,0.6233872046268742,0.12043810228642168
Test_184,0.3287394389119083,0.041666933297491056,0.3562708171572458,0.27332281063335484
Test_185,0.23041433695319885,0.042098735486336324,0.03995766141209867,0.6875292661483662
Test_186,0.20250153334985538,0.039842490839436626,0.0988903764438345,0.6587655993668734
Test_187,0.2541558940282787,0.18583136528829794,0.22592875276528987,0.33408398791813354
Test_188,0.16319571971815042,0.06491924663567075,0.36253333947010147,0.4093516941760775
Test_189,0.2510561948697087,0.16234613878825777,0.2923684432029066,0.2942292231391268
Test_190,0.13211802324389485,0.005943669623574681,0.11039029187699799,0.7515480152555324
Test_191,0.0016817056584934806,0.04435742188059342,0.9539336761097901,2.7196351122911554e-05
Test_192,0.3471427510857007,0.12999501243554668,0.3242334303662124,0.19862880611254022
Test_193,0.3000733457374631,0.21027377855671564,0.23207209024628137,0.25758078545953994
Test_194,0.05056019778540535,0.13807953225462832,0.6902730038485251,0.12108726611144133
Test_195,0.11883532452543646,0.02058915154424931,0.7969100403072229,0.0636654836230915
Test_196,0.011737781753139756,0.004283437954836859,0.005222576341435535,0.9787562039505878
Test_197,0.1304198496192399,0.09815054402810679,0.425525621969677,0.34590398438297637
Test_198,0.4200316046322293,0.0033137694270541007,0.00906643915443515,0.5675881867862814
Test_199,0.3587918599608518,0.14543907223926691,0.4604896614938042,0.035279406306077
Test_200,0.10754314515145291,0.020099311056645936,0.18189679849836698,0.6904607452935341
Test_201,0.1538821361231595,0.11672335642653094,0.16095392224738395,0.5684405852029256
Test_202,0.0102480786167074,0.007854758636953525,0.937440186782475,0.044456975963864255
Test_203,0.3029359655823446,0.04554216523433583,0.544522235852846,0.10699963333047355
Test_204,0.1262330786782415,0.1190677279875657,0.18320347101406154,0.5714957223201312
Test_205,0.260991387285689,0.21241551120628555,0.21281838244286683,0.3137747190651586
Test_206,0.23200519334574682,0.16070041974950444,0.1772242434067151,0.43007014349803374
Test_207,0.27548184907318995,0.10724684558849244,0.2713968992459953,0.3458744060923223
Test_208,0.5644234469182491,0.0040885041388050835,0.014372139773245769,0.4171159091697002
Test_209,0.03682795772799909,0.011351131134545346,0.16968920621620648,0.7821317049212492
Test_210,0.0012029487887852057,0.0005992110213929586,0.03103746288278691,0.967160377307035
Test_211,0.022424285579842388,0.04713819784010754,0.792942542428592,0.13749497415145798
Test_212,0.001193097526502153,0.0001536040016004303,0.9986302810587138,2.301741318356545e-05
Test_213,0.36476246308673094,0.023642952187750435,0.2951304500828827,0.31646413464263584
Test_214,0.11720021850762997,0.02596089591184405,0.1558630490160856,0.7009758365644404
Test_215,0.3103001802040529,0.0786221633294983,0.36663923925878694,0.24443841720766182
Test_216,0.3690054347976364,0.05306018789731454,0.5753749942573084,0.0025593830477406137
Test_217,0.06577213202551936,0.022877327341875642,0.4659454993987438,0.44540504123386104
Test_218,0.5807265271592336,0.02441459698601353,0.38201218894944633,0.0128466869053066
Test_219,0.2960955936043931,0.10868001575043289,0.4594429555122447,0.1357814351329294
Test_220,0.12307082545890888,0.08659995743867813,0.13705735896916035,0.6532718581332526
Test_221,0.377977312229476,0.08901998742329087,0.40180057183207263,0.13120212851516058
Test_222,0.2407987512997462,0.05643343799583195,0.32835075009151743,0.3744170606129045
Test_223,0.4953315803800563,0.043749728116095024,0.3348653724841751,0.1260533190196735
Test_224,0.5711900722060947,0.019404115355528908,0.3838354794541434,0.025570332984232846
Test_225,0.8437104782607262,0.008648559965521762,0.0634277327154569,0.08421322905829498
Test_226,0.07143389553147689,0.2427665272493513,0.46600441223792316,0.2197951649812487
Test_227,0.1400851620297376,0.06591819966642658,0.30312065774839925,0.4908759805554366
Test_228,0.0012742411654985864,0.002217303220065563,0.992488313209749,0.004020142404686905
Test_229,0.2859849771930159,0.19447000985956803,0.41343663918047324,0.1061083737669429
Test_230,0.16194758859221395,0.030738306377234736,0.13855828896363734,0.6687558160669139
Test_231,0.016527717606243376,0.017458960746151598,0.05923783523547964,0.9067754864121254
Test_232,0.4634886400892884,0.06263659715530051,0.19193812924381745,0.28193663351159354
Test_233,0.002187583169657428,0.006616068745817393,0.9650800542821488,0.026116293802376254
Test_234,0.14662749135973466,0.1108492172247802,0.5714817794242304,0.17104151199125486
Test_235,0.09523514922576369,0.020333338851145227,0.08649544633616306,0.7979360655869281
Test_236,0.9260383993480992,0.025154639327438392,0.04348456664655224,0.005322394677910289
Test_237,0.17712455043802083,0.2885629066586092,0.19022618093167176,0.34408636197169823
Test_238,0.19311507062630898,0.023598532059846467,0.6937396645385071,0.08954673277533734
Test_239,0.034764122054489394,0.07848543011015102,0.518736212118781,0.3680142357165786
Test_240,0.10323095409816746,0.0535404536929555,0.6717328628777741,0.1714957293311029
Test_241,0.06920102618404264,0.058316286473090215,0.1371916066292667,0.7352910807136004
Test_242,0.6583561434416221,0.013404513277425922,0.013617037663822868,0.31462230561712917
Test_243,0.5634804752890911,0.11202452945296436,0.2401105742366421,0.0843844210213025
Test_244,0.32572727786982575,0.13070279424587092,0.30356287633714435,0.24000705154715904
Test_245,0.01488915430147739,0.0212091232051381,0.10058734291632618,0.8633143795770584
Test_246,0.24724638191165904,0.18893660420478928,0.23417575050069545,0.32964126338285626
Test_247,0.1956134784483637,0.1672312556013152,0.20592435706651158,0.4312309088838095
Test_248,0.4736216729010025,0.003744745963997755,0.4029871716335903,0.11964640950140948
Test_249,0.2510821808290482,0.18288471814161644,0.27613209601215327,0.2899010050171821
Test_250,0.9669289306359102,0.024215364480995122,0.0088319750378262,2.372984526835949e-05
Test_251,0.24975405582368826,0.19009773181609135,0.23897784300500233,0.32117036935521814
Test_252,0.07476832004750034,0.0056669545427074745,0.7256898847287515,0.1938748406810406
Test_253,0.07231073232565838,0.0017406624868093693,0.0042543781316889025,0.9216942270558434
Test_254,0.29276198965538774,0.17454067353946326,0.2626956059984302,0.2700017308067187
Test_255,0.21598691994901767,0.11840075642964927,0.3042173804648954,0.3613949431564377
Test_256,0.23890501745510687,0.17871646469306543,0.1084665621771703,0.4739119556746573
Test_257,0.5811357332923189,0.0004416594486918131,0.41841756524428936,5.042014699973527e-06
Test_258,0.25881680554528014,0.11697777405424199,0.4444287465004197,0.1797766739000582
Test_259,0.3517679152633446,0.05955291874753015,0.19943662366124607,0.3892425423278792
Test_260,0.21016792234952592,0.16842505988402046,0.3644271034641941,0.25697991430225964
Test_261,0.2149125177895102,0.13934433692776263,0.39980483177130216,0.24593831351142512
Test_262,0.26044979309019683,0.07109749611665442,0.5920038522143831,0.07644885857876568
Test_263,0.13132248146803097,0.0003183702432772615,0.006079013893511533,0.8622801343951801
Test_264,0.771772246572958,0.0028926141538997007,0.20830745584700536,0.017027683426136846
Test_265,0.04860453527020451,0.31993377992004457,0.25667579706256716,0.37478588774718374
Test_266,0.24509021473393938,0.16690489201729342,0.1318917667604346,0.45611312648833263
Test_267,0.9648889807978811,0.0056255219574800775,0.005799534353093935,0.02368596289154489
Test_268,0.02107622894605717,0.158369018787755,0.6131276240104843,0.20742712825570359
Test_269,0.21860478064456923,0.07736320039360277,0.2574549440955696,0.4465770748662584
Test_270,0.1871899029960926,0.09502594331685062,0.22359160382095683,0.4941925498660999
Test_271,0.3060569866499629,0.15843126397735702,0.30253724032015955,0.2329745090525205
Test_272,0.19204092847720683,0.027533919619237533,0.11015176889926612,0.6702733830042895
Test_273,0.7037073045107947,0.0018923052253038489,0.040699515894756164,0.25370087436914546
Test_274,0.22855893873114055,0.12368705399861428,0.39471973529434423,0.25303427197590084
Test_275,0.05699205374996307,0.02247627695250787,0.5673130077800593,0.3532186615174697
Test_276,0.12193664048251199,0.07075130819443418,0.12680593343426014,0.6805061178887938
Test_277,0.16357465390792172,0.02118078116341477,0.025953504525666596,0.7892910604029969
Test_278,0.2881100700417702,0.06742490246071495,0.14135173461740017,0.5031132928801146
Test_279,0.5604718336374592,0.05911406132810167,0.25082894309199527,0.12958516194244366
Test_280,0.13449656453705378,0.10492609594666968,0.18839793187804593,0.5721794076382306
Test_281,0.20177713165060895,0.14413108264590302,0.14759203898931916,0.5064997467141689
Test_282,0.3300690967569147,0.19686500573559482,0.24313053873982235,0.22993535876766807
Test_283,0.39880729291748623,0.04684051231081115,0.08831987475356107,0.4660323200181417
Test_284,0.04190509573484705,0.011631942977031115,0.2982390877906278,0.6482238734974941
Test_285,0.32900911467834115,0.0005621124161638696,0.028693885942598914,0.6417348869628962
Test_286,0.4860863891216473,0.08985205375428953,0.22167388014160544,0.2023876769824577
Test_287,0.2517744380985578,0.1689277533605101,0.3193134640521707,0.2599843444887614
Test_288,0.0904770002642242,0.07139491652935732,0.09656358035679603,0.7415645028496225
Test_289,0.01617548871849135,0.005794841256116334,0.035877944944721046,0.9421517250806712
Test_290,0.2942160484382987,0.1667342447025624,0.23578567396008712,0.30326403289905185
Test_291,0.29230875418758845,0.11312066393429132,0.20177143304684836,0.3927991488312718
Test_292,0.6422754453701485,0.008455988479257173,0.25720430759832824,0.09206425855226619
Test_293,0.1375828344653734,0.11612594748431827,0.26334817973533353,0.4829430383149748
Test_294,0.2476684284002475,0.09467305539636603,0.5880667618378774,0.06959175436550893
Test_295,0.11039826049672456,0.007629444799058009,0.6505776875964833,0.23139460710773427
Test_296,0.3228559671255966,0.1495767552182013,0.2001670277789033,0.3274002498772987
Test_297,0.1450750361003281,0.22821326077226328,0.1239403783092877,0.5027713248181209
Test_298,0.03492373417542239,0.03742342107900565,0.6768736345329108,0.2507792102126611
Test_299,0.05463838391927672,0.29788122032514336,0.13092782463514954,0.5165525711204304
Test_300,0.3760110264269105,0.14905040217411006,0.2760885864766612,0.1988499849223182
Test_301,0.23594450126640765,0.1832120218948544,0.2908112880751234,0.2900321887636146
Test_302,0.10091366659138645,0.0805882349505855,0.12699561889747926,0.6915024795605488
Test_303,0.4087534826385679,0.14350716183374265,0.2636474034920672,0.18409195203562218
Test_304,0.8348026070273993,0.0026086913915839174,0.14476401971368627,0.017824681867330504
Test_305,0.6924811835285585,0.09328877447814655,0.07796477399560425,0.1362652679976908
Test_306,0.18966939885862114,0.024560604564020178,0.32887493826987585,0.45689505830748295
Test_307,0.5905512846872715,0.04636951646764202,0.3544744266576843,0.0086047721874023
Test_308,0.22854056114542137,0.08207518946189045,0.2963681122507087,0.39301613714197947
Test_309,0.1659993668500587,0.07606541733721833,0.0715733333707165,0.6863618824420065
Test_310,0.18246269940715987,0.1482969075311331,0.12870668086743514,0.5405337121942719
Test_311,0.8007695950876057,0.0816998367208781,0.017779361412662537,0.09975120677885353
Test_312,0.12090943752567088,0.13449609738320722,0.19638295411301185,0.54821151097811
Test_313,0.2529036138611554,0.1527462768525366,0.30277626587439893,0.29157384341190906
Test_314,0.40869597460895035,0.11566177323417948,0.09061058200897669,0.38503167014789347
Test_315,0.04891231241037466,0.1038377223502006,0.24607415802130853,0.6011758072181163
Test_316,0.3290774175578543,0.007694341033184603,0.66064900396168,0.002579237447281036
Test_317,0.048399895636797155,0.01796946520265492,0.9275399351355592,0.006090704024988724
Test_318,0.27207303112810777,0.10549703767886258,0.26385155574921704,0.3585783754438126
Test_319,0.049789026518246064,0.008580633994659526,0.9322683895700932,0.0093619499170013
Test_320,0.39832158037071697,0.12572925321517642,0.28142287597547416,0.19452629043863262
Test_321,0.3421068726631154,0.08683811738210387,0.3538771437892838,0.2171778661654969
Test_322,0.26275327093797,0.008269967118745393,0.5879700557006576,0.1410067062426271
Test_323,0.26943254922670246,0.14838107395732028,0.2281002827028284,0.3540860941131489
Test_324,0.1941092659311207,0.07666278189769928,0.7166617256716392,0.012566226499540697
Test_325,0.22472461797150795,0.11559172735138498,0.26488386389263546,0.3947997907844715
Test_326,0.31726349222080696,0.15242099476839302,0.38862660595682924,0.14168890705397075
Test_327,0.24786541366434733,0.1587617783268262,0.204208221055361,0.3891645869534654
Test_328,0.19260049419160805,0.10840310689517708,0.15478158454228447,0.5442148143709303
Test_329,0.5029947447826215,0.031453438750269944,0.13844695778273858,0.32710485868437
Test_330,0.28044406159491836,0.1187157487248392,0.29886678386906546,0.3019734058111768
Test_331,0.1771777746520646,0.032251425644702465,0.40661939352766896,0.38395140617556395
Test_332,0.7870980866865803,0.009390271676330145,0.14009104098118919,0.06342060065590037
Test_333,0.1260162807883209,0.007307729261734819,0.32075325719890174,0.5459227327510425
Test_334,0.11172679247430858,0.05569771247389053,0.7100514505635706,0.12252404448823026
Test_335,0.5767019923731109,0.015227534793376981,0.27044474323000967,0.13762572960350244
Test_336,0.10764547321986419,0.049000289291321955,0.7854596828217126,0.05789455466710126
Test_337,0.10054378293800509,0.019067057214648485,0.38571183822246224,0.4946773216248842
Test_338,0.517408452206495,0.03059031070799306,0.15731035479963998,0.294690882285872
Test_339,0.07289250482859672,0.04723537613818602,0.723359839205185,0.15651227982803217
Test_340,0.0010237079436227065,9.492762703112073e-05,0.9988809401888457,4.242405004237862e-07
Test_341,0.3447436088767362,0.03317454365538704,0.2907590250335507,0.331322822434326
Test_342,0.4812177872067195,0.019491266003575123,0.12332252164500501,0.3759684251447004
Test_343,0.6468872183288917,0.04057598714648824,0.12715052523746453,0.18538626928715557
Test_344,0.14838140121223795,0.08523296649109188,0.28903913447719265,0.4773464978194775
Test_345,0.1359935393891992,0.006852821251581198,0.1312843077732406,0.7258693315859791
Test_346,0.42965740325426277,0.022041530969433773,0.25591726053433805,0.29238380524196533
Test_347,0.20984579416368898,0.22750119296667956,0.3054828342765333,0.2571701785930981
Test_348,0.27031045916815294,0.09903210919602143,0.4484787198531385,0.18217871178268719
Test_349,0.3067776416708876,0.10804101954549428,0.4139151440215893,0.17126619476202895
Test_350,0.2517157949841631,0.13390873325243238,0.18087742097513196,0.4334980507882725
Test_351,0.18427175704527554,0.05775553195265796,0.4089291651221545,0.349043545879912
Test_352,0.37709469510092214,0.15841005425712873,0.23793286011787232,0.22656239052407676
Test_353,0.8562791372715132,0.006815264327275136,0.06245567854096281,0.07444991986024882
Test_354,0.35015201090725834,0.22642043897975153,0.4115555353433092,0.011872014769680979
Test_355,0.7880371349255764,0.0001183648972129405,0.14854826681881006,0.06329623335840055
Test_356,0.9998618101858076,5.723591292803863e-05,7.932531946354481e-05,1.6285818007906297e-06
Test_357,0.8479347319448779,0.017839712083572774,0.10917414082203997,0.025051415149509405
Test_358,0.0489988029842099,0.11628981718749007,0.6215602254337225,0.21315115439457755
Test_359,0.19796654466503338,0.18570454730931915,0.24053266777610494,0.37579624024954256
Test_360,0.2561403814661615,0.06974317028412624,0.2694213891244476,0.40469505912526466
Test_361,0.18541494814741108,0.015800100334066897,0.5519486087871003,0.2468363427314217
Test_362,0.22494996975952286,0.08241955693647783,0.27360811109267685,0.4190223622113225
Test_363,0.14096588903122081,0.013789102782283635,0.8176174590361185,0.027627549150377
Test_364,0.492621797211494,0.08353914199195366,0.2509268122650412,0.1729122485315112
Test_365,0.11044561353160358,0.01033668312474223,0.7464670874263658,0.13275061591728826
Test_366,0.10653429061551764,0.13974343570746067,0.48451641218063757,0.26920586149638415
Test_367,0.03957578465574765,0.025729632703870294,0.7561741169350915,0.17852046570529045
Test_368,0.3577282132089561,0.12693508471094314,0.2787731251638599,0.2365635769162408
Test_369,0.2050209741128537,0.1859412648168028,0.21699902510949212,0.39203873596085137
Test_370,0.10836871054712642,0.12851676673062176,0.5106754977208858,0.25243902500136595
Test_371,0.2430181630357771,0.09323911513109936,0.19267062091372236,0.471072100919401
Test_372,0.1648816170664926,0.02296227890194378,0.16186257150403927,0.6502935325275244
Test_373,0.16955733904878997,0.28051732720816785,0.12232493681818006,0.4276003969248621
Test_374,0.26279514876723004,0.1829382334691042,0.2591779314070477,0.29508868635661806
Test_375,0.29459404178643506,0.12492113158609452,0.27699705880334674,0.3034877678241236
Test_376,0.33649399292268073,0.05880176900712142,0.5233520881656349,0.08135214990456296
Test_377,0.2853776850125157,0.09524147890856519,0.2945616968291661,0.324819139249753
Test_378,0.38725666038968853,0.010807083104299746,0.3720723423506226,0.22986391415538912
Test_379,0.24879818455801866,0.03745713321193535,0.11612365455946215,0.5976210276705839
Test_380,0.3696489718940257,0.15752755204268873,0.2315832520685657,0.24124022399471978
Test_381,0.19910855923223902,0.13768098453202365,0.25836089049117383,0.40484956574456354
Test_382,0.21867943364930698,0.05104132999079243,0.3970925685086156,0.333186667851285
Test_383,0.8540440242184041,0.0004892340123699615,0.017358966808620587,0.1281077749606053
Test_384,0.33347065535964526,0.09112667151766637,0.2991101725422702,0.27629250058041815
Test_385,0.21080609419281102,0.08749880851622144,0.4506337235848598,0.2510613737061078
Test_386,0.2563111368123246,0.22521838057100374,0.26754889585650876,0.2509215867601629
Test_387,0.21377629864219816,0.0716154041312927,0.3799253350502688,0.33468296217624033
Test_388,0.8648169952492628,0.0404367014358207,0.008662311258926579,0.08608399205598996
Test_389,0.49835760219727987,0.05161192172928303,0.42912865401407824,0.020901822059359042
Test_390,0.2464950637280711,0.1888927280454266,0.24365785204427318,0.32095435618222906
Test_391,0.1852091910965125,0.007018219094781793,0.06046369802471307,0.7473088917839925
Test_392,0.02436169299870641,0.01188837387008243,0.9240146316561448,0.0397353014750663
Test_393,0.15766591760595164,0.02594866467690695,0.15499832714405234,0.6613870905730891
Test_394,0.38798887754509354,0.00468563791053611,0.3191087115437997,0.2882167730005705
Test_395,0.6789081543204557,0.06571029559286237,0.10673448718244209,0.14864706290423982
Test_396,0.24728814184576367,0.06465027342049154,0.10846183117582532,0.5795997535579195
Test_397,0.3055075483868296,0.19430539187417734,0.2129776477320325,0.28720941200696065
Test_398,0.192980755719887,0.029257530193191352,0.2367584045205726,0.541003309566349
Test_399,0.2665407822646103,0.08607984393077935,0.2660166184714344,0.3813627553331759
Test_400,0.3895452375780605,0.13178625397182472,0.3948804860532565,0.08378802239685834
Test_401,0.44037310587438216,0.013688096536695055,0.3814654962205737,0.16447330136834903
Test_402,0.156826799388946,0.06405045514829218,0.17430038894578795,0.6048223565169739
Test_403,0.08904892941433926,0.03469841888576038,0.4676652047715341,0.40858744692836624
Test_404,0.17106629500319318,0.021013959886620918,0.10220459306261942,0.7057151520475664
Test_405,0.03620657729547649,0.010664658208675714,0.008828122886365454,0.9443006416094822
Test_406,0.15218982802496497,0.11161249543352546,0.14201434475241295,0.5941833317890967
Test_407,0.07546867755962051,0.013798309293629117,0.09859396290649457,0.8121390502402558
Test_408,0.16802036025844488,0.08624728382929513,0.12889368277296198,0.616838673139298
Test_409,0.8795702520686194,0.006304479687026632,0.015430901393175036,0.098694366851179
Test_410,0.06345012032716339,0.03066532674439923,0.08138385232435376,0.8245007006040835
Test_411,0.6837152763029322,0.1430177368571569,0.12416349088584287,0.0491034959540682
Test_412,0.14869457353301707,0.07231837558904375,0.7677443554871284,0.01124269539081078
Test_413,0.6963415570886847,0.04651823643942843,0.1693645729889511,0.08777563348293584
Test_414,0.21969356273302626,0.04735817886167043,0.4067388530714889,0.3262094053338145
Test_415,0.5385570964551553,0.013069256593892445,0.15947034622588516,0.2889033007250671
Test_416,0.3340612778222879,0.166508193163864,0.27918025171568495,0.22025027729816313
Test_417,0.03805817751416042,0.0015035829672993793,0.9474747589540754,0.01296348056446482
Test_418,0.9734006850492793,0.001347297132127603,0.022087368126941256,0.0031646496916516347
Test_419,0.37389891259162855,0.007749453444010799,0.5556430187210195,0.06270861524334122
Test_420,0.675331542914481,0.04279772891846211,0.19821011981791475,0.08366060834914191
Test_421,0.22712096229454884,0.2134943764239661,0.2246998155971871,0.3346848456842979
Test_422,0.06996923643634166,0.010532918269853267,0.0785025586509138,0.8409952866428912
Test_423,0.06371249077193011,0.6038428191430885,0.0694107282620966,0.2630339618228847
Test_424,0.10172139005915937,0.04084531026480202,0.7185267764013366,0.13890652327470207
Test_425,0.14763108912045894,0.11940249561370055,0.17854244272273864,0.5544239725431018
Test_426,0.2879180259174533,0.07281179687344254,0.2224361247111765,0.41683405249792765
Test_427,0.2185417713072218,0.14973614018043788,0.1794655838284162,0.45225650468392403
Test_428,0.1601200318615725,0.09616971059531898,0.19170022589356636,0.5520100316495421
Test_429,0.2917645758554537,0.12201195498429873,0.33460426629171064,0.25161920286853695
Test_430,0.4778604980631761,0.043635196824951324,0.47832509293150666,0.00017921218036591447
Test_431,0.6135751306628444,0.060297018987090556,0.0024054643554527267,0.32372238599461234
Test_432,0.4028815544316284,0.019465395959929143,0.13508654937170247,0.44256650023674005
Test_433,0.11244422410112469,0.10181233769049447,0.08587714730893821,0.6998662908994426
Test_434,0.28129976177244403,0.20300774442834313,0.2286235121647375,0.2870689816344754
Test_435,0.19531132285296984,0.14551415448224542,0.2058117477476209,0.45336277491716387
Test_436,0.2792330052766526,0.05021547008055293,0.3592681071303875,0.31128341751240707
Test_437,0.3686482615954239,0.023765171181168495,0.2645054654083583,0.34308110181504925
Test_438,0.17840273976715676,0.042795408594123945,0.3260950201828727,0.4527068314558467
Test_439,0.3809827782590866,0.14100670264427156,0.3123595960801369,0.16565092301650503
Test_440,0.29032147388593477,0.0416256245633182,0.3323801541334463,0.33567274741730074
Test_441,0.2191234514932265,0.10282777152158934,0.6150500000646953,0.06299877692048873
Test_442,0.1762235330241474,0.04276741857244724,0.6805748248940944,0.10043422350931097
Test_443,0.133188624156934,0.04845001725540661,0.07597876213908655,0.7423825964485727
Test_444,0.4763873002847818,0.06371298665794367,0.33217739514852673,0.12772231790874788
Test_445,0.037674878956956835,0.010122500679545116,0.0037220446580267298,0.9484805757054714
Test_446,0.07133965723646642,0.029198970433003832,0.8497256232858286,0.04973574904470127
Test_447,0.2232352157093958,0.09771074495244542,0.5627532643548204,0.1163007749833383
Test_448,0.2795783352291044,0.21982627958014184,0.2647247588047545,0.2358706263859993
Test_449,0.1704535315241754,0.10773565451436226,0.3019004708425836,0.4199103431188787
Test_450,0.35937920491410563,0.15449216751209205,0.3741691367344655,0.11195949083933668
Test_451,0.3819154758814468,0.2886594007812936,0.30626767325916726,0.023157450078092338
Test_452,0.24809429840705965,0.050301044557185294,0.17558110812684513,0.5260235489089099
Test_453,0.16925834052265237,0.1001442742378313,0.2442422179860268,0.4863551672534896
Test_454,0.24896169954852537,0.05995101515829767,0.05526928654797731,0.6358179987451996
