image_id,healthy,multiple_diseases,rust,scab
Test_0,0.3602305565124382,0.08028015833319635,0.41730434583576315,0.1421849393186024
Test_1,0.3072057528647883,0.03926403734949335,0.36711762267065395,0.28641258711506407
Test_2,0.134535526425538,0.030361825995114822,0.28037496102933324,0.5547276865500141
Test_3,0.5024169492928217,0.04220176764124069,0.19770809759662067,0.2576731854693171
Test_4,0.21706914967599023,0.05358726991599347,0.38297171394159457,0.3463718664664217
Test_5,0.31057052753593173,0.03721462981208804,0.2803456239304005,0.37186921872157946
Test_6,0.20761067960025226,0.058465717437204835,0.29405513300301667,0.4398684699595263
Test_7,0.4189127863152728,0.04287781594691861,0.1940619316078296,0.3441474661299789
Test_8,0.21441426605334524,0.06850455319494245,0.4059968976132117,0.31108428313850056
Test_9,0.2670300382173187,0.06203059651134206,0.42673153083884274,0.24420783443249647
Test_10,0.4728217482232011,0.02807914736878838,0.3199293571796843,0.17916974722832615
Test_11,0.5645553750125814,0.036567181857362734,0.2559521527605534,0.1429252903695028
Test_12,0.19655150519747924,0.04863275322722023,0.30840539333346945,0.4464103482418313
Test_13,0.21451159113042442,0.05535740876296924,0.4860562825573387,0.24407471754926788
Test_14,0.42902406474631855,0.06373895367605362,0.3422699117192306,0.16496706985839743
Test_15,0.16766433126683683,0.07789753722484519,0.46987204964023055,0.28456608186808746
Test_16,0.21701300064616516,0.06983130534239394,0.38641185969593567,0.3267438343155053
Test_17,0.2968571357286215,0.10894612991046591,0.3837756036100351,0.21042113075087726
Test_18,0.1772160967125129,0.04988612607540315,0.34295919091017624,0.42993858630190757
Test_19,0.20763797090954247,0.05431864478114952,0.2705205087792572,0.4675228755300509
Test_20,0.2279027730160912,0.06179101866019743,0.3243564314502894,0.38594977687342186
Test_21,0.3081603181644809,0.039764753340717315,0.21785202248838673,0.4342229060064153
Test_22,0.28841636251000985,0.048920916662401864,0.517430323536635,0.14523239729095339
Test_23,0.228407391543982,0.042122881616151346,0.3881327706671222,0.3413369561727444
Test_24,0.2689106706877669,0.04352754543219081,0.285984116970387,0.4015776669096553
Test_25,0.23264601054988202,0.028601561037460945,0.2842627495634998,0.45448967884915736
Test_26,0.22887188509321912,0.03981751231270579,0.2451244393560939,0.48618616323798114
Test_27,0.24268680141180993,0.09875331054005625,0.490454424568673,0.1681054634794609
Test_28,0.4474390895804956,0.07019277603243058,0.3329255784875495,0.14944255589952438
Test_29,0.26513479524871725,0.07710283550717893,0.21427117571940144,0.44349119352470234
Test_30,0.24329846864802124,0.07270104821428972,0.30769043001529406,0.37631005312239524
Test_31,0.22525690128802978,0.05730214559061869,0.21370072720267072,0.5037402259186813
Test_32,0.1523555395027183,0.032988778407973984,0.38406372338158545,0.43059195870772204
Test_33,0.49271632696220385,0.053703731563998526,0.18769484663640812,0.26588509483738926
Test_34,0.21027515484195367,0.021914754160757343,0.23336561321422428,0.5344444777830647
Test_35,0.1452710264578036,0.04661103035857138,0.3751426405506961,0.432975302632929
Test_36,0.3260776044478323,0.04178579290415967,0.34764713954224763,0.2844894631057604
Test_37,0.2732383316187504,0.034867023772214296,0.2613027113728459,0.43059193323618955
Test_38,0.19679134814921942,0.04158186881067512,0.24577783115916674,0.5158489518809386
Test_39,0.30494503527169003,0.04267173112575534,0.19813725254540027,0.4542459810571545
Test_40,0.3561835220020657,0.050152110627426694,0.3960046271596452,0.19765974021086216
Test_41,0.2605971495647281,0.061154888504078485,0.3936241107594595,0.28462385117173367
Test_42,0.2011201501262428,0.07069856311948577,0.2788160779119293,0.449365208842342
Test_43,0.1783899991646333,0.0858121597473458,0.35835326260267725,0.3774445784853441
Test_44,0.304557943565678,0.054470386175038396,0.21931602745289608,0.42165564280638745
Test_45,0.25074544059384696,0.051177062310207584,0.3578055595805869,0.3402719375153586
Test_46,0.2981202743628617,0.03763971056303987,0.5224181245087052,0.1418218905653931
Test_47,0.21014112887300115,0.03721751526472224,0.49924226024779816,0.2533990956144785
Test_48,0.33971789670448976,0.037684972045982444,0.38746548988699997,0.2351316413625278
Test_49,0.29930944755080247,0.06487129980648207,0.4373062987395553,0.19851295390316034
Test_50,0.1866323290427402,0.03971530056035854,0.39683626892838586,0.3768161014685154
Test_51,0.1900180129828309,0.039051214661676825,0.26679416503758707,0.5041366073179051
Test_52,0.14659267343071825,0.052598857834688685,0.3704664279273754,0.4303420408072176
Test_53,0.24335336084350437,0.028332730171524403,0.5526284613693994,0.17568544761557203
Test_54,0.1790783939865906,0.05028041240197342,0.40276325586821343,0.3678779377432224
Test_55,0.2581172302089599,0.04788557277477035,0.23873656331977033,0.4552606336964992
Test_56,0.30466076646188794,0.05758605459168692,0.37832992663565285,0.2594232523107724
Test_57,0.3772569563450018,0.06515269112552276,0.21077301841602472,0.34681733411345084
Test_58,0.15569553032905406,0.06848300409627961,0.40831159838284964,0.3675098671918167
Test_59,0.349694636840041,0.026810292308405318,0.4102684070079917,0.21322666384356234
Test_60,0.2617207795517263,0.0634450916633768,0.4116940476608607,0.2631400811240362
Test_61,0.4755091929993883,0.049492245367019044,0.25369698748872016,0.22130157414487242
Test_62,0.18367964314530102,0.05268937824562073,0.3258603711849305,0.4377706074241479
Test_63,0.27088406233045653,0.07829639002418678,0.25697364033323095,0.3938459073121258
Test_64,0.25424322244210446,0.03920851548756605,0.22199676520515219,0.4845514968651772
Test_65,0.1877697351901043,0.05102064118044152,0.36663803856385047,0.39457158506560364
Test_66,0.3339370238677848,0.04508073508478787,0.26687157186222527,0.35411066918520245
Test_67,0.39134644979962213,0.05352578376260023,0.25907121226797336,0.2960565541698042
Test_68,0.2742950487484952,0.06285512723313091,0.23890040557054493,0.4239494184478288
Test_69,0.4356411969626016,0.03322893829897468,0.36237930111408345,0.16875056362434054
Test_70,0.325024026914241,0.04519578616312195,0.3423053682722822,0.2874748186503549
Test_71,0.3189049850915616,0.03823866728666239,0.41956072970104563,0.22329561792073038
Test_72,0.2684646621461833,0.08165063060044313,0.3553627911309139,0.29452191612246
Test_73,0.3360555599799281,0.031201283236816084,0.48357809920753153,0.14916505757572415
Test_74,0.18627253903184113,0.05122418119207162,0.318745580267876,0.44375769950821153
Test_75,0.42353556526254005,0.06735146295807247,0.2005504969726549,0.308562474806733
Test_76,0.2053003251370906,0.041486088781504615,0.31149721554845416,0.4417163705329504
Test_77,0.4910279506386231,0.04149307615289718,0.2033416185480417,0.26413735466043775
Test_78,0.13408144716077078,0.061232692365369185,0.36894245187307,0.43574340860078997
Test_79,0.5889661920651366,0.026852971791789144,0.2140089807930705,0.1701718553500034
Test_80,0.31151637975453644,0.03801273202916354,0.23894846243352194,0.41152242578277803
Test_81,0.15189653122491967,0.034005857216428265,0.47052880787951623,0.343568803679136
Test_82,0.2148116312738724,0.04404569961432869,0.45062637043659287,0.29051629867520595
Test_83,0.34851810186458043,0.040172899048397624,0.3339190519217935,0.2773899471652284
Test_84,0.22175736364317725,0.0702186261304196,0.2946095878219972,0.4134144224044058
Test_85,0.3739296368498947,0.04515151296631285,0.18241429673450937,0.3985045534492834
Test_86,0.26109919214072813,0.06990010188155665,0.2931639178531793,0.3758367881245359
Test_87,0.24974783553962837,0.08170145043145474,0.29038387778786456,0.3781668362410524
Test_88,0.22697523220162472,0.026548764232567072,0.40656176037802083,0.339914243187787
Test_89,0.49089380875308064,0.059156379805091794,0.3103482007423326,0.13960161069949517
Test_90,0.2777760478252551,0.040880830405932655,0.5064964190315361,0.17484670273727612
Test_91,0.27346370406868475,0.030357760133308844,0.3647793740420196,0.3313991617559865
Test_92,0.6376921537383969,0.02534001803375824,0.16462227074870328,0.17234555747914182
Test_93,0.234055027764416,0.08617566365428948,0.2981184016512994,0.38165090692999504
Test_94,0.16697264860531785,0.04101936348204806,0.35209819376359736,0.43990979414903697
Test_95,0.5069568015428064,0.0314420282892311,0.2765869306133938,0.18501423955456905
Test_96,0.3697183423777406,0.05412836433103861,0.3714538737228477,0.20469941956837331
Test_97,0.3949155847966869,0.05068486493554887,0.3357988204239117,0.21860072984385265
Test_98,0.2160931630879764,0.054446963832194856,0.3466519041352433,0.3828079689445854
Test_99,0.13209986742912835,0.08065084621430414,0.40066511686277984,0.38658416949378793
Test_100,0.22881086707713458,0.08770308899109773,0.4325729999203214,0.2509130440114464
Test_101,0.27505798875703774,0.0361721099342139,0.45559738479457285,0.23317251651417537
Test_102,0.20991688620999785,0.08346766519245236,0.406262263513511,0.3003531850840385
Test_103,0.3068916317436313,0.04165408699760711,0.4775059924287852,0.17394828882997618
Test_104,0.24224138225287697,0.07382827970362729,0.28344797175172143,0.40048236629177436
Test_105,0.25780911403734824,0.03995387541996729,0.3943374458583241,0.3078995646843608
Test_106,0.23332816325387393,0.06214192469932428,0.44427210213809354,0.26025780990870834
Test_107,0.18422221562713326,0.04338553615562683,0.3339979570477965,0.4383942911694432
Test_108,0.18846668212878787,0.05799831828822837,0.3130642486850901,0.4404707508978938
Test_109,0.35016270625293655,0.04247417113546929,0.40991933873165765,0.1974437838799364
Test_110,0.20383435160769772,0.03361023477232411,0.42918207266023944,0.3333733409597389
Test_111,0.14562673385866526,0.07738920034977008,0.327729465830881,0.4492545999606836
Test_112,0.2281827759509837,0.040500809706869055,0.27872369055236895,0.4525927237897786
Test_113,0.37929555266418313,0.03444919563206534,0.31726471760543273,0.26899053409831897
Test_114,0.25221240242346127,0.0631251720102622,0.3374358814749204,0.34722654409135617
Test_115,0.3261378311953397,0.03627094573214653,0.25045102864197755,0.38714019443053616
Test_116,0.23759767672195756,0.04408197069261564,0.37602762315865884,0.34229272942676797
Test_117,0.2430310296251864,0.034649348624970024,0.4187242672182985,0.303595354531545
Test_118,0.34000702505068525,0.04632213506332309,0.3209620286183832,0.29270881126760834
Test_119,0.385991806736541,0.036820803726534734,0.3187810999528276,0.2584062895840968
Test_120,0.2756609903859458,0.05664351301700963,0.29286523346442883,0.3748302631326155
Test_121,0.23763520943942695,0.04038727217430623,0.3140583488287929,0.40791916955747365
Test_122,0.2224899252235781,0.05165962487030767,0.3926968291462855,0.3331536207598287
Test_123,0.2656824867381214,0.09620864746248443,0.3314415154918002,0.30666735030759407
Test_124,0.1763443694139955,0.06369212701705686,0.5355601228237598,0.22440338074518779
Test_125,0.26867762201393797,0.035577076281434444,0.45230922884216207,0.24343607286246555
Test_126,0.39614573182311275,0.06967986212918449,0.3574093114151805,0.17676509463252207
Test_127,0.2876506821092859,0.0294580268275497,0.17991235920905835,0.5029789318541064
Test_128,0.25554894145746954,0.05510423256125914,0.4635957821496936,0.22575104383157774
Test_129,0.15103201677232353,0.06395044098168715,0.3471393809198691,0.43787816132612006
Test_130,0.29340832283853235,0.03815866800092239,0.27017886006284025,0.39825414909770485
Test_131,0.2114472331379787,0.04991756169428806,0.4241703339472269,0.31446487122050654
Test_132,0.30485228662000907,0.051691190845766954,0.4734746227665416,0.1699818997676823
Test_133,0.36670262117122526,0.08690748105344452,0.23299371714776304,0.31339618062756713
Test_134,0.420314468006758,0.06014595736770397,0.256515973711687,0.26302360091385085
Test_135,0.3223880566144782,0.063898335095167,0.3026851163777975,0.31102849191255755
Test_136,0.1674995283617356,0.04324449468395524,0.4447200675980246,0.3445359093562846
Test_137,0.149228382259959,0.042167688340651606,0.2744036822520003,0.5342002471473891
Test_138,0.26457078266839185,0.052805408098634626,0.2625774707631572,0.4200463384698164
Test_139,0.35062462534171235,0.053931143904896256,0.19704468004379674,0.3983995507095944
Test_140,0.2665147382278795,0.027150423721102393,0.31483105626441965,0.39150378178659834
Test_141,0.45482613681193795,0.034265454131504024,0.3235366213730399,0.18737178768351792
Test_142,0.2129213330847923,0.05962814498915611,0.33808692055510386,0.38936360137094767
Test_143,0.37616222449741255,0.0532345223187971,0.17905039533877157,0.3915528578450189
Test_144,0.3484474466853683,0.0320834298463687,0.389440014291801,0.23002910917646202
Test_145,0.21349788634954944,0.03537194428757656,0.272561733843854,0.4785684355190199
Test_146,0.4327856367023182,0.032578136039608484,0.2318362080986832,0.30280001915939
Test_147,0.28689150177412936,0.06432192037071931,0.27770713935141683,0.37107943850373454
Test_148,0.2955171290148495,0.02958443760170516,0.18772838093477442,0.4871700524486707
Test_149,0.4716804473021338,0.03856019771568485,0.2636546751367159,0.2261046798454653
Test_150,0.43226429511060527,0.03804356758405418,0.27506765411600903,0.2546244831893317
Test_151,0.45910122991315966,0.04087861859127014,0.22227181008332922,0.2777483414122407
Test_152,0.26050066610207406,0.08103515588626198,0.3592669270797001,0.29919725093196375
Test_153,0.19400050424100246,0.08680346662648203,0.36216817035032434,0.3570278587821913
Test_154,0.16579983482548694,0.07312310021736532,0.40754059887486754,0.3535364660822803
Test_155,0.27699956186032476,0.03521500812685572,0.38540182884566015,0.3023836011671591
Test_156,0.2942453882524368,0.03771692598675095,0.3761599962235766,0.2918776895372352
Test_157,0.5099632224187368,0.048513122237128115,0.28479954236935745,0.1567241129747777
Test_158,0.17031102955382205,0.061535058640735676,0.37996368399930824,0.3881902278061344
Test_159,0.2188162718533854,0.062113750937809575,0.4347386009065701,0.28433137630223504
Test_160,0.29164626542230576,0.04558674198324848,0.40138269233293883,0.26138430026150666
Test_161,0.45725289567468125,0.03625867373291179,0.23159054110917887,0.27489788948322824
Test_162,0.27042865884255624,0.048519547897366365,0.49300493833334214,0.18804685492673537
Test_163,0.18410386786382982,0.02829343916945106,0.34085331611339925,0.4467493768533197
Test_164,0.4073181826505351,0.04458344706105792,0.24564295528035768,0.3024554150080494
Test_165,0.23264676155433567,0.04605814533721068,0.41277596200974853,0.3085191310987053
Test_166,0.22422030173869467,0.042329514308457536,0.392976008356763,0.3404741755960848
Test_167,0.2968226191565831,0.08209866061249435,0.23872368293592786,0.3823550372949947
Test_168,0.24609814035821348,0.037463293545553854,0.40281496382038856,0.3136236022758441
Test_169,0.34480727895227586,0.034655197547010005,0.452757760885308,0.16777976261540617
Test_170,0.1616357162163829,0.05900152053399288,0.3141991252703313,0.4651636379792933
Test_171,0.478780238253155,0.024872343148124535,0.19403235193306884,0.30231506666565144
Test_172,0.23944520792207263,0.07327640006596067,0.4360852800061378,0.25119311200582883
Test_173,0.3574056081312266,0.052165271761246315,0.3073544848803424,0.2830746352271846
Test_174,0.23868793279069148,0.10603489349275452,0.32339570919223537,0.33188146452431855
Test_175,0.18991951555358222,0.05436458685412536,0.3439981336315529,0.4117177639607394
Test_176,0.19107104933239066,0.051941702479722664,0.4041396511513136,0.352847597036573
Test_177,0.4286000301685509,0.07446495630675146,0.17766166734692315,0.3192733461777746
Test_178,0.1656822509617906,0.03615919568031784,0.44443490283559034,0.35372365052230104
Test_179,0.16458159746191064,0.049326136196477875,0.40931311266532355,0.3767791536762876
Test_180,0.16963140118616737,0.049113673662780945,0.40602415989031937,0.37523076526073207
Test_181,0.18192841583076194,0.05328823102742014,0.34998183050385345,0.41480152263796455
Test_182,0.18398799952105802,0.07744593648437964,0.3106889414567925,0.42787712253777005
Test_183,0.28977726372472223,0.04162679127984413,0.28591074769520003,0.3826851973002339
Test_184,0.2248132843588136,0.0808844313270481,0.45162130952691143,0.24268097478722694
Test_185,0.33472122965070616,0.04830013873635816,0.19917909307917783,0.41779953853375756
Test_186,0.25072130935234765,0.03453540651505218,0.2733989882845208,0.4413442958480792
Test_187,0.2052671392778617,0.031771240109917866,0.5181188763393867,0.24484274427283376
Test_188,0.49469307018991837,0.05673979168751392,0.29239976754422137,0.15616737057834656
Test_189,0.23515531209217172,0.04585559244374269,0.4272477071651019,0.29174138829898383
Test_190,0.30030982637110476,0.02363672499912481,0.3004685853689065,0.37558486326086404
Test_191,0.29596676442965686,0.039387023846674425,0.1761624339648127,0.48848377775885615
Test_192,0.17790339584251552,0.0785377148797679,0.2893715118384201,0.4541873774392965
Test_193,0.21697268171361547,0.06319136324479399,0.31893948938724603,0.4008964656543445
Test_194,0.15224215152532203,0.05631413353641325,0.2645958836326982,0.5268478313055663
Test_195,0.29287187000510706,0.0628175335242147,0.5043449499156418,0.1399656465550367
Test_196,0.3461763632722883,0.07871701368156526,0.3007458772930388,0.2743607457531078
Test_197,0.27050063065838886,0.04909430793694043,0.41549759710569123,0.2649074642989793
Test_198,0.32275994820962384,0.0453232412780382,0.1789019156484508,0.45301489486388713
Test_199,0.2686465618396036,0.07909716159834342,0.37274384459300114,0.27951243196905157
Test_200,0.2945492983143642,0.039409680658001454,0.1596725541631407,0.5063684668644934
Test_201,0.16703583143066156,0.05735772326749244,0.48587186442903857,0.2897345808728077
Test_202,0.2967026830288645,0.06704621442805771,0.3649611444372875,0.2712899581057906
Test_203,0.18437719067500655,0.059947822120827644,0.3697192668737415,0.38595572033042436
Test_204,0.19585688214102176,0.0749593512457265,0.35162699890000776,0.37755676771324376
Test_205,0.15962955268227835,0.04181603349030717,0.2905804190596658,0.5079739947677485
Test_206,0.16399241817708238,0.07263116448569193,0.3829575040642622,0.3804189132729633
Test_207,0.29812522119954504,0.02778769153586518,0.47162775685550395,0.20245933040908565
Test_208,0.28051879933692797,0.061504309520400535,0.5116423819673379,0.14633450917533375
Test_209,0.19759867288066468,0.05872323880222195,0.4025958916732328,0.3410821966438805
Test_210,0.2763763935265624,0.08317998344963833,0.37580638797740545,0.264637235046394
Test_211,0.3647356118392157,0.08064595637045543,0.38745731976568604,0.1671611120246431
Test_212,0.22766242473879533,0.09787676720022685,0.3426582212204836,0.3318025868404945
Test_213,0.25278024769905555,0.06979539386159385,0.2871777326054539,0.3902466258338966
Test_214,0.15503902477348525,0.07138877418713314,0.31178551290493756,0.46178668813444423
Test_215,0.31777902122130874,0.0744934473799864,0.2884292053310224,0.3192983260676827
Test_216,0.19620217579067656,0.06320251168459014,0.460890707678392,0.2797046048463414
Test_217,0.30946464419605896,0.0793024759851865,0.2729851992802838,0.33824768053847076
Test_218,0.4181388962712313,0.05931100443408825,0.3367471390849572,0.1858029602097234
Test_219,0.40578841853721564,0.03960996117689827,0.39830139133757597,0.1563002289483104
Test_220,0.33237723938075087,0.09310333683557773,0.25074724235801427,0.32377218142565745
Test_221,0.22360980814183615,0.07671449045078683,0.39557183833666776,0.3041038630707094
Test_222,0.13929147833810282,0.03934984947208755,0.39617452715689927,0.4251841450329104
Test_223,0.20778157368416303,0.05749423729696842,0.2922160160192323,0.44250817299963624
Test_224,0.3831569829474965,0.02986276400514239,0.42665150051340767,0.16032875253395357
Test_225,0.26547029868633,0.04420950303703765,0.21691632773641162,0.47340387054022054
Test_226,0.18053951318611286,0.05531122315115865,0.2514213426681826,0.5127279209945457
Test_227,0.11990502645866107,0.07137874211625357,0.3822147129748309,0.42650151845025436
Test_228,0.2914168595284376,0.03863622757215016,0.43588188497874747,0.2340650279206649
Test_229,0.33735509150052617,0.03272622991529778,0.36919230301151873,0.26072637557265715
Test_230,0.2805468649669887,0.04659278315869788,0.2525810768571004,0.42027927501721324
Test_231,0.1699881135507877,0.03697825149939357,0.303309978041216,0.48972365690860287
Test_232,0.1949492978713687,0.07580059253049805,0.4436179177238429,0.2856321918742906
Test_233,0.3595619979506113,0.026402807636433594,0.35150808962462143,0.2625271047883334
Test_234,0.20028224717727422,0.0510987193959419,0.4105679177477181,0.3380511156790659
Test_235,0.21295113012713715,0.0611113368283287,0.41666297089403886,0.3092745621504954
Test_236,0.26468056213136204,0.055228003661299874,0.4333898668370526,0.2467015673702852
Test_237,0.23335248935180067,0.060990294936092676,0.3021395629508148,0.40351765276129165
Test_238,0.3727139172598594,0.05510350360854282,0.3966352470876609,0.1755473320439367
Test_239,0.5127983129405205,0.05927336696220716,0.16495234494295283,0.2629759751543194
Test_240,0.2501365336759105,0.0647173896231259,0.3580850500783287,0.32706102662263487
Test_241,0.15410055148744697,0.031823901759810244,0.42830515379020273,0.38577039296254007
Test_242,0.19538993445119307,0.049119507607186516,0.41939919767329414,0.33609136026832653
Test_243,0.29435572028112666,0.0410726924912605,0.4224702809974573,0.24210130623015572
Test_244,0.31099942718782897,0.04808610569647087,0.19704568466670574,0.4438687824489942
Test_245,0.26633241817282055,0.028684285630161503,0.2983049714965883,0.4066783247004296
Test_246,0.1201334063345497,0.07933519968709837,0.32558870444946436,0.47494268952888735
Test_247,0.24321508778973389,0.06611293361580149,0.46317898480175024,0.22749299379271443
Test_248,0.3947728424182601,0.02914730887905336,0.33375471740885,0.24232513129383626
Test_249,0.12517750548403822,0.03475015134264977,0.518002230621567,0.32207011255174517
Test_250,0.3319013183938553,0.06403108430766233,0.3467291138717163,0.25733848342676613
Test_251,0.3724320610773165,0.05644102196816453,0.40703611726728134,0.16409079968723767
Test_252,0.17887950420745105,0.06315631542735249,0.344820662256381,0.4131435181088153
Test_253,0.19150294349724006,0.04792101641982695,0.33699421815384595,0.4235818219290871
Test_254,0.3626934005381109,0.026213581376325755,0.4417704225217157,0.16932259556384746
Test_255,0.1598843586969321,0.03587674219922047,0.3773839949415014,0.4268549041623462
Test_256,0.1335128465572759,0.06568617913526197,0.33102212163466216,0.4697788526728001
Test_257,0.26563776273546397,0.059523078503945386,0.418562430772641,0.25627672798794987
Test_258,0.21424424440649673,0.09463770524771414,0.37427314698540265,0.3168449033603861
Test_259,0.5011564033301832,0.08926393715642546,0.24256597478352057,0.167013684729871
Test_260,0.21794651098696366,0.0561419563203219,0.47498228253127084,0.2509292501614435
Test_261,0.2703166278347697,0.027163315247316747,0.349119068996035,0.3534009879218783
Test_262,0.280538685316564,0.04295767195822886,0.38459054235960866,0.2919131003655986
Test_263,0.3271298986065753,0.04412980529480122,0.41335140786219177,0.2153888882364316
Test_264,0.4512819105790731,0.04915340029892425,0.2935748116325064,0.2059898774894962
Test_265,0.22724214817261956,0.04238369357531268,0.3915523169146424,0.33882184133742566
Test_266,0.18717110492857184,0.05024590843762449,0.2855054874465403,0.4770774991872637
Test_267,0.4354712467119214,0.044479957467047186,0.2936308418369144,0.2264179539841169
Test_268,0.17461002999709196,0.07467866374910108,0.3671067578305417,0.3836045484232651
Test_269,0.3342152613168752,0.035652285633310986,0.30023729993317005,0.3298951531166436
Test_270,0.279310679739648,0.03664213814176661,0.27204431284326674,0.4120028692753187
Test_271,0.23256885819298895,0.06242997776956926,0.3494214799568658,0.35557968408057616
Test_272,0.4250587758604366,0.05724057842825245,0.17318028326818033,0.3445203624431302
Test_273,0.18068928367045262,0.06487790210622105,0.4197217748252248,0.33471103939810126
Test_274,0.3388918198121858,0.04678288626925866,0.42595560203564964,0.188369691882906
Test_275,0.22690914156231465,0.04145484274780736,0.2907625661887698,0.440873449501108
Test_276,0.2227284110625751,0.052214872171001576,0.3147855721474771,0.4102711446189462
Test_277,0.2000295894231726,0.03407342240222763,0.3232300986671273,0.44266688950747257
Test_278,0.25106012641262504,0.03310193641569259,0.2852313078044301,0.4306066293672525
Test_279,0.5123035996898634,0.04650114741909865,0.31091351631852304,0.13028173657251488
Test_280,0.24494718695131779,0.05873411321362838,0.4282613053727912,0.2680573944622626
Test_281,0.16324389590609412,0.06760799902780261,0.40424882178494137,0.36489928328116183
Test_282,0.22830269624797037,0.056262672727393624,0.30610336606865574,0.40933126495598005
Test_283,0.2545736976837352,0.05748215136193677,0.2395020620160682,0.44844208893826026
Test_284,0.39837787758969223,0.05975792915370474,0.3060985299743826,0.23576566328222062
Test_285,0.42412479694652355,0.0485353521573022,0.3479603090413084,0.17937954185486582
Test_286,0.34490540856634033,0.09674242531560175,0.34756022311636037,0.21079194300169765
Test_287,0.3013688190833674,0.03291569862971379,0.34301175346668045,0.3227037288202384
Test_288,0.17723034702067736,0.05473647098074815,0.33262117703526217,0.4354120049633122
Test_289,0.1833609547299819,0.05227958999329487,0.40315084432226794,0.3612086109544552
Test_290,0.24300986165582467,0.044816961103908294,0.5129137697728564,0.1992594074674109
Test_291,0.15249173391407442,0.08555442552203672,0.3741428058694934,0.3878110346943953
Test_292,0.5697483127324832,0.032445369043474184,0.2276524062431648,0.1701539119808778
Test_293,0.34968257596729113,0.04019747438953109,0.27793551123291443,0.3321844384102633
Test_294,0.40082277763494023,0.02033411751072596,0.357124287721122,0.22171881713321193
Test_295,0.2351987727626797,0.06383182762065438,0.5094858890109408,0.19148351060572472
Test_296,0.22881959249300668,0.08469840259531285,0.37636555253919224,0.31011645237248847
Test_297,0.13134137734858548,0.04006468876938508,0.4352096820566093,0.3933842518254205
Test_298,0.4424852041053454,0.06017652237546494,0.29425538511912164,0.20308288840006758
Test_299,0.22436486831495875,0.05770155712267965,0.2745295623682756,0.4434040121940861
Test_300,0.34590207860226374,0.07172879812848346,0.3921400194901659,0.19022910377908672
Test_301,0.2035156514281965,0.08976197342987693,0.34454432200330765,0.36217805313861895
Test_302,0.19064560070899333,0.023021763944806494,0.2741237642496155,0.5122088710965851
Test_303,0.3468720028756691,0.06819461852686642,0.4081029308817628,0.17683044771570172
Test_304,0.24400265086026324,0.0708752030456488,0.39471597682979376,0.2904061692642941
Test_305,0.26406124986236007,0.05098999634374958,0.37689613302451375,0.3080526207693766
Test_306,0.3384611329813842,0.045999007486519035,0.36255597026934605,0.25298388926275084
Test_307,0.27327092463538205,0.08613511146361498,0.464137005536602,0.17645695836440065
Test_308,0.35142583866246035,0.04108097269880813,0.38212713354141187,0.2253660550973195
Test_309,0.2078542767984532,0.07623263626797532,0.2554598213839236,0.460453265549648
Test_310,0.4409817079358317,0.04617704800336538,0.16434826888018403,0.34849297518061906
Test_311,0.3015106051009298,0.047949140353671364,0.18914877635053923,0.46139147819485965
Test_312,0.1567742263151771,0.03915026757575561,0.38413036875086276,0.41994513735820443
Test_313,0.18876778841213562,0.052934547756469066,0.357167631418297,0.40113003241309825
Test_314,0.20908442748605768,0.03913320718866814,0.34553465096883235,0.40624771435644197
Test_315,0.3611675290930003,0.038941404701142664,0.3467495860840256,0.25314148012183146
Test_316,0.2689656538922476,0.0681783422566208,0.3769401871356993,0.2859158167154323
Test_317,0.582684997691947,0.025544221919310932,0.19557573004652,0.1961950503422219
Test_318,0.18413197351161728,0.03132194428223218,0.40202174968772075,0.3825243325184295
Test_319,0.2433773059851124,0.03947767370834705,0.3891698691042734,0.32797515120226695
Test_320,0.3910222999729986,0.03734056165855838,0.375478425613685,0.19615871275475796
Test_321,0.14264123974154574,0.07163559037785185,0.3142987544575575,0.47142441542304453
Test_322,0.2065749709137236,0.05560538702539582,0.40179644216608335,0.33602319989479695
Test_323,0.20784742010044888,0.0660433762471587,0.30666520104430306,0.4194440026080894
Test_324,0.34981345009629383,0.058356236289926866,0.4029196492791953,0.18891066433458378
Test_325,0.15984058422909952,0.052655637469211786,0.44235306874564456,0.3451507095560438
Test_326,0.23917734171337857,0.07645482214036994,0.27093785342118726,0.41342998272506404
Test_327,0.42974049901133654,0.03521428028231981,0.25089927751744123,0.28414594318890224
Test_328,0.22229577837290848,0.07808565833099776,0.32724953731997736,0.3723690259761162
Test_329,0.1584290610283949,0.0471366270085349,0.36540740785925485,0.42902690410381517
Test_330,0.2916011411497011,0.06593983217494814,0.2319227653886946,0.4105362612866563
Test_331,0.2245175516105093,0.03543890528174543,0.3063362718591432,0.4337072712486021
Test_332,0.4002037551515304,0.06371895102735378,0.2763786542291121,0.2596986395920036
Test_333,0.17037193059271888,0.07201157296753662,0.3201930134298224,0.43742348300992195
Test_334,0.39715147615447877,0.05065066622507574,0.3662659646823527,0.18593189293809306
Test_335,0.177562734068391,0.06082834518945887,0.5060059455039873,0.2556029752381629
Test_336,0.3000786691104349,0.05372723179729328,0.43757235475792433,0.20862174433434733
Test_337,0.25781248413956304,0.042080582892964825,0.47930489468129456,0.2208020382861776
Test_338,0.3072579585286989,0.06225708905048427,0.347510464341549,0.2829744880792677
Test_339,0.27166433332109374,0.05814891928146701,0.4183218216294754,0.2518649257679639
Test_340,0.38620272534330996,0.04085441407526381,0.32615245743544524,0.24679040314598133
Test_341,0.30258848077014516,0.05157782060969418,0.44447268746379587,0.2013610111563648
Test_342,0.25464979714757496,0.07933816405814538,0.3335100892142754,0.33250194958000495
Test_343,0.3214362084778431,0.059315478156245084,0.2764684122034404,0.3427799011624716
Test_344,0.19218506659375476,0.08838393074138501,0.505516160511847,0.2139148421530128
Test_345,0.2485391406728252,0.07624540574773694,0.3221282732844155,0.35308718029502234
Test_346,0.14032627251284535,0.08862952995718844,0.4246532222387114,0.3463909752912551
Test_347,0.1923042614128255,0.031057885491173987,0.3406631651413911,0.4359746879546093
Test_348,0.20467052556224044,0.03544529508491977,0.3027837520094194,0.45710042734342
Test_349,0.39753921927661273,0.02586687108346028,0.33031646252763,0.2462774471122973
Test_350,0.2870460722013305,0.046706709946395204,0.37302844953268893,0.2932187683195857
Test_351,0.4104421460866623,0.06440930132945724,0.3056733985065779,0.2194751540773025
Test_352,0.17686483824379706,0.032470357465431254,0.47319372756358546,0.3174710767271861
Test_353,0.22481832473468755,0.052061938197889276,0.2948720373633002,0.4282476997041224
Test_354,0.1717165951165889,0.0450987581122229,0.3354945855958154,0.4476900611753729
Test_355,0.18518925560476185,0.06128396008469592,0.28838312111553127,0.46514366319501094
Test_356,0.3760843436163075,0.038238768875821845,0.3117503725113553,0.2739265149965152
Test_357,0.5035070637192844,0.03400162984480985,0.23581483105946305,0.22667647537644314
Test_358,0.17219216355207334,0.07847094713302175,0.5377022001256992,0.2116346891892054
Test_359,0.18051197868843444,0.08331879761222533,0.30539344532695817,0.4307757783723821
Test_360,0.35311214780965117,0.06367515786356641,0.25315188746818046,0.33006080685860184
Test_361,0.44140723590479675,0.10513487851313302,0.2866649395657069,0.16679294601636338
Test_362,0.2628313368820748,0.0669389266049523,0.34517230197690685,0.3250574345360661
Test_363,0.2524750941624574,0.07249421866836596,0.24385218300010866,0.43117850416906794
Test_364,0.33139525913143697,0.061147669686835965,0.2905519691556268,0.3169051020261006
Test_365,0.3548295164689522,0.0424579639910874,0.37875167055600195,0.22396084898395818
Test_366,0.21567546155117176,0.04591251886066875,0.38094074531131944,0.35747127427684044
Test_367,0.33467140544989543,0.06909759521244087,0.4174144905443306,0.17881650879333277
Test_368,0.2021484458907113,0.05641639517964553,0.383500569713735,0.3579345892159084
Test_369,0.1857126546483996,0.055137835755737954,0.34601628739822593,0.41313322219763676
Test_370,0.13971325654096364,0.04723680565235658,0.4423008515268933,0.3707490862797863
Test_371,0.29094339508055267,0.0678839349486497,0.34388440997446923,0.2972882599963281
Test_372,0.4772525226892079,0.044675406300826906,0.2515244108013012,0.2265476602086639
Test_373,0.36710839437477477,0.04471963639768366,0.34898157236553606,0.23919039686200555
Test_374,0.14468427587056337,0.04526815084042836,0.5415041607265991,0.2685434125624086
Test_375,0.14552235067459876,0.06450766556882802,0.40771074737536434,0.3822592363812091
Test_376,0.3618331653825914,0.02522547296755909,0.3369301777953282,0.2760111838545215
Test_377,0.3838393999313946,0.02737304844090957,0.3823670529948845,0.20642049863281137
Test_378,0.18962417095970158,0.04100978553677689,0.3874196151691894,0.38194642833433196
Test_379,0.236495513528733,0.04859987310788484,0.41981677712650267,0.2950878362368795
Test_380,0.3184783078849612,0.040369539072735085,0.4090859760403654,0.23206617700193805
Test_381,0.15805906375648876,0.047050687164746974,0.24387238318116994,0.5510178658975944
Test_382,0.32409481543471863,0.06204617369774016,0.3481890050473137,0.26567000582022765
Test_383,0.19695226014881334,0.029241159401804093,0.33237270090027776,0.44143387954910485
Test_384,0.26847015631612037,0.05699286177532511,0.387350476173414,0.2871865057351407
Test_385,0.358398815829712,0.0680559769548256,0.23301476588682787,0.34053044132863475
Test_386,0.21189737497027064,0.08063004635253238,0.2745597563979835,0.4329128222792131
Test_387,0.2916136744282861,0.04077747280665162,0.28431864747725133,0.3832902052878108
Test_388,0.25143184588048556,0.06728983544653655,0.3870814545639853,0.29419686410899304
Test_389,0.3232669807047359,0.08699959547131893,0.4263807924232701,0.1633526314006752
Test_390,0.2777269624938892,0.03603750371603951,0.39331757036693193,0.2929179634231392
Test_391,0.2092518093939721,0.06188842507958324,0.24533963546697793,0.48352013005946654
Test_392,0.38653549540922,0.08105657204411887,0.3698681746613093,0.16253975788535183
Test_393,0.22551220562265348,0.07008678190720218,0.33287415303632983,0.37152685943381464
Test_394,0.25912406450950376,0.03788039477219054,0.35359505827809223,0.34940048244021393
Test_395,0.13574500123510697,0.04277932305084358,0.5140293659969668,0.30744630971708276
Test_396,0.31510059162664344,0.04686869739708837,0.22610789012566598,0.41192282085060195
Test_397,0.14398086096733703,0.050359078544895755,0.3466237571739701,0.4590363033137974
Test_398,0.1532720559698105,0.054241543053941785,0.45097878851829054,0.3415076124579576
Test_399,0.17019078917648947,0.03873562040559751,0.40228038201015726,0.38879320840775594
Test_400,0.4179169775307734,0.04741517053269595,0.3759388812911807,0.15872897064535005
Test_401,0.1534910308011293,0.08173206005686844,0.35585766797229,0.4089192411697122
Test_402,0.23984273059696964,0.07745085968047126,0.34880273408798235,0.33390367563457707
Test_403,0.25050756155444254,0.0943826734611256,0.29108666649347004,0.3640230984909618
Test_404,0.4292756704904915,0.039398701060876555,0.3482257627142743,0.1830998657343578
Test_405,0.20574876772891637,0.06625514623673795,0.33769437590824836,0.39030171012609766
Test_406,0.2957481102788853,0.058270861019351056,0.3199418257696859,0.3260392029320777
Test_407,0.16150921171774812,0.031673745904505446,0.430943222379629,0.37587381999811753
Test_408,0.2740739982824871,0.04531660471457321,0.293185504357574,0.38742389264536586
Test_409,0.2641798652876832,0.0264756007457852,0.30707412325701966,0.4022704107095121
Test_410,0.2562053992223305,0.033136259774332634,0.20499085482619267,0.5056674861771443
Test_411,0.4475204063968316,0.09817954535951462,0.2708712494574715,0.1834287987861824
Test_412,0.1653343085579097,0.06398430524248143,0.41700984369872035,0.35367154250088867
Test_413,0.20301546871146092,0.06322091126825953,0.29803048119511183,0.4357331388251673
Test_414,0.144525396959347,0.05034225839567895,0.4229789278403884,0.38215341680458564
Test_415,0.20628270666095908,0.045530062683855364,0.30481824882520436,0.4433689818299812
Test_416,0.1901186827185764,0.03970038267987994,0.41929417418076687,0.3508867604207767
Test_417,0.26156580141706,0.04172120876414759,0.34322242505085593,0.35349056476793667
Test_418,0.3252065986522901,0.0663772253660252,0.41633296123675295,0.19208321474493162
Test_419,0.3575590016237683,0.029112837569874903,0.3805678164904789,0.232760344315878
Test_420,0.26249151735654425,0.03162014565491655,0.32023565919793445,0.3856526777906051
Test_421,0.3162545528408408,0.040780599140551876,0.19130319511723567,0.4516616529013716
Test_422,0.17914970645280398,0.07494984460517143,0.45796289861476375,0.28793755032726104
Test_423,0.12595506999913517,0.06878425615451032,0.278237767792479,0.5270229060538757
Test_424,0.2457931666092521,0.09058478959907651,0.47770907940842383,0.18591296438324786
Test_425,0.3102572458733963,0.037678262579226254,0.24678173955721477,0.4052827519901625
Test_426,0.4928905813018661,0.02821970715762187,0.33888787344270394,0.14000183809780825
Test_427,0.1783561346047247,0.06660011261860976,0.38740755784267605,0.36763619493398947
Test_428,0.37942563783096256,0.038195413580238015,0.26842323389552225,0.3139557146932771
Test_429,0.13607572505943644,0.03822133657605145,0.4261162491754515,0.39958668918906054
Test_430,0.40665106133106127,0.07387742244890737,0.3484804653464018,0.17099105087362934
Test_431,0.333763068956897,0.06920474901099319,0.2521419959348289,0.34489018609728095
Test_432,0.31462708706705894,0.04330072999550193,0.429603754979877,0.21246842795756188
Test_433,0.14470195420991785,0.05137636954286941,0.3666153353550966,0.437306340892116
Test_434,0.1855614981812706,0.05707774082259128,0.33404136601467416,0.4233193949814642
Test_435,0.20238254008555054,0.059641124944205044,0.31533029393890893,0.4226460410313359
Test_436,0.29414402553450575,0.07092621807151792,0.46328615935671535,0.17164359703726095
Test_437,0.287010083870038,0.040516537368660545,0.18890901720104458,0.48356436156025684
Test_438,0.23599215490736117,0.04897484066090668,0.26911066505782916,0.44592233937390285
Test_439,0.2884828840968731,0.07113563723351263,0.4334653271791035,0.20691615149051099
Test_440,0.2945933823563993,0.09238714494798793,0.3249114750094013,0.28810799768621154
Test_441,0.33819125502577213,0.04127960721043383,0.3801005108893783,0.24042862687441582
Test_442,0.2436460174570674,0.04973477987627921,0.25943941045400665,0.44717979221264675
Test_443,0.5353882599406512,0.04703448429864096,0.21912339386671198,0.19845386189399614
Test_444,0.3163791183448171,0.03676522769892091,0.3723384187427188,0.274517235213543
Test_445,0.17083820459517282,0.06379874077097168,0.3176128915577148,0.4477501630761405
Test_446,0.28727381671234625,0.07116919495579281,0.4070071205389051,0.23454986779295575
Test_447,0.357705493494454,0.05552812401704609,0.43668590235222543,0.15008048013627454
Test_448,0.31147326859771396,0.04960482273565876,0.24525078849064866,0.39367112017597894
Test_449,0.2785801160995074,0.031244431148969895,0.2784890924734538,0.41168636027806893
Test_450,0.21422762300870302,0.06395857189475943,0.41428148633628054,0.307532318760257
Test_451,0.2260376985154028,0.0630600841509668,0.4361871359351939,0.2747150813984363
Test_452,0.2784494972105085,0.0389561370943807,0.29160691203008443,0.39098745366502613
Test_453,0.1514610514958634,0.031404638305539134,0.4591753955955736,0.3579589146030238
Test_454,0.24078427750492953,0.09712361331460223,0.312138176478734,0.3499539327017342
Test_455,0.30648548511002355,0.05203199454753115,0.25499694814292656,0.3864855721995186
Test_456,0.15891497795766926,0.04911021385842814,0.27751803266836406,0.514456775515538
