image_id,healthy,multiple_diseases,rust,scab
Test_0,0.19336696480868149,0.06481867886985834,0.7288731004511746,0.012941255870285455
Test_1,0.08436118588243303,0.030935749032565487,0.03901761453292261,0.845685450552079
Test_2,0.034946889665643646,0.04943820560853083,0.009319697255720006,0.9062952074701056
Test_3,0.4806544487169445,0.0009556228259501314,0.5177166188261909,0.000673309630914497
Test_4,0.39640153742069245,0.01265038237422463,0.5793385975790978,0.011609482625985235
Test_5,0.713692787886553,0.001613609014155634,0.21035714931730481,0.07433645378198661
Test_6,0.3017190800998136,0.08590141900399681,0.5311560884943763,0.08122341240181323
Test_7,0.21450839446274933,0.18696626333083396,0.2854268720849827,0.313098470121434
Test_8,0.287392586736033,0.06547731776482583,0.15344582057228082,0.49368427492686034
Test_9,0.8864954845708755,0.007505532695706801,0.04669840508893762,0.05930057764447998
Test_10,0.3869641709104956,0.05800268668834801,0.4105486660504384,0.14448447635071804
Test_11,0.8377994486576396,0.01816092778472033,0.12640837479592754,0.01763124876171262
Test_12,0.26421038894068044,0.1361299958906515,0.08134732672980151,0.5183122884388666
Test_13,0.4138548749699694,0.11248498628819383,0.45880169974206847,0.014858438999768289
Test_14,0.5960248004694034,0.07295421514527638,0.24989311586620172,0.08112786851911845
Test_15,0.01936028021192707,0.004039649561868467,0.9763796784073264,0.00022039181887788207
Test_16,0.4609842182757173,0.05426588979516925,0.23071341076325208,0.2540364811658613
Test_17,0.004961386890581457,0.014319062112559903,0.0008453572175988777,0.9798741937792598
Test_18,0.22608527733012868,0.06270492660345574,0.5449404076781743,0.16626938838824135
Test_19,0.08829852330547029,0.014088752213391282,0.8748784590444413,0.022734265436697015
Test_20,0.18770402502149955,0.06083673545640345,0.3244068831570939,0.42705235636500316
Test_21,0.018510904204782887,0.014120030672942185,0.01245048925780113,0.9549185758644739
Test_22,0.09620912596055751,0.01077369753644011,0.8922504990813694,0.0007666774216329026
Test_23,0.3608923799842751,0.20483501667572096,0.1436190483392962,0.2906535550007078
Test_24,0.30941333406883925,0.0714253445645571,0.17793276415219966,0.44122855721440407
Test_25,0.2509563174080147,0.04272347419436218,0.2534835675387912,0.45283664085883196
Test_26,0.18256531628797062,0.11920237915050927,0.12354061408075576,0.5746916904807643
Test_27,0.41928652633734625,0.15174479546771572,0.24739103376860003,0.18157764442633798
Test_28,0.6887963690466695,0.028803487078865583,0.2513728886945187,0.031027255179946252
Test_29,0.30164830127973125,0.07530690730603794,0.5268250343252775,0.09621975708895332
Test_30,0.995806693079665,2.452555157762681e-05,0.004081323803243902,8.745756551362181e-05
Test_31,0.16566964172788984,0.3220918994281303,0.09226436394261535,0.41997409490136445
Test_32,0.5072590375023415,0.08187262247159363,0.2207705424470749,0.19009779757899004
Test_33,0.2883433903582106,0.10036342506829106,0.1880051083417417,0.42328807623175657
Test_34,0.6245410711677295,0.005171465324191164,0.22427502794961346,0.14601243555846577
Test_35,0.03826044331806915,0.05027834815760732,0.05776249141849423,0.8536987171058293
Test_36,0.046901901117787234,0.0008846759461363122,0.9464812885867098,0.005732134349366824
Test_37,0.0030698928369973467,0.12539398011453137,0.001182705905932866,0.8703534211425384
Test_38,0.050686772692013576,0.021244265344260802,0.033808546783892376,0.8942604151798331
Test_39,0.17672970915317243,0.10570928732044396,0.5044332347498104,0.21312776877657327
Test_40,0.12991329169190766,0.10922897377619498,0.5370558828963085,0.22380185163558894
Test_41,0.2891116323626287,0.04277424257213355,0.6670278684481208,0.0010862566171169381
Test_42,0.014498210992569203,0.007881118478886017,0.0016673480650402756,0.9759533224635045
Test_43,0.5585058125589606,0.07879936292248339,0.34519272060857514,0.01750210390998088
Test_44,0.3023446748938062,0.12538386846910662,0.22098235610173392,0.3512891005353533
Test_45,0.12417635550027867,0.1028152130905265,0.04532349496121009,0.7276849364479847
Test_46,0.5710532476789929,0.032746417426340706,0.17343159904895458,0.2227687358457118
Test_47,0.3405780000535681,0.10654380278452685,0.4904154741755379,0.06246272298636708
Test_48,0.034003353512671114,0.007985469379926969,0.8787761619989818,0.07923501510842004
Test_49,0.197679847678386,0.009917875395101104,0.18201466850973644,0.6103876084167764
Test_50,0.04887309803155827,0.02671020551912927,0.9131538383215576,0.011262858127754986
Test_51,0.008243129726893662,0.2993909851014623,0.14504097517548759,0.5473249099961565
Test_52,0.3840202558997292,0.09094596820554612,0.4689072312567222,0.056126544638002575
Test_53,0.002412169133817273,0.00032265536421481936,0.997234093977174,3.1081524793897265e-05
Test_54,0.9265922848003629,0.03270762477413456,0.01502797253114784,0.025672117894354723
Test_55,0.07453872191432584,0.006273362201291383,0.15768483222736135,0.7615030836570214
Test_56,0.037391941046620844,0.07215858515268896,0.07231237881706619,0.8181370949836241
Test_57,0.4260267026044658,0.12034206968277862,0.32427812868534484,0.1293530990274107
Test_58,0.01758780714794552,0.5771606016182146,0.18214375878941752,0.22310783244442228
Test_59,0.051182129431550476,0.06982394505988536,0.19125513105493125,0.6877387944536328
Test_60,0.043982516875011285,0.05237957003297415,0.009194304663684533,0.8944436084283299
Test_61,0.3015447694527052,0.2571706035668424,0.34158958453702,0.09969504244343257
Test_62,0.4108002332104758,0.036830104076691045,0.4137252907804336,0.13864437193239965
Test_63,0.2316209935441493,0.09797861835285658,0.3121790836156899,0.35822130448730427
Test_64,0.4572301405348788,0.005018895361884877,0.49319857524522304,0.044552388858013325
Test_65,0.1216890400400962,0.007052672873887427,0.08496182623123417,0.7862964608547821
Test_66,0.8028281542474123,0.028504159866790783,0.1599073514111006,0.0087603344746964
Test_67,0.7218688122836922,0.004806199632876308,0.22194926805667994,0.05137572002675157
Test_68,0.4337947960347666,0.07322869353014778,0.12270860744045539,0.3702679029946303
Test_69,0.4860601728137451,0.2265710022917693,0.09418935616776317,0.19317946872672245
Test_70,0.23562310939866046,0.0808661867161023,0.10354598912664888,0.5799647147585884
Test_71,0.15372388564319728,0.012012946548941156,0.81691101096796,0.017352156839901645
Test_72,0.10281547557890616,0.04022904651918235,0.10229916152318891,0.7546563163787227
Test_73,0.7963799206975515,0.016400165529996222,0.15269552666685246,0.034524387105599644
Test_74,0.42848064387930057,0.07476244943447628,0.07557416362116039,0.4211827430650627
Test_75,0.28451588837095193,0.22228665385494584,0.21128224840330304,0.28191520937079934
Test_76,0.25490950013265506,0.012350383080434168,0.04983183486135978,0.682908281925551
Test_77,0.6378696143531163,0.05855736729242213,0.18129846929900928,0.1222745490554522
Test_78,0.04591644688341018,0.07602816851322439,0.009362337145952991,0.8686930474574126
Test_79,0.4820039502645126,0.05622317573148947,0.0897503020453224,0.3720225719586755
Test_80,0.07261412369848637,0.0748217210592374,0.016769576260964043,0.8357945789813122
Test_81,0.17020613479393507,0.00928794698186584,0.7981021605817507,0.02240375764244839
Test_82,0.10243529318564444,0.02934629291742801,0.05593022742045007,0.8122881864764775
Test_83,0.09226541832731042,0.14658151618786977,0.5625630347489231,0.19859003073589662
Test_84,0.30763382764327374,0.12917108015243275,0.1794366418584549,0.3837584503458386
Test_85,0.5538754927064611,0.06072644663685292,0.2353612164302377,0.15003684422644828
Test_86,0.5090969873956529,0.0015513139650850417,0.47596674105635994,0.013384957582902191
Test_87,0.29998182764818443,0.17113183864467613,0.3474187505725898,0.1814675831345497
Test_88,0.060310391220701545,0.043220346549594155,0.29288418650613607,0.6035850757235682
Test_89,0.4220217286487843,0.015579824918735889,0.562037451230111,0.00036099520236889076
Test_90,0.0668504465197616,0.026136585427884284,0.8640053277788071,0.043007640273546886
Test_91,0.8483882147575241,0.054077778036621504,0.029442435634622764,0.06809157157123169
Test_92,0.34021271996008956,0.025529460168785156,0.472757397056458,0.1615004228146673
Test_93,0.20150534208037688,0.15277093289540936,0.5085880206823292,0.1371357043418846
Test_94,0.07429659610371148,0.1746755880485495,0.04948214741796945,0.7015456684297696
Test_95,0.1542245336221669,0.005276235446288439,0.5892102951518592,0.25128893577968553
Test_96,0.22038307908280436,0.07194729184865784,0.25804376340440927,0.44962586566412854
Test_97,0.3525881795702785,0.03720099326665635,0.38952777880585254,0.22068304835721256
Test_98,0.7826209411531807,0.041218084908454855,0.05937955137854184,0.11678142255982253
Test_99,0.4323018988975766,0.13482878980655727,0.25272115974750115,0.18014815154836486
Test_100,0.0004195114554043343,0.005672058304708127,0.0008026094659652137,0.9931058207739224
Test_101,0.7430073012949395,0.006803436359019583,0.15663535798021383,0.09355390436582703
Test_102,0.2094103695127913,0.1326913870038391,0.1531963809139908,0.5047018625693789
Test_103,0.760751999402244,0.11389324381561766,0.01788940142095426,0.1074653553611841
Test_104,0.09099468455916483,0.062048427437813074,0.04841677525325937,0.7985401127497627
Test_105,0.28002208558457137,0.016069392205424877,0.07331711969151018,0.6305914025184937
Test_106,0.06741664114980389,0.1371880547082505,0.1057199071362642,0.6896753970056815
Test_107,0.08980270567771018,0.018528905750944374,0.3626215811276581,0.5290468074436874
Test_108,0.05606349458156187,0.07741980759173339,0.08497720711296707,0.7815394907137377
Test_109,0.8540833288008873,0.07918083808434559,0.049949274032464325,0.016786559082302536
Test_110,0.1844251921972143,0.36077897993557995,0.00930861473240353,0.4454872131348023
Test_111,0.5486696459481476,0.10272338844088068,0.18413619683864313,0.16447076877232872
Test_112,0.11597806711602254,0.11313691691302152,0.08579346798166446,0.6850915479892915
Test_113,0.011747796976005781,0.06973501156181515,0.02894705872642545,0.8895701327357536
Test_114,0.25580804102626586,0.10517229712059181,0.1920369527547603,0.44698270909838195
Test_115,0.006056996406231713,0.018169773275601573,0.9725576168789043,0.0032156134392623595
Test_116,0.05221224825442783,0.008291728234245704,0.7424969162075558,0.19699910730377082
Test_117,0.4027576471146859,0.19976734650027422,0.18094886970944918,0.2165261366755907
Test_118,0.7647476243087579,0.01427575472326637,0.1401107052859216,0.08086591568205428
Test_119,0.9541277707976358,0.005284458613130045,0.016021234105540877,0.02456653648369334
Test_120,0.15439901942740747,0.05439752189004379,0.7345307247132004,0.05667273396934832
Test_121,0.24992497742342337,0.10202830562287109,0.5878439821207734,0.06020273483293211
Test_122,0.31512267205918226,0.1522239210595594,0.27434332911813136,0.258310077763127
Test_123,0.06109969878391968,0.16253964515123454,0.03432345282722036,0.7420372032376255
Test_124,0.05104773187952319,0.01172809312884971,0.020167795657786473,0.9170563793338407
Test_125,0.661250939216337,0.025122050249100615,0.21048601428168814,0.10314099625287412
Test_126,0.7570005077266363,0.006850687706152899,0.20244778806728655,0.03370101649992409
Test_127,0.16008674916045681,0.013235026981274803,0.05202048092502459,0.7746577429332439
Test_128,0.0022531879616061365,0.0036558215023965064,0.9905892651567186,0.0035017253792787692
Test_129,0.08256148227172598,0.07305144461759275,0.2586017433285163,0.585785329782165
Test_130,0.03835453591882631,0.028827366038247107,0.004676257580689825,0.9281418404622368
Test_131,0.0024659188303849046,0.017151250564141275,0.0017553271246608124,0.9786275034808131
Test_132,0.7175750107068458,0.011667789220856787,0.18459899169395697,0.08615820837834032
Test_133,0.004840340730701742,0.008589955614591195,0.0037013435734327333,0.9828683600812743
Test_134,0.3170750329634629,0.008316734605042248,0.13871587128670784,0.535892361144787
Test_135,0.23777912104058535,0.03304585451284951,0.6386341072139927,0.09054091723257236
Test_136,0.018630845454533543,0.03175556106418824,0.019383650094005188,0.9302299433872732
Test_137,0.1865180498212711,0.3284314864081311,0.24914457554709282,0.23590588822350508
Test_138,0.05577971299806059,0.004723299415526773,0.9382872531321956,0.0012097344542169404
Test_139,0.3555283147314981,0.0009225415074535566,0.0075595987240214425,0.6359895450370269
Test_140,0.18826534179060378,0.05043363243476878,0.25870337197145143,0.502597653803176
Test_141,0.20793332613317791,0.002959207394261148,0.6244438156193819,0.16466365085317902
Test_142,0.6946018349019012,0.045541740557836226,0.2239866399851235,0.03586978455513913
Test_143,0.05332218686527723,0.05522688386376344,0.025791523322202622,0.8656594059487568
Test_144,0.9996135904293901,1.6725384169024628e-07,0.0003526531832064026,3.358913356190789e-05
Test_145,0.34724776655313977,0.03357397748336043,0.03294254983960456,0.5862357061238952
Test_146,0.14005597095069736,0.00017691763901900943,0.7026781507380596,0.15708896067222397
Test_147,0.04457833892690209,0.5826263402637509,0.2234235247915773,0.14937179601776965
Test_148,0.4724672934181548,0.03953213840250312,0.4238131470330494,0.06418742114629283
Test_149,0.38524453057675156,0.019120599377687713,0.1991121421629313,0.39652272788262943
Test_150,0.33869306558635787,0.059176212258139266,0.1767045681478731,0.42542615400762984
Test_151,0.3933492818003209,0.03908789034623388,0.5347332040960947,0.03282962375735039
Test_152,0.11369888317895158,0.04829794542740831,0.09090182945039209,0.7471013419432481
Test_153,0.26047993943911,0.01072908421396736,0.7049657893158527,0.02382518703106985
Test_154,0.30864342088527474,0.06669395741661091,0.15792920972706836,0.46673341197104595
Test_155,0.05335607268998625,0.06347368610234533,0.2308445539863927,0.6523256872212756
Test_156,0.01250662829602096,0.03686655148416722,0.12321738429763322,0.8274094359221785
Test_157,0.335081754000183,0.14322563130629903,0.44164464277788906,0.08004797191562901
Test_158,0.01791425198448353,0.020381796216557255,0.04377215375080117,0.9179317980481579
Test_159,0.08369420558580105,0.004922771609603,0.2624692056263553,0.6489138171782406
Test_160,0.8830017409054869,0.0001011475604007117,0.11671610760791463,0.0001810039261978267
Test_161,0.24655123712823762,0.033536084304831244,0.27983019708599033,0.44008248148094076
Test_162,0.49040357582746547,0.06943714965371726,0.3059671421494783,0.13419213236933908
Test_163,0.060188111143565176,0.2473426094100638,0.09346316180371367,0.5990061176426573
Test_164,0.46586654838178027,0.1494945364832185,0.12811139067359947,0.2565275244614018
Test_165,0.008154614734160032,0.019657661684614556,0.016451506104606217,0.9557362174766192
Test_166,0.33726793559624846,0.010230747417343073,0.4582098211067127,0.19429149587969588
Test_167,0.12155003520786666,0.04601275012146418,0.25460315536548955,0.5778340593051797
Test_168,0.05735094436294745,0.07715860571739662,0.16472353830361106,0.7007669116160449
Test_169,0.4714366455497544,0.10091935375450503,0.3683767688496779,0.059267231846062605
Test_170,0.5386858621245064,0.005139843819802308,0.4135548302474919,0.04261946380819945
Test_171,0.014885809547064845,0.00013632473495738535,0.9847766411835543,0.0002012245344234103
Test_172,0.33691023164814543,0.024915454594246673,0.44269646943886604,0.19547784431874188
Test_173,0.6538535990146395,0.009340206107585498,0.3357840394409217,0.0010221554368533585
Test_174,0.09636533415111631,0.13587963142704004,0.2404660875700337,0.5272889468518099
Test_175,0.18941481473452662,0.023827687191322888,0.5829293287302594,0.20382816934389117
Test_176,0.034641801401054745,0.06065269314595303,0.8344716103195055,0.07023389513348696
Test_177,0.14356502781817942,0.10707537580853502,0.1078184033623692,0.6415411930109165
Test_178,0.005378380440986695,0.003423658412779714,0.001733125098434244,0.9894648360477994
Test_179,0.2735025249774963,0.024786602539122217,0.652247308325363,0.04946356415801842
Test_180,0.025178753277199897,0.06922435031027789,0.012440816898662352,0.8931560795138598
Test_181,0.23673573089756697,0.1815795174018905,0.04664226645328256,0.53504248524726
Test_182,0.40149756192097813,0.033007466054827864,0.1694241015753042,0.3960708704488897
Test_183,0.25248957618322454,0.017471383371874476,0.7181865634470063,0.011852476997894603
Test_184,0.7493518019196675,0.024266055378339892,0.20050961005038806,0.025872532651604392
Test_185,0.10053249276807355,0.112550696453458,0.021853494429951967,0.7650633163485164
Test_186,0.036809808369205874,0.03110161484724118,0.007388931578202511,0.9246996452053505
Test_187,0.2903262305287627,0.18702564933144894,0.45929269764797376,0.0633554224918145
Test_188,0.19963381014375417,0.020461703372751015,0.755877413267045,0.024027073216449892
Test_189,0.2919231596255061,0.1267582637640774,0.36830752889628243,0.21301104771413415
Test_190,0.23234146502489794,0.08133354527549672,0.03935469799239428,0.6469702917072111
Test_191,0.12877790245309823,0.023612766882313757,0.8475860609787944,2.326968579359416e-05
Test_192,0.37180117655910644,0.017444750674153048,0.580312054276735,0.030442018490005412
Test_193,0.08156611733702832,0.04485044297878329,0.24315066671367536,0.630432772970513
Test_194,0.13259830317743448,0.0485722639299453,0.8154542319953163,0.003375200897304092
Test_195,0.1410399706480895,0.3271793662678414,0.41255330022492,0.11922736285914903
Test_196,0.0005616846547519251,0.004612593925205987,0.00031079490300436186,0.9945149265170377
Test_197,0.017930613358625055,0.046676560837387,0.022658392657059212,0.9127344331469286
Test_198,0.09513605806119478,0.011286250524176032,0.009282164395931679,0.8842955270186974
Test_199,0.5058381714991517,0.006274984619060217,0.43867976678513565,0.04920707709665251
Test_200,0.1539226429004923,0.1138555950247957,0.2470638656176453,0.48515789645706664
Test_201,0.08886274667640238,0.09374448896969978,0.1078765505546491,0.7095162137992488
Test_202,0.06541832954900269,0.07241481143831593,0.7980236094810067,0.06414324953167454
Test_203,0.1220612065703728,0.11615106356936782,0.6991193921387391,0.0626683377215202
Test_204,0.09437944053576248,0.07510059060257313,0.02881551560141042,0.8017044532602541
Test_205,0.17560276532122587,0.05166029870119808,0.06794253685341692,0.7047943991241591
Test_206,0.02206597920902779,0.0034811808897843442,0.010918618860689138,0.9635342210404987
Test_207,0.14070869933212687,0.014616148258385314,0.3730325595399882,0.47164259286949967
Test_208,0.1579241563425635,0.1426021209567278,0.3499016443823114,0.3495720783183973
Test_209,0.2365198705372484,0.15426494131798044,0.29426776593299675,0.31494742221177435
Test_210,0.0023749009438295203,0.008044298343308501,0.006254703325991621,0.9833260973868704
Test_211,0.4362861838925022,0.06135449007481859,0.4527466024120684,0.04961272362061109
Test_212,0.002775538160266444,0.0014266137519384763,0.9956111515215186,0.00018669656627669026
Test_213,0.15929464817742228,0.05888648086400128,0.18148828668062536,0.6003305842779512
Test_214,0.14877223308818036,0.0677462928828092,0.7451070921783808,0.03837438185062981
Test_215,0.33582924412096143,0.10924184732312958,0.272056026494111,0.28287288206179806
Test_216,0.2099499418200435,0.0005457274843293358,0.7825306600183622,0.006973670677264942
Test_217,0.05625660167301349,0.0056736291852717505,0.10654157797925254,0.8315281911624622
Test_218,0.12751630323993418,0.002398157499778355,0.8698933471643635,0.00019219209592404238
Test_219,0.882898780838265,0.03903785376672361,0.06517865543955027,0.012884709955461099
Test_220,0.013653855726514261,0.027848107701093274,0.0024335745897693392,0.9560644619826231
Test_221,0.3832456085967987,0.09366764119007574,0.16652397923620477,0.35656277097692074
Test_222,0.0646523068467619,0.036519464175705486,0.2085747082597625,0.6902535207177701
Test_223,0.307850751199245,0.032144582677411104,0.5727754290482969,0.08722923707504703
Test_224,0.7824268038803345,0.08062943128572765,0.09536454701952703,0.041579217814410846
Test_225,0.8532018194740392,0.015706544537219824,0.057821298818436645,0.07327033717030439
Test_226,0.09826826700152058,0.06174124144748786,0.07127919070451452,0.768711300846477
Test_227,0.010149142072490071,0.025717406678978216,0.037232856084975736,0.926900595163556
Test_228,0.0008254115176541331,0.002075007748298546,0.9967910166844351,0.00030856404961221846
Test_229,0.27738405973229857,0.41002892816047887,0.2725602137762301,0.0400267983309925
Test_230,0.9122376036480075,0.008103930606688327,0.06368900959948465,0.015969456145819474
Test_231,0.0621582667111898,0.06534271377995494,0.003455789794335928,0.8690432297145193
Test_232,0.6667261243997368,0.012991726587253297,0.2291055881115045,0.09117656090150546
Test_233,0.029726843674571526,0.0002481724912750685,0.969714997956039,0.0003099858781145172
Test_234,0.23182364087604654,0.03666711337586345,0.1714805918772002,0.5600286538708898
Test_235,0.0095263465102693,0.07193476475857426,0.027113904592199523,0.891424984138957
Test_236,0.5975300517844584,0.3750957793675309,0.022660213713817053,0.00471395513419372
Test_237,0.3762321007518932,0.19383060905899097,0.19729782357127676,0.23263946661783924
Test_238,0.5602435070842458,0.03451893246237629,0.38965561178125147,0.015581948672126339
Test_239,0.69729832275346,0.010025786898513198,0.2091064699129616,0.08356942043506513
Test_240,0.11083903326680704,0.10999391058103002,0.7291632499006631,0.05000380625149998
Test_241,0.135320594367005,0.3101403972914005,0.047261508800808996,0.5072774995407854
Test_242,0.1348838474766586,0.111088026527971,0.03914200526427025,0.7148861207311001
Test_243,0.5689441142016314,0.01848672071237752,0.3337347571124252,0.0788344079735659
Test_244,0.32535483858577346,0.14832784450816225,0.41490129581767315,0.11141602108839134
Test_245,0.04911568664640898,0.4043297835424599,0.17004020742469936,0.3765143223864318
Test_246,0.06771959590151923,0.059274096136214253,0.037121426199355344,0.8358848817629112
Test_247,0.007718836785400125,0.0297526827594805,0.009991062483312416,0.952537417971807
Test_248,0.29800579274253686,0.06927885815112886,0.08207502359011508,0.5506403255162192
Test_249,0.23027969560538925,0.060655357717566444,0.3876233647306636,0.32144158194638073
Test_250,0.014329833874134175,0.00069375074365368,0.9849705626220558,5.852760156329829e-06
Test_251,0.2999857592821768,0.22992458913538585,0.21332889959475052,0.2567607519876869
Test_252,0.2592709437081708,0.047019955370775184,0.535741322247928,0.15796777867312595
Test_253,0.0009212535476636344,0.009736272709351864,0.00130318302000261,0.9880392907229819
Test_254,0.2333272391628607,0.11584059615898544,0.06853875816813404,0.5822934065100198
Test_255,0.005047000896130167,0.014064422106149487,0.0034921948483561125,0.9773963821493643
Test_256,0.0016782709739450016,0.0041364370366240456,0.00045862849001855214,0.9937266634994124
Test_257,0.042853206648202934,0.0001746359156059235,0.9545358893235668,0.0024362681126243136
Test_258,0.3223734767692957,0.11665205156007795,0.5173669677995423,0.04360750387108416
Test_259,0.6389722746982509,0.12478909790162655,0.08138626986730693,0.15485235753281573
Test_260,0.009134342958826648,0.016282668191002443,0.0064251900870394936,0.9681577987631313
Test_261,0.1293720622913364,0.026866649649737992,0.4074347497701924,0.4363265382887332
Test_262,0.35090525086277,0.17812196095758398,0.3090797933203965,0.1618929948592496
Test_263,0.03349198645065282,0.011175826140224748,0.005189548303070651,0.9501426391060519
Test_264,0.3356228765251615,2.4729266445047442e-05,0.6643258037134931,2.659049490030672e-05
Test_265,0.08295801302298668,0.1411113187131753,0.7043975924979352,0.07153307576590281
Test_266,0.0032288524351722606,0.004594334399797901,0.001082112677452672,0.9910947004875772
Test_267,0.8179002234138621,0.003952112096067547,0.16770279655236656,0.010444867937703621
Test_268,0.09523999885136687,0.13531633869129803,0.46484087608278785,0.30460278637454724
Test_269,0.22312196155076305,0.14394099221682857,0.2028164479989488,0.43012059823345955
Test_270,0.12108555810090468,0.03192403508820422,0.07187468933931158,0.7751157174715794
Test_271,0.3480467559609423,0.05825723653062603,0.22122322980078968,0.37247277770764203
Test_272,0.09223751990463168,0.1253059706691385,0.13826849413304085,0.6441880152931889
Test_273,0.5840612274826997,0.04892746248054466,0.327388528523878,0.039622781512877486
Test_274,0.24762728980498602,0.12231417031391943,0.34921561085135683,0.2808429290297379
Test_275,0.11233164175961918,0.017088833637723556,0.06211749189064508,0.8084620327120121
Test_276,0.023716048388499722,0.059108970411684676,0.006778961610627111,0.9103960195891885
Test_277,0.005173318114824541,0.0016095386026176476,0.0026021890461415923,0.9906149542364163
Test_278,0.005597031526846033,0.00494161953959631,0.0013716914524167124,0.9880896574811409
Test_279,0.6816991852607777,0.021607659239671215,0.21669959397937935,0.07999356152017177
Test_280,0.00968864944850129,0.01590805549765567,0.005907774277599569,0.9684955207762435
Test_281,0.051644762456316294,0.04425549241653443,0.0139742831062538,0.8901254620208955
Test_282,0.03215793988656821,0.23236494939893682,0.007801256918696627,0.7276758537957984
Test_283,0.2323189599807368,0.1739142439251902,0.17175049490084085,0.42201630119323214
Test_284,0.03525466512244234,0.09994158229869975,0.06599252776225673,0.7988112248166012
Test_285,0.4586130403050731,0.05296661007053871,0.07276577703517341,0.41565457258921484
Test_286,0.32612582742390783,0.05943349360622107,0.3486807755981954,0.2657599033716757
Test_287,0.3926522916791055,0.12277149451944488,0.30682638175323684,0.1777498320482129
Test_288,0.003992113388581745,0.011324733248182964,0.0011453619202004771,0.9835377914430348
Test_289,0.0010230454138604205,0.004128267329370267,0.0006759445797704275,0.9941727426769988
Test_290,0.3193273592490461,0.11982178534018643,0.3601712625571283,0.20067959285363904
Test_291,0.28754085326136436,0.05093485879934656,0.5421200575536566,0.11940423038563264
Test_292,0.6286940470142596,0.005072868869127757,0.30992947056798886,0.056303613548623684
Test_293,0.10826607775819351,0.10529522588565343,0.698457590388457,0.08798110596769608
Test_294,0.2928814569707543,0.04854281901518366,0.22275978066879162,0.4358159433452706
Test_295,0.2164975379372974,0.023673342998831504,0.13562500204212583,0.6242041170217453
Test_296,0.30514598355912853,0.08211010259971277,0.5385709500223809,0.0741729638187777
Test_297,0.001186121764223531,0.003991816300868279,0.00024040748286944128,0.9945816544520386
Test_298,0.22030949363205302,0.2490587806719588,0.2671011094112107,0.2635306162847776
Test_299,0.002007027068804895,0.0018752777069536628,0.0001061813887815972,0.9960115138354597
Test_300,0.35443604327588213,0.15389498162158707,0.22983602300691505,0.2618329520956156
Test_301,0.23207340438637486,0.05628236461399302,0.4658485692938766,0.24579566170575554
Test_302,0.009910984726623532,0.05836942791794596,0.005051323693232974,0.9266682636621975
Test_303,0.42477262111799613,0.27849572850779314,0.08174830823755923,0.2149833421366516
Test_304,0.42870138330103114,0.047955070469670215,0.4442040859446262,0.0791394602846724
Test_305,0.2752702837403606,0.08990869819623719,0.19078559639086357,0.4440354216725385
Test_306,0.37774577343474747,0.035254320976999806,0.45293401445987347,0.1340658911283792
Test_307,0.8431230478481225,0.0021354012484392903,0.15157731633930233,0.0031642345641359343
Test_308,0.27561862603174403,0.07154849391712909,0.23244483422599158,0.4203880458251353
Test_309,0.039015969999696525,0.18944523963953896,0.05372494138038314,0.7178138489803815
Test_310,0.2870455910108399,0.2216225883539131,0.06300191442025649,0.42832990621499045
Test_311,0.008480747387083216,0.9761456933440185,0.0011502580820432924,0.014223301186854874
Test_312,0.036098173047610434,0.043160611361583154,0.034130643531216434,0.88661057205959
Test_313,0.11613322122896057,0.18012344957581267,0.4185915032468556,0.28515182594837113
Test_314,0.3482584015605483,0.12986246681375946,0.1695499257725547,0.3523292058531375
Test_315,0.027688705665037405,0.13368623655490128,0.11927466129759476,0.7193503964824666
Test_316,0.14025545067542344,0.0018667608626379293,0.027644834235444556,0.8302329542264941
Test_317,0.007766592576372946,4.086600728517983e-06,0.9920889423443908,0.00014037847850788374
Test_318,0.00810506326863888,0.13464323558826785,0.004188285712635399,0.8530634154304578
Test_319,0.28502319436609763,0.013219787610116638,0.6958879910448242,0.005869026978961531
Test_320,0.5858334200417077,0.031006442513199076,0.35927635154916227,0.02388378589593094
Test_321,0.6922135926900123,0.0359603651905949,0.21578936772199225,0.05603667439740056
Test_322,0.37065745779638737,0.007416048280730176,0.6196469733220268,0.002279520600855779
Test_323,0.2380555444343499,0.11789721343619393,0.4336324980756586,0.21041474405379754
Test_324,0.5883719645779981,0.006704089083414218,0.24203651972303564,0.16288742661555194
Test_325,0.15900322928124652,0.025339491282964928,0.10951799713127407,0.7061392823045145
Test_326,0.16300919452060852,0.14246967525493096,0.10125103630197764,0.5932700939224829
Test_327,0.33909868572931495,0.05513225190952547,0.3604141780318845,0.24535488432927505
Test_328,0.13305731410416116,0.10754830639476097,0.2252079929899007,0.5341863865111771
Test_329,0.6255637315808149,0.011055516227040284,0.1590168364327814,0.20436391575936347
Test_330,0.2071889653032284,0.02178568179446272,0.6815081338964278,0.08951721900588107
Test_331,0.04822524956655417,0.0035261777084468504,0.25032057646398526,0.6979279962610137
Test_332,0.4107757839601578,0.04936944506234614,0.2053612749017274,0.3344934960757688
Test_333,0.15413153664862564,0.06119610889236283,0.10074002864131462,0.6839323258176969
Test_334,0.021897521867760564,0.00273514898390541,0.9733579215394532,0.0020094076088807626
Test_335,0.0859720646589775,0.10803269693761783,0.6486937407370802,0.1573014976663246
Test_336,0.07883682020610974,0.0032128393765897614,0.9171707137267473,0.0007796266905531961
Test_337,0.04034721674832189,0.07538920342876586,0.021068794413506838,0.8631947854094054
Test_338,0.37040886894081076,0.07233384523383436,0.19067178227067227,0.3665855035546826
Test_339,0.03808018990630215,0.1321637371961738,0.3868502366526294,0.4429058362448947
Test_340,0.008022547373580807,0.016938425177495057,0.9743030338704726,0.0007359935784515374
Test_341,0.0806534663923589,0.456070414572226,0.051052893484271375,0.4122232255511436
Test_342,0.5865575795765904,0.07098618087521855,0.326427272032806,0.016028967515384913
Test_343,0.2702698905953633,0.03638381063833186,0.6860189044766573,0.007327394289647673
Test_344,0.48840129975686336,0.01826947593400222,0.40621733052893827,0.08711189378019624
Test_345,0.04430572990673777,0.026829693263198826,0.9066305622553171,0.022234014574746178
Test_346,0.11167037611260995,0.03168062205732743,0.7489233469672213,0.1077256548628412
Test_347,0.3102687901797668,0.09268090785308128,0.3090431314294831,0.28800717053766883
Test_348,0.10946451362753981,0.03226103421467273,0.1712677848231332,0.6870066673346543
Test_349,0.13212704922701657,0.4914352025318903,0.18608434038150173,0.19035340785959126
Test_350,0.04581991308018532,0.286725630486471,0.05748259101004652,0.6099718654232973
Test_351,0.14472476243587382,0.023618228192844964,0.7566516725827245,0.0750053367885566
Test_352,0.15136297152592948,0.08257168994218732,0.1338980094693259,0.6321673290625572
Test_353,0.7255725022574782,0.015541478091063486,0.031482390442400796,0.2274036292090576
Test_354,0.7234259636407662,0.02206035954792168,0.20649298784814588,0.048020688963166344
Test_355,0.2817311256376523,0.004796093779063738,0.0031975026153141808,0.7102752779679697
Test_356,0.5392384591897249,0.0011155219102693902,0.45955701162118334,8.900727882234589e-05
Test_357,0.8591129941362146,0.00534500104210622,0.13039602939333983,0.005145975428339464
Test_358,0.147616436785702,0.17439435656592428,0.6260945561756488,0.05189465047272503
Test_359,0.16888407981551826,0.1846170604531667,0.10856908538534861,0.5379297743459666
Test_360,0.07673111239672999,0.07701727972532181,0.01927512323713893,0.8269764846408092
Test_361,0.3004875262133346,0.08396068049183948,0.5500194246047809,0.06553236869004499
Test_362,0.17935277112471473,0.03950629387719492,0.753023162165696,0.028117772832394344
Test_363,0.06154726526267871,0.7267780809361613,0.19042041068917018,0.0212542431119898
Test_364,0.6150133825293399,0.009693745359394004,0.3552336267143197,0.020059245396946295
Test_365,0.3429871439989146,0.014976693703041463,0.6358584273791641,0.006177734918879739
Test_366,0.12753756987433232,0.005175646881348272,0.7111795307143123,0.15610725253000698
Test_367,0.0050314385603216875,0.009294921088826668,0.023557727670931207,0.9621159126799205
Test_368,0.25650645172256015,0.045282837467417354,0.5753114221244241,0.12289928868559832
Test_369,0.19485233573363314,0.09577598011979534,0.13554604550728985,0.5738256386392816
Test_370,0.07565341226795604,0.015897278063800428,0.9007832426237291,0.007666067044514329
Test_371,0.330237187164182,0.08265265021112315,0.3007138306276977,0.28639633199699716
Test_372,0.3222017700826657,0.07527003262622105,0.13281102664028516,0.46971717065082813
Test_373,0.22492660065019748,0.10940717795393891,0.5180053005926248,0.14766092080323873
Test_374,0.3564752645138167,0.08444916003393128,0.3557578056879584,0.20331776976429358
Test_375,0.24288102992189017,0.13857973167875942,0.10714986525752569,0.5113893731418248
Test_376,0.6549661467158822,0.051847651877419985,0.054936747915408334,0.23824945349128934
Test_377,0.2760274868692027,0.14326047290470909,0.5184705849555373,0.06224145527055091
Test_378,0.12445112647998155,0.005371075492280542,0.8644654584618879,0.005712339565850027
Test_379,0.043219825159838056,0.04426197210782747,0.522950735348778,0.38956746738355646
Test_380,0.07169999640807827,0.03849576467872182,0.016918416306747234,0.8728858226064528
Test_381,0.08026239927100308,0.09477055290458894,0.15431892728393948,0.6706481205404685
Test_382,0.008227085646917709,0.2267508546063862,0.010112890783484122,0.754909168963212
Test_383,0.872882892725065,0.014313720169185619,0.048075402811646795,0.06472798429410254
Test_384,0.09868293732719355,0.019132065256737184,0.8690477456360467,0.01313725178002245
Test_385,0.06343341892093884,0.018480255649612375,0.39433569251924383,0.523750632910205
Test_386,0.04569396234837267,0.1829563409653033,0.39941396102110915,0.37193573566521493
Test_387,0.4741029774865757,0.11111189613317221,0.09945694674019881,0.3153281796400532
Test_388,0.8278585999768717,0.05694537712249225,0.07155356740846533,0.043642455492170516
Test_389,0.4122541442588888,0.003553462235196877,0.5807721181325963,0.0034202753733180227
Test_390,0.32321985494261735,0.03883179930573764,0.18753318093687127,0.4504151648147738
Test_391,0.18433205252489657,0.21986046209982527,0.5815854577845041,0.014222027590773985
Test_392,0.042212768663648904,0.04366932657951121,0.7376719678239698,0.17644593693287006
Test_393,0.024165763311027984,0.15193112583189036,0.040178076354858115,0.7837250345022234
Test_394,0.6118306195176433,0.002694547815814196,0.34174602844771657,0.043728804218825995
Test_395,0.5986008281903612,0.13293747498171934,0.1826968823307694,0.08576481449715012
Test_396,0.3494569370886465,0.10028324475384694,0.20293629962326662,0.34732351853423993
Test_397,0.36201215932965597,0.08073497541373363,0.14423375705781263,0.4130191081987979
Test_398,0.17172966545402482,0.12378089907862577,0.2114185367911321,0.49307089867621723
Test_399,0.41005786613675693,0.04478550462092568,0.11287667917702886,0.43227995006528847
Test_400,0.17049881638055736,0.1113269646790241,0.5779754611547204,0.1401987577856982
Test_401,0.129742720952746,0.007498843613991739,0.8565636984376336,0.006194736995628601
Test_402,0.04218448456883759,0.005180671178167896,0.03291864257428121,0.9197162016787133
Test_403,0.3287910675900716,0.005711369182467189,0.582653606836346,0.08284395639111523
Test_404,0.08295490065376467,0.055517014701320616,0.09593042663065776,0.765597658014257
Test_405,1.3084726839694711e-05,0.000163140954008164,1.7719213213480101e-06,0.9998220023978308
Test_406,0.008751664831701582,0.020985246204432907,0.0013670147300261992,0.9688960742338393
Test_407,0.0004169499819713503,0.0029366645169277596,5.754721622214627e-05,0.9965888382848788
Test_408,0.01613132621580072,0.024253388912642053,0.009165027014780575,0.9504502578567767
Test_409,0.426435406887063,0.0180381365112073,0.09129915143587117,0.4642273051658587
Test_410,0.004581382344191063,0.021654518212834907,0.0009370406231149115,0.9728270588198591
Test_411,0.860830907308018,0.030871774906342,0.053049047849036225,0.05524826993660366
Test_412,0.03105216775693177,0.5124254815932816,0.023742650765988756,0.4327796998837979
Test_413,0.017187367279040685,0.0036509185538053566,0.9772054716518737,0.0019562425152802416
Test_414,0.19028023119260334,0.01887478766080562,0.6130654215848063,0.17777955956178473
Test_415,0.1559971955511116,0.027781592576661882,0.16680700039412616,0.6494142114781004
Test_416,0.41084157887084055,0.15594867102637403,0.30506497358616114,0.12814477651662426
Test_417,0.0044047014520124895,0.025750477497384804,0.9646835125271863,0.005161308523416348
Test_418,0.2463316513691744,0.1944124514496887,0.46320774338121834,0.09604815379991873
Test_419,0.12959810510659422,0.00018927257872153626,0.8700927954516439,0.0001198268630403607
Test_420,0.6172967027589368,0.016813643140774243,0.30045681859409173,0.06543283550619729
Test_421,0.16666765375562198,0.06809020177160283,0.23046354590027454,0.5347785985725007
Test_422,0.2726853580462088,0.056067736161509625,0.2581580864642314,0.41308881932805014
Test_423,0.21358041748039,0.13346673644506724,0.46435379044895886,0.18859905562558385
Test_424,0.3522256414793671,0.1678828842186453,0.2181661206937895,0.26172535360819815
Test_425,0.5380902460499809,0.045444060903307305,0.047465373682042705,0.36900031936466915
Test_426,0.3400034423085753,0.03210343592013638,0.5980806958797567,0.02981242589153168
Test_427,0.030260168953779445,0.020653638860505433,0.010736119798759332,0.9383500723869558
Test_428,0.011078620903974053,0.01831075367963312,0.006647229211266416,0.9639633962051264
Test_429,0.2788663150075358,0.12058648629220682,0.22934794728797545,0.3711992514122819
Test_430,0.6004318388840232,0.2702335890874732,0.03545214056902033,0.09388243145948318
Test_431,0.8918008438796085,0.037354120192798546,0.05137699362875021,0.019468042298842827
Test_432,0.02161688274336084,0.28172729078817527,0.43236975417472173,0.2642860722937421
Test_433,0.01132986138473422,0.04062273126002683,0.005080768665949408,0.9429666386892895
Test_434,0.2069558014863755,0.05421184150292112,0.0901843967203414,0.6486479602903621
Test_435,0.2401462454205147,0.017070378734215096,0.04747184374023496,0.6953115321050352
Test_436,0.4450724876711831,0.1218406597722714,0.1693669306817646,0.2637199218747809
Test_437,0.054916562441471285,0.008507298993656391,0.8992514684799262,0.037324670084946145
Test_438,0.11306214302504161,0.1615037073834929,0.5091684952573988,0.21626565433406664
Test_439,0.5244362448316429,0.05230525879506756,0.31370358663621284,0.1095549097370768
Test_440,0.18826495425129075,0.06531450874534832,0.22233172000420792,0.524088816999153
Test_441,0.5948714174177266,0.040104953651218946,0.32309583647382,0.041927792457234554
Test_442,0.0353623931235095,0.0071044303700661835,0.9465045961321423,0.01102858037428178
Test_443,0.005179994738184937,0.05062778763834295,0.001057684563153009,0.9431345330603192
Test_444,0.6262404451731769,0.02122024748593244,0.20816055714373935,0.14437875019715124
Test_445,0.008834131249474837,0.03615889065249691,0.0007366756234892706,0.9542703024745389
Test_446,0.20873597630472643,0.04440742123972121,0.6882567012403804,0.05859990121517192
Test_447,0.22040712782305932,0.0023355474409666723,0.7700718821722402,0.007185442563733719
Test_448,0.4548788370445652,0.060152582152061075,0.33866256730562583,0.14630601349774802
Test_449,0.05093868477850198,0.030390010511351918,0.20271378463110729,0.7159575200790388
Test_450,0.26529384584556615,0.023206324815731302,0.6846049995114535,0.026894829827249063
Test_451,0.4876829404994995,0.3159961761502789,0.149421134347983,0.046899749002238623
