image_id,healthy,multiple_diseases,rust,scab
Test_0,0.4542738268734876,0.0708038142187613,0.40115723945972576,0.07376511944802543
Test_1,0.14849719561211874,0.03162545548013998,0.21152149818055802,0.6083558507271833
Test_2,0.10233713534366075,0.06488814327083556,0.18311927984133508,0.6496554415441687
Test_3,0.24163648068738647,0.052402353971183396,0.435128509805723,0.27083265553570707
Test_4,0.5651643560127847,0.01643429321568553,0.3696446553317961,0.04875669543973364
Test_5,0.4320034049196517,0.006735775267271704,0.5468732877909619,0.014387532022114595
Test_6,0.296962348806146,0.14367000733463442,0.3166622963479022,0.24270534751131737
Test_7,0.19942773392357332,0.19859172813310758,0.27486831683911545,0.3271122211042037
Test_8,0.32658585637518806,0.09572017418525426,0.3385810021770128,0.23911296726254483
Test_9,0.45628355698990375,0.00627260926783296,0.5368551542375231,0.0005886795047403097
Test_10,0.46625229632838266,0.024291515631853843,0.4763518831337195,0.03310430490604389
Test_11,0.6664350313980415,0.029925989171007496,0.25772071713389466,0.04591826229705637
Test_12,0.25391518042752836,0.159359502923964,0.13637118570840795,0.4503541309400997
Test_13,0.38004254574182794,0.05835169139395197,0.4680303474496658,0.09357541541455432
Test_14,0.36984207397502994,0.05588041991700293,0.5203301982442882,0.05394730786367902
Test_15,0.23075364497527195,0.03469711808614673,0.5968878386177675,0.13766139832081384
Test_16,0.1484735966355833,0.0945965292310082,0.2817432492357873,0.4751866248976212
Test_17,0.1074063909142478,0.1767992948109348,0.40461843827935234,0.31117587599546503
Test_18,0.18811325565661902,0.11424733532047036,0.4101061771281311,0.28753323189477953
Test_19,0.30786032879781383,0.09887054570520332,0.4216961060359961,0.17157301946098674
Test_20,0.0998302810153481,0.053075616050620944,0.08784960249239347,0.7592445004416375
Test_21,0.07693463044390679,0.07241127284988023,0.21262000154285937,0.6380340951633536
Test_22,0.21621416679054659,0.06876885077625165,0.5114403957221615,0.20357658671104034
Test_23,0.08153673917244558,0.13561092756329662,0.11029578702905071,0.6725565462352071
Test_24,0.45561312325977643,0.025568551568576542,0.23520540546025015,0.2836129197113969
Test_25,0.4036352869671887,0.08378805710811063,0.25190306946071,0.26067358646399064
Test_26,0.2805391783912609,0.1517891704526289,0.32763688198482677,0.24003476917128333
Test_27,0.4443337323370583,0.07369872397392849,0.30395276817812744,0.17801477551088588
Test_28,0.5435303961154022,0.031705581704788655,0.4155451309664106,0.009218891213398596
Test_29,0.3702543451208983,0.07337776554757633,0.45408360608778237,0.10228428324374302
Test_30,0.8902296104338797,0.010754904574762782,0.09208777525982446,0.006927709731533114
Test_31,0.27185712662947803,0.07602421024695487,0.20418206282219045,0.44793660030137655
Test_32,0.3576330175605039,0.0989468008205528,0.271334403591376,0.2720857780275674
Test_33,0.14494843350340955,0.0998173495619018,0.2567453856418356,0.49848883129285304
Test_34,0.41456721604923824,0.026899930156496967,0.5080738572227491,0.05045899657151565
Test_35,0.09546179767561888,0.07596344821340267,0.11929704645430596,0.7092777076566725
Test_36,0.18333276721058697,0.015104954748061013,0.6241869309476756,0.17737534709367636
Test_37,0.08740532733832113,0.07933073110549865,0.30922130516571456,0.5240426363904658
Test_38,0.05807919919771357,0.017460353808188382,0.22338217833214746,0.7010782686619507
Test_39,0.22300343319565413,0.13167222688703342,0.26961634098378456,0.37570799893352785
Test_40,0.1730334343541843,0.08011679544872219,0.3592507426342844,0.3875990275628091
Test_41,0.5207844417164019,0.05334253281161614,0.4210726228085859,0.004800402663396199
Test_42,0.02129167639555515,0.030761546920713152,0.038152877065086195,0.9097938996186454
Test_43,0.37126259881146645,0.005553055181924952,0.6190690612074795,0.004115284799129183
Test_44,0.2394942693690075,0.14940578153011144,0.2809893064658917,0.33011064263498935
Test_45,0.23979955014543886,0.08522752313905683,0.3488331226620876,0.32613980405341664
Test_46,0.20379547103876464,0.03732646363857888,0.5991183918458178,0.1597596734768387
Test_47,0.37224837209792616,0.026591064878143153,0.386519334797922,0.21464122822600887
Test_48,0.0784173726787824,0.024417151537234148,0.3584273581292653,0.5387381176547181
Test_49,0.08875206376655727,0.044439377354050486,0.4574143393064336,0.4093942195729587
Test_50,0.07214278189222358,0.027719922927249018,0.47805568164592394,0.42208161353460344
Test_51,0.021480642791354945,0.01012145178008652,0.055597328096382924,0.9128005773321757
Test_52,0.22423730635829542,0.10794847570333906,0.40717169839931283,0.2606425195390527
Test_53,0.20051115039640766,0.024826057551994893,0.6931378018630094,0.0815249901885881
Test_54,0.8129253004262021,0.037200690110342556,0.13915044298351192,0.01072356647994341
Test_55,0.46249314031975525,0.007078170642870535,0.507471351239161,0.02295733779821326
Test_56,0.08765831458239667,0.06265139997101861,0.3219937157359517,0.527696569710633
Test_57,0.3869390015393688,0.1592080444405495,0.24853980975195497,0.20531314426812686
Test_58,0.1124328130553733,0.040408952537016374,0.35080801735086564,0.49635021705674465
Test_59,0.0923835188597606,0.05204880488142119,0.21288126312069267,0.6426864131381256
Test_60,0.039100572284325716,0.021832399292834592,0.07574649941397851,0.863320529008861
Test_61,0.37914057480605357,0.07336693160256307,0.4891729842880766,0.05831950930330671
Test_62,0.4100117243440751,0.12167365550723652,0.32573603932468237,0.14257858082400593
Test_63,0.03977021379209819,0.018836399204066646,0.20882787400922156,0.7325655129946136
Test_64,0.44454108894922234,0.02050775655132065,0.3451433565332063,0.18980779796625086
Test_65,0.02905787187972575,0.0042157411841824794,0.09108051019804361,0.8756458767380482
Test_66,0.3942115570704143,0.030809134937799923,0.5494617973811559,0.025517510610629932
Test_67,0.26794908024570246,0.06426294229977711,0.07321080648705312,0.5945771709674673
Test_68,0.34635467810179404,0.0602884735707728,0.33278551359146014,0.26057133473597305
Test_69,0.46142245489072314,0.11065081858527438,0.35698604547520185,0.07094068104880064
Test_70,0.24971933865016474,0.14389623793860393,0.29529177037392135,0.31109265303731
Test_71,0.37831105536867987,0.04426889649786307,0.43135744724822495,0.14606260088523212
Test_72,0.6414806825966578,0.03870177749301059,0.21565052009158325,0.10416701981874835
Test_73,0.6548620129928784,0.022773374368944416,0.30599038562409986,0.016374227014077446
Test_74,0.4769531838737166,0.022138225390837752,0.3918366345867913,0.10907195614865427
Test_75,0.2808961542427739,0.18856354764532607,0.27430670740430546,0.2562335907075946
Test_76,0.011468510007181743,0.019657144100289733,0.0486902872068468,0.9201840586856818
Test_77,0.4052277162989177,0.08716151500722978,0.23279596156572113,0.27481480712813144
Test_78,0.09974865797007272,0.1560164445273701,0.15347874788899635,0.5907561496135609
Test_79,0.46780784462605307,0.09181417359786682,0.35366752987974276,0.08671045189633732
Test_80,0.19285938088061505,0.05517028892436263,0.20850512484018877,0.5434652053548336
Test_81,0.1928112363201048,0.02125209097770671,0.6253486066417691,0.16058806606041948
Test_82,0.04708292258302856,0.012497922384035643,0.40806403047063944,0.5323551245622964
Test_83,0.1848071698309656,0.115340224592411,0.3121209861236677,0.38773161945295564
Test_84,0.38763621386035085,0.1202774657831392,0.329473527327582,0.162612793028928
Test_85,0.31624112949877914,0.1258997272248187,0.3557704864663238,0.20208865681007826
Test_86,0.6880671641439667,0.01104822336735097,0.2619164663130377,0.03896814617564463
Test_87,0.272453810319662,0.15079110421696626,0.5159482778287551,0.06080680763461667
Test_88,0.05824190662286293,0.05983847375230163,0.2208579273704631,0.6610616922543723
Test_89,0.6093779318311302,0.044341549740252714,0.3254509396406434,0.02082957878797369
Test_90,0.10041755447688216,0.032315481285567264,0.4772232037564716,0.3900437604810791
Test_91,0.3884281653134065,0.04717809824313391,0.1261685810298653,0.4382251554135942
Test_92,0.31712809979127465,0.08962578961316962,0.29821937876747695,0.29502673182807887
Test_93,0.21547626488023827,0.15288509834872727,0.23620487952231595,0.3954337572487185
Test_94,0.12828361089708074,0.027663486820111233,0.16269530192112863,0.6813576003616794
Test_95,0.18872725597145842,0.08390002629191814,0.48042874306030553,0.24694397467631798
Test_96,0.203808667483093,0.08903189427045155,0.3399180615733942,0.3672413766730612
Test_97,0.1712528609548922,0.053564809994616804,0.6236601929415609,0.15152213610893
Test_98,0.5379913677706076,0.05571855986920918,0.3763485162879925,0.02994155607219067
Test_99,0.5425743513984076,0.07860695629769104,0.31565708275009396,0.06316160955380745
Test_100,0.0033405664607823625,0.008598266365942412,0.12209967933632393,0.8659614878369514
Test_101,0.39404363634965806,0.03919777618344964,0.4607250462830566,0.10603354118383568
Test_102,0.26221631878407775,0.11714425134144761,0.34337957237552524,0.2772598574989494
Test_103,0.36884928966867114,0.024608083512906213,0.5887991261435586,0.01774350067486424
Test_104,0.1699930460522302,0.09216617883832848,0.23443796982152496,0.5034028052879165
Test_105,0.24517476119697845,0.024820191954531924,0.13193286597662013,0.5980721808718695
Test_106,0.28626464218472336,0.09538724254421452,0.34888645129282314,0.2694616639782389
Test_107,0.10827628901232335,0.021738018535555126,0.35261805603741797,0.5173676364147035
Test_108,0.21039860419256254,0.1179015732083267,0.24374389046531236,0.4279559321337984
Test_109,0.43888105824210505,0.11229786462848183,0.4254468937448901,0.02337418338452289
Test_110,0.6189449137969798,0.07697747400113236,0.26857263445345764,0.03550497774843024
Test_111,0.43614620498706247,0.10436815567508682,0.31147203277487484,0.14801360656297585
Test_112,0.09727404943899869,0.08372242841100358,0.17380045581362064,0.645203066336377
Test_113,0.01150148033225523,0.010099476315338527,0.09692034231385614,0.8814787010385501
Test_114,0.3155048446008197,0.0809932790913884,0.32894146574310323,0.27456041056468866
Test_115,0.14842431069444284,0.07377385213333693,0.4968621116205568,0.28093972555166347
Test_116,0.23236497878214782,0.031746696399132385,0.5272927450868315,0.2085955797318883
Test_117,0.3977307114525207,0.06839138496946642,0.4919753421099436,0.04190256146806933
Test_118,0.4356026477250228,0.04311006545456446,0.4011945059387873,0.12009278088162541
Test_119,0.6319900467762025,0.03698715867820517,0.3139575847516297,0.01706520979396259
Test_120,0.3660529460996225,0.10515328928018984,0.3283651911277084,0.2004285734924793
Test_121,0.5312706429610227,0.057510688214987116,0.23153195449975023,0.17968671432424
Test_122,0.11772444220453082,0.05470615996630349,0.24397960618547782,0.5835897916436878
Test_123,0.13051619190179295,0.13584095204746638,0.24531497713129288,0.48832787891944773
Test_124,0.09930272160556076,0.06543964283679014,0.38050480295194783,0.45475283260570115
Test_125,0.18416017916310579,0.017909855666112223,0.7523317182492534,0.04559824692152863
Test_126,0.793515705199505,0.0057863089282188,0.20047503618538978,0.00022294968688642606
Test_127,0.3001949479301721,0.08902420727685349,0.29355486088850324,0.31722598390447115
Test_128,0.11718809713088015,0.02716632852312812,0.6425922244665517,0.21305334987944002
Test_129,0.18867040903884755,0.049817694122115876,0.5613434624571767,0.20016843438185994
Test_130,0.3042574783243842,0.1070861180222403,0.21037304676588128,0.37828335688749426
Test_131,0.012969160779229634,0.018437182586941624,0.05504851517195042,0.9135451414618783
Test_132,0.33659194465619763,0.020271513852119803,0.6156289843961308,0.027507557095551794
Test_133,0.06964477469368566,0.0901972365393494,0.22919235948798317,0.6109656292789818
Test_134,0.2586698882453445,0.060013376269033025,0.39898343777522177,0.2823332977104007
Test_135,0.19334076747850845,0.02004152310965784,0.5584607865771345,0.22815692283469924
Test_136,0.015483723897277125,0.01615093499055116,0.11389980836719109,0.8544655327449806
Test_137,0.21770722087092212,0.1205271711777776,0.33374865617255733,0.3280169517787429
Test_138,0.3388194578159166,0.02017830463697277,0.623451467267991,0.017550770279119412
Test_139,0.08034451469341101,0.006939031340543231,0.2551676212641301,0.6575488327019157
Test_140,0.12558076661657813,0.03762778634524712,0.316784113308454,0.5200073337297209
Test_141,0.07457168255682924,0.01530546003406595,0.677369078300458,0.23275377910864678
Test_142,0.28276478128951377,0.09232017313785372,0.21555010872558647,0.409364936847046
Test_143,0.04338491565563968,0.040900587434848985,0.3488475541675589,0.5668669427419524
Test_144,0.7787143213320294,0.032090102722351826,0.1414215221891176,0.04777405375650109
Test_145,0.3659043483398188,0.06640170317583041,0.455807680688115,0.11188626779623574
Test_146,0.4970334731962295,0.008645894914637202,0.47525684083816483,0.01906379105096849
Test_147,0.05927747554275632,0.09089638427855243,0.33522690688131307,0.5145992332973781
Test_148,0.2592740504226578,0.021100551191172046,0.41020270650764384,0.30942269187852633
Test_149,0.3277689770968308,0.03907438048986714,0.3890411249084038,0.24411551750489824
Test_150,0.3570780646204071,0.06418422660026173,0.23571488557584547,0.34302282320348565
Test_151,0.5151483111847556,0.06359750200105638,0.26626852906160686,0.1549856577525811
Test_152,0.14609449338214667,0.059253094849947244,0.3209227136262337,0.4737296981416725
Test_153,0.21304865161199887,0.10936330289250801,0.4498080687922348,0.22777997670325822
Test_154,0.1557251088950353,0.05205016546996372,0.48943255927238083,0.3027921663626201
Test_155,0.06964608476340614,0.02675882542871376,0.2084844188845274,0.6951106709233528
Test_156,0.06037606848519426,0.014081411512816226,0.12127112245458335,0.8042713975474061
Test_157,0.35649371077540604,0.0846483517905879,0.42625423763561715,0.1326036997983888
Test_158,0.049102073038451474,0.05383768963047435,0.14004932013925572,0.7570109171918185
Test_159,0.022815361526007286,0.009621836547840212,0.2420581427919203,0.7255046591342322
Test_160,0.9595157307463987,0.005216430024000505,0.03402117930949492,0.001246659920105813
Test_161,0.28844773170994126,0.05819921697262558,0.3534587775401625,0.2998942737772707
Test_162,0.4864758412045685,0.09926069950557496,0.3241831046038868,0.0900803546859699
Test_163,0.06755060679069856,0.04213902886364151,0.21404248893526334,0.6762678754103966
Test_164,0.2267825379113611,0.13070538792529984,0.25148433569985723,0.3910277384634819
Test_165,0.2903001382357298,0.012850322671210099,0.17109653299937944,0.5257530060936806
Test_166,0.2277193595374253,0.07130936071179783,0.5470180896204455,0.15395319013033126
Test_167,0.12177183061932947,0.04716250356183548,0.3672100953749884,0.4638555704438467
Test_168,0.3810282640005762,0.011866727627832812,0.4883328839918906,0.11877212437970035
Test_169,0.37780383544032226,0.07825362881652753,0.32165526685230456,0.22228726889084569
Test_170,0.3457646074321964,0.06266811681525308,0.30933767451915833,0.28222960123339214
Test_171,0.24495473142684396,0.033695334457313285,0.39067041199480673,0.33067952212103596
Test_172,0.1533710553541048,0.043674966015418364,0.5486181107797612,0.2543358678507157
Test_173,0.4186922052614573,0.04138165714935159,0.517329735503037,0.022596402086154235
Test_174,0.11041328065309709,0.06284116733783597,0.2231764408289282,0.6035691111801388
Test_175,0.19524869590988478,0.056930472184617366,0.3728909355543267,0.3749298963511711
Test_176,0.15151177880857797,0.01953530161720584,0.6273647760578996,0.20158814351631654
Test_177,0.14232350430729265,0.14542866819177136,0.22004974162791407,0.492198085873022
Test_178,0.003176106580569901,0.006281819811209966,0.020797049374223834,0.9697450242339962
Test_179,0.397289951734905,0.05202337718092442,0.41095425023634097,0.13973242084782955
Test_180,0.09760258742907874,0.07912873267099563,0.12999849166583136,0.6932701882340941
Test_181,0.1674308681877657,0.10530062589530748,0.25804343463058593,0.46922507128634083
Test_182,0.2899279877675285,0.06766138387842972,0.44566356710978516,0.19674706124425662
Test_183,0.4525942248922548,0.036038985509032895,0.4507041177007935,0.06066267189791886
Test_184,0.5903965662881945,0.05508636521274779,0.2724934597818606,0.08202360871719704
Test_185,0.37030784078833223,0.05211301188712586,0.3401825420185648,0.23739660530597712
Test_186,0.17955733447828345,0.060383152354176364,0.30543173575653,0.4546277774110102
Test_187,0.34934181075426335,0.13797060040824352,0.2991969730415127,0.2134906157959805
Test_188,0.3658000578118179,0.07688702147516042,0.40093059951014276,0.1563823212028788
Test_189,0.29998791240167894,0.11607331564932485,0.3210451948595309,0.2628935770894653
Test_190,0.725839745569447,0.0255172161074468,0.05703722192364539,0.19160581639946084
Test_191,0.430752218199639,0.042304312926783896,0.4750098485541528,0.05193362031942433
Test_192,0.19403597558250726,0.13323619730019282,0.48653425057898103,0.18619357653831875
Test_193,0.24431608774640737,0.029039779226342637,0.4753399120704753,0.2513042209567746
Test_194,0.20289138004826035,0.06179498546315073,0.6523953395161713,0.08291829497241757
Test_195,0.21366550856834535,0.10992651761099957,0.4958233962366391,0.18058457758401603
Test_196,0.007827214387693687,0.013482054282547172,0.021069327293345503,0.9576214040364136
Test_197,0.21080543611313168,0.0417349436387214,0.3490548637777626,0.39840475647038426
Test_198,0.03374234718400678,0.016676041652942748,0.11196124817382562,0.8376203629892248
Test_199,0.16237813061880485,0.013949803134720115,0.7307726715793785,0.09289939466709658
Test_200,0.13157088076011667,0.06291678630221406,0.21793453840640245,0.5875777945312669
Test_201,0.10059862121556436,0.0806379212294856,0.20807889635002516,0.610684561204925
Test_202,0.1385864483150608,0.06998673287325968,0.528424222601578,0.2630025962101014
Test_203,0.16798629274136262,0.14082402624691662,0.40051782837032307,0.2906718526413977
Test_204,0.0650748937519008,0.06798048514927942,0.2297731416927989,0.6371714794060209
Test_205,0.11387068893803803,0.1276483822508364,0.27644947998810565,0.48203144882301996
Test_206,0.060442052319663875,0.040981408904595576,0.23021982144991718,0.6683567173258234
Test_207,0.05899876447937919,0.025479647407432762,0.3590167064227486,0.5565048816904395
Test_208,0.19654438228318374,0.023866186759111424,0.3557672767729835,0.42382215418472147
Test_209,0.1501333480506,0.07898075794306389,0.6860894754654926,0.0847964185408435
Test_210,0.42917430451955185,0.01718402039204161,0.3778762553699649,0.17576541971844165
Test_211,0.3473964015731879,0.08541253112602139,0.45338627737330045,0.1138047899274902
Test_212,0.30719163738706423,0.035682623108633515,0.6398372789201542,0.01728846058414814
Test_213,0.14585312629990452,0.013910474251751724,0.13535780309301493,0.7048785963553289
Test_214,0.07098699659413348,0.032536102080493554,0.36229358381020615,0.5341833175151669
Test_215,0.6490611320340939,0.01301257605427517,0.31585809475803933,0.022068197153591654
Test_216,0.5307039411055751,0.008623764549590714,0.44629716217174203,0.014375132173092282
Test_217,0.0939492079114574,0.020700861236616318,0.10883527462246033,0.776514656229466
Test_218,0.592241562077861,0.03127635440946721,0.36615737826506434,0.010324705247607553
Test_219,0.5326626517194009,0.03202042555806135,0.4294292117700406,0.0058877109524971705
Test_220,0.0961663926389693,0.1118636384003736,0.14008980479527025,0.6518801641653869
Test_221,0.16325667411856665,0.063804796146485,0.4450440097185064,0.32789452001644187
Test_222,0.10691797783928822,0.04140411528929877,0.22798801840261262,0.6236898884688005
Test_223,0.23425736613213385,0.093940998844704,0.4166707651484555,0.25513086987470657
Test_224,0.3861784463937249,0.03720957575397755,0.5630312748832339,0.01358070296906362
Test_225,0.661931545542948,0.04401087150503536,0.25972413768014363,0.03433344527187298
Test_226,0.18843021945963562,0.07919071864168924,0.3877615132921236,0.3446175486065515
Test_227,0.03663778201376264,0.04847886355983001,0.21096539777300352,0.7039179566534038
Test_228,0.03826039693451904,0.014061780157137821,0.8540678509828474,0.09360997192549574
Test_229,0.28880838794635944,0.16361493294982601,0.4396423507215031,0.10793432838231151
Test_230,0.486308516593849,0.07517671931289911,0.07857083628691185,0.35994392780634005
Test_231,0.016591528942621697,0.01782747409242712,0.015929338476946792,0.9496516584880045
Test_232,0.1517811631723246,0.022493932132837673,0.4024115365235509,0.4233133681712869
Test_233,0.16975889678028075,0.020659936511308624,0.7901645801812635,0.019416586527147367
Test_234,0.2624555000944376,0.059804787566115174,0.3911509795691602,0.28658873277028707
Test_235,0.06849569239155294,0.04438849771142463,0.573178963216661,0.31393684668036154
Test_236,0.6823154616618013,0.059209543711393094,0.23606696019653994,0.022408034430265702
Test_237,0.4820582088250674,0.130740410650387,0.29064567561135796,0.09655570491318759
Test_238,0.47276087465602934,0.035828056155890395,0.4798551930341323,0.011555876153947832
Test_239,0.4051177446808204,0.08545366646243222,0.21143818853062382,0.29799040032612345
Test_240,0.3679070859188053,0.12016726505814046,0.3682996408904459,0.1436260081326082
Test_241,0.10162327039959257,0.14361906874383146,0.35091068857170027,0.40384697228487565
Test_242,0.5506966866504871,0.08055657199493803,0.16306345825378343,0.20568328310079145
Test_243,0.48956639311333333,0.07515052792920604,0.35980072157512366,0.0754823573823371
Test_244,0.29974763537334764,0.18480168921630855,0.30654854968956957,0.20890212572077418
Test_245,0.23332101139328265,0.05022278148450316,0.4195084966876549,0.29694771043455925
Test_246,0.12232194432337297,0.12297816645097537,0.18554712497704212,0.5691527642486096
Test_247,0.05522082783429487,0.05137787435858386,0.14614040205063308,0.7472608957564882
Test_248,0.16027904807533633,0.026359361944092264,0.7317293703894441,0.0816322195911273
Test_249,0.3177225237833805,0.11764473447576916,0.34113664344595557,0.2234960982948948
Test_250,0.787848921535792,0.014641086650652198,0.19736216780529287,0.00014782400826300962
Test_251,0.2915635959706438,0.09230548897889997,0.25103069611687234,0.3651002189335838
Test_252,0.11277069725239922,0.04767304095247676,0.48712142656391766,0.35243483523120633
Test_253,0.011836514306680472,0.011470362076412638,0.05179379405077738,0.9248993295661295
Test_254,0.1617103058739462,0.07956909250043896,0.2815645850530672,0.47715601657254775
Test_255,0.06032380361873383,0.0351645368009,0.1059707484283028,0.7985409111520635
Test_256,0.0047003752068151,0.005259577066726752,0.036842047149866476,0.9531980005765917
Test_257,0.6604076786690539,0.0028437001702754845,0.32956276111309546,0.007185860047574974
Test_258,0.21503392228937618,0.03777197602069927,0.5151476448115058,0.2320464568784187
Test_259,0.44728922933672094,0.12382823045097198,0.3402568354937449,0.08862570471856214
Test_260,0.02706513290691923,0.027028303647465977,0.12778007091213114,0.8181264925334836
Test_261,0.03491857009376181,0.02554085031110622,0.3039626496644062,0.6355779299307257
Test_262,0.2551598422908101,0.12110782056600487,0.2966953158176497,0.32703702132553536
Test_263,0.08254437133258756,0.009934729372375104,0.09463015158273291,0.8128907477123044
Test_264,0.29910919561344357,0.02527523592802673,0.5138921766262483,0.16172339183228135
Test_265,0.32546497309373607,0.032537481401303844,0.3774432337526656,0.2645543117522945
Test_266,0.008450933278669399,0.011160466760588147,0.05380265996138756,0.926585939999355
Test_267,0.36234520988360974,0.021005784150109893,0.5534792528462528,0.06316975312002765
Test_268,0.11106620842357794,0.05803231151793392,0.19842577503792788,0.6324757050205603
Test_269,0.2043840317848767,0.09771910331347419,0.2924401658418724,0.4054566990597767
Test_270,0.07219023297435344,0.04424036452654283,0.22025721901184042,0.6633121834872634
Test_271,0.336047665415071,0.08735080284458452,0.31128563925560543,0.2653158924847391
Test_272,0.2554294011484831,0.0478308609873288,0.4884154132492806,0.20832432461490744
Test_273,0.38557984271884,0.09166571445742344,0.4890725521060797,0.03368189071765674
Test_274,0.24421918016077934,0.06507439207193771,0.320847503458857,0.36985892430842604
Test_275,0.1004084116543091,0.009337426072561179,0.2710780129814948,0.6191761492916349
Test_276,0.03195671672477684,0.012789393981186756,0.10695862417764919,0.8482952651163873
Test_277,0.008205056008480874,0.0023568057088494167,0.07694444342936983,0.9124936948532999
Test_278,0.08470179351025944,0.06648604568162687,0.16508255712243528,0.6837296036856785
Test_279,0.6856814735794995,0.021170176817186255,0.28476301808997573,0.008385331513338394
Test_280,0.034816131955898263,0.029192397803716203,0.10159182485197496,0.8343996453884106
Test_281,0.11923363253485826,0.06177458147703501,0.2521989976118435,0.5667927883762632
Test_282,0.4266652723900524,0.08768133759250163,0.3436267364031204,0.14202665361432565
Test_283,0.2511853363435407,0.0802351974090866,0.32228874321120166,0.34629072303617103
Test_284,0.6376670217230084,0.01221695119390989,0.1322043110578034,0.21791171602527842
Test_285,0.36109427205885347,0.07861633706803939,0.420798916730311,0.1394904741427961
Test_286,0.18271541838631264,0.08347047622241914,0.2803201490787133,0.453493956312555
Test_287,0.23728153640444388,0.1035977694423197,0.4051062961624578,0.25401439799077863
Test_288,0.05671398542448718,0.04872957670803846,0.1199804755487849,0.7745759623186895
Test_289,0.0029721745128028255,0.006826362877229887,0.023916395135044746,0.9662850674749225
Test_290,0.3010592311393539,0.10135712290132243,0.24654621086299366,0.35103743509632995
Test_291,0.31763449523299964,0.11538424131782143,0.3194267682765232,0.24755449517265568
Test_292,0.5016293468558202,0.026443958319203674,0.327629847194777,0.14429684763019918
Test_293,0.2961252304943626,0.11944389728165218,0.3697802406702241,0.2146506315537611
Test_294,0.20048266291302017,0.017721141714903455,0.4430672864509479,0.3387289089211285
Test_295,0.0821504068219001,0.016176922749679776,0.3329665760444913,0.5687060943839288
Test_296,0.3170710006986926,0.0989104267261043,0.363167866501126,0.22085070607407706
Test_297,0.020844838479747965,0.02304314846148583,0.07214566879745092,0.8839663442613152
Test_298,0.1959295662587102,0.07749899634971545,0.2675769449938856,0.4589944923976887
Test_299,0.006243158144763668,0.0026909495086769215,0.011558700646287157,0.9795071917002722
Test_300,0.37356733031938943,0.13416199725276878,0.32476478231577555,0.16750589011206637
Test_301,0.16678612277963664,0.08139492856787074,0.22807107934211893,0.5237478693103736
Test_302,0.2300464982682633,0.13261137759423233,0.1780607689577318,0.45928135517977253
Test_303,0.5135182927033829,0.10514533381859605,0.29702442564897114,0.08431194782904998
Test_304,0.296190755674198,0.0224507826073852,0.6617448099700178,0.019613651748398908
Test_305,0.4274674088055208,0.053512984442029725,0.3414472497783369,0.17757235697411258
Test_306,0.4918330656462156,0.027704311385500682,0.35582363899468544,0.12463898397359834
Test_307,0.6830125462492237,0.015504290021214189,0.2944219191586205,0.007061244570941567
Test_308,0.3391063986866541,0.1101133843442776,0.2895552064585756,0.2612250105104928
Test_309,0.0719503161913248,0.08242498885869831,0.19719213252586756,0.6484325624241093
Test_310,0.326955376913266,0.08130422509967802,0.497453090945379,0.09428730704167705
Test_311,0.26847734779025495,0.2834363562902115,0.14051554740363448,0.30757074851589916
Test_312,0.03937444163816651,0.0398386188406424,0.1833745477893817,0.7374123917318094
Test_313,0.2235953809437343,0.10964762070369224,0.26740071917669417,0.39935627917587924
Test_314,0.35110521216192814,0.14424156758732043,0.22297242688493793,0.28168079336581364
Test_315,0.1554426326800348,0.0974821012847868,0.1574195387303809,0.5896557273047975
Test_316,0.05922200034272149,0.004194475427867922,0.3941242123251553,0.5424593119042552
Test_317,0.35962636398146913,0.015515152397920442,0.597953238541674,0.02690524507893639
Test_318,0.04383512310956026,0.07691759207455338,0.3244627136269274,0.554784571188959
Test_319,0.19459119947048878,0.029064601093380975,0.7294937033547052,0.04685049608142512
Test_320,0.4814343911291041,0.04927802474163838,0.3593026499258718,0.10998493420338575
Test_321,0.33582252373846055,0.11613830813069619,0.4610777871663001,0.08696138096454319
Test_322,0.445031532453896,0.11421435777351172,0.3727388648260211,0.0680152449465711
Test_323,0.2448992411436918,0.05632113984191058,0.40384849372181236,0.29493112529258525
Test_324,0.36450622331946336,0.014914675433434443,0.275090292247132,0.3454888089999702
Test_325,0.17204991040513284,0.10136404392560762,0.293633361905264,0.43295268376399554
Test_326,0.1364731313872668,0.05124883376597067,0.13936833016619812,0.6729097046805643
Test_327,0.22590371174506377,0.11746244780707202,0.33495896618237636,0.3216748742654878
Test_328,0.17164545487621233,0.05102724677233175,0.4352292380617829,0.3420980602896731
Test_329,0.7928526687315838,0.015230683492843186,0.10634507515608513,0.08557157261948803
Test_330,0.18166319309493797,0.09099173044724966,0.4330718303480083,0.29427324610980404
Test_331,0.013341396788771203,0.0033627558657848724,0.19621768033645634,0.7870781670089876
Test_332,0.38326298821708144,0.05137925178997986,0.44407796609436206,0.12127979389857667
Test_333,0.07425942945937727,0.039648677047021026,0.663047234172302,0.2230446593212997
Test_334,0.3082883138880525,0.036253297329401184,0.5969574731922405,0.0585009155903058
Test_335,0.26674500837658977,0.06424391146415802,0.4981689562507218,0.17084212390853049
Test_336,0.4264839734753269,0.02648249922365059,0.5316795380145201,0.015353989286502478
Test_337,0.15249684946667652,0.061990342629691886,0.16799489705317563,0.6175179108504559
Test_338,0.5202579325525915,0.07644698576511091,0.30589995460193575,0.09739512708036185
Test_339,0.2670299699917038,0.10676498137100911,0.47367420428048884,0.1525308443567982
Test_340,0.15301796295838424,0.03468641324750074,0.7345416282949638,0.07775399549915114
Test_341,0.17174689283574993,0.10437460749326084,0.3117202339222081,0.4121582657487812
Test_342,0.3250264896313721,0.09782345563110936,0.45369495374640395,0.12345510099111466
Test_343,0.5095391335660439,0.0804045901849702,0.32746086664379076,0.08259540960519518
Test_344,0.2504491430683059,0.06522887836868313,0.45481957038813886,0.22950240817487205
Test_345,0.05348837496523336,0.0468522481862471,0.7987113678314651,0.10094800901705443
Test_346,0.07047501874302853,0.02525880932375537,0.4580338068292006,0.4462323651040154
Test_347,0.2803668684358682,0.10819466987571094,0.2596062056335742,0.3518322560548467
Test_348,0.04737090207531565,0.01749408384205618,0.5879308930980028,0.3472041209846252
Test_349,0.36264902873898813,0.15164942908944612,0.3377125003654018,0.14798904180616396
Test_350,0.1047587443127402,0.034219023001877805,0.14466685767616627,0.7163553750092158
Test_351,0.41189184347829105,0.1319224994489871,0.30349895947314304,0.15268669759957867
Test_352,0.07472263249213654,0.05005602918654468,0.32323223004006457,0.5519891082812541
Test_353,0.732217248936817,0.035258106973374156,0.13878661438458156,0.09373802970522739
Test_354,0.26038481690042997,0.015805214693665543,0.5470355905917614,0.1767743778141431
Test_355,0.23968851748376743,0.01660722593840167,0.4046670216929745,0.33903723488485643
Test_356,0.6351143999305587,0.016885306782366407,0.3460448046869684,0.001955488600106457
Test_357,0.5071550159901684,0.006095410668534048,0.48526479584107085,0.0014847775002266718
Test_358,0.2783829864438843,0.07265836444612876,0.43552143679551497,0.21343721231447188
Test_359,0.13232901326613156,0.12028267331970444,0.24108301125075352,0.5063053021634104
Test_360,0.18878075434562158,0.11009729875764938,0.20385193727763545,0.49727000961909357
Test_361,0.28413893311549215,0.1244761648047884,0.5002226732932323,0.09116222878648703
Test_362,0.47538122444999326,0.08266192809993027,0.13224586662744675,0.3097109808226297
Test_363,0.3216225128937359,0.08965126702410739,0.4348741954737406,0.15385202460841615
Test_364,0.5918292720531613,0.06139502706638619,0.2975036853615694,0.0492720155188832
Test_365,0.5790466478698282,0.01034602065636805,0.3940536209576219,0.016553710516181742
Test_366,0.03811112547906178,0.025013315434902927,0.5507124815456184,0.3861630775404169
Test_367,0.06079703663344915,0.06031726919353757,0.33314507136084665,0.5457406228121666
Test_368,0.4977926002539977,0.07815624580402876,0.29077722943600604,0.1332739245059675
Test_369,0.05880915597534254,0.04650131051281066,0.1826157528629233,0.7120737806489235
Test_370,0.285716586921047,0.08430581994823791,0.37037824000691333,0.2595993531238017
Test_371,0.2433242368354586,0.11696427500920972,0.45166564244148333,0.18804584571384825
Test_372,0.09278474437215803,0.02503238945746629,0.2532475660136904,0.6289353001566852
Test_373,0.37131236106069854,0.1985368313868668,0.11564356040276184,0.3145072471496728
Test_374,0.14265106836873875,0.04449015444214997,0.2936322517895143,0.5192265253995969
Test_375,0.16586437339156884,0.08935170588810665,0.34038818274100874,0.4043957379793158
Test_376,0.24444967499144674,0.0570372790063018,0.2995342569951718,0.3989787890070796
Test_377,0.2934221603391064,0.08412748881320598,0.49222804886503685,0.13022230198265078
Test_378,0.17101095838998676,0.06087670713832768,0.7314826443492779,0.03662969012240768
Test_379,0.05634062714633621,0.013376570824553072,0.5295037546768787,0.400779047352232
Test_380,0.21962253752350078,0.0668955362659436,0.2833355660622118,0.43014636014834384
Test_381,0.08025287170309743,0.0776295898074401,0.29782312336185207,0.5442944151276105
Test_382,0.06591571712784143,0.07215544396033238,0.3234682235618629,0.5384606153499633
Test_383,0.3561287042969794,0.016239107892907344,0.4727475351407411,0.15488465266937215
Test_384,0.38708049552324225,0.06347738011031741,0.47467837783804423,0.07476374652839603
Test_385,0.1447177029701056,0.06983028835765805,0.26155327671463596,0.5238987319576004
Test_386,0.11706877185895545,0.04565908009637595,0.24148127901840458,0.5957908690262641
Test_387,0.30200568667981614,0.09882209710924274,0.23642879462638364,0.36274342158455747
Test_388,0.3779873418008813,0.13037032132339468,0.10602161473635965,0.3856207221393643
Test_389,0.38068633371887173,0.023963221279632668,0.5587621763554254,0.03658826864607025
Test_390,0.1465627858925978,0.03178431936409961,0.12312930162585499,0.6985235931174477
Test_391,0.38415644613434957,0.12498476792667469,0.1668721916439167,0.3239865942950591
Test_392,0.14792186012939457,0.014709004258159145,0.7683757978156551,0.06899333779679119
Test_393,0.07843617012366476,0.08311688175523478,0.10348751649465328,0.7349594316264472
Test_394,0.366232710555215,0.06319385640071513,0.5333686794887719,0.037204753555298065
Test_395,0.46465222274018236,0.11463083707780214,0.38381259160366804,0.0369043485783473
Test_396,0.23961476052429578,0.14853552401532613,0.3062833342317788,0.30556638122859936
Test_397,0.20641668196990823,0.11359020495939619,0.24299267585296006,0.4370004372177356
Test_398,0.1235496930379923,0.1003815884373869,0.17043938618699678,0.605629332337624
Test_399,0.19831853656750234,0.06197319259247451,0.3440235126685653,0.3956847581714579
Test_400,0.3697576576446267,0.026269778156949152,0.5517316209095052,0.0522409432889189
Test_401,0.17544733027108994,0.033195858803751456,0.6842162680001973,0.10714054292496143
Test_402,0.009265584476938003,0.01344178043665407,0.06784116978062572,0.9094514653057822
Test_403,0.4238435883036105,0.029819155652279293,0.46269398115712534,0.08364327488698485
Test_404,0.5318661339348866,0.023407996522913966,0.4084017532276525,0.03632411631454689
Test_405,0.0041277131387747355,0.006972731148530017,0.015136075316875532,0.9737634803958198
Test_406,0.016088078948908967,0.011880754090144323,0.04417948166646935,0.9278516852944774
Test_407,0.006380197682841816,0.023015829130645836,0.013679764980818274,0.9569242082056941
Test_408,0.04990252196611523,0.06179356945708518,0.10604764972408204,0.7822562588527175
Test_409,0.35763560131199396,0.024513264218736466,0.5753292205456901,0.04252191392357933
Test_410,0.030365038620281008,0.01490101142541062,0.039882407518748414,0.91485154243556
Test_411,0.6270040962729262,0.04444374402420104,0.3172312315578628,0.011320928145009915
Test_412,0.1247791661184325,0.0730915961234373,0.10624308362201136,0.6958861541361188
Test_413,0.1114698380096915,0.005821134825809866,0.8281496971121606,0.054559330052337957
Test_414,0.35254170768687226,0.06264111520066168,0.3971500625775233,0.18766711453494295
Test_415,0.03560246840091441,0.015102563645596105,0.3195271090567435,0.629767858896746
Test_416,0.3890439061745411,0.11992858456318976,0.2768311303338022,0.21419637892846696
Test_417,0.19366595551841015,0.024871001509572475,0.6714926630551654,0.1099703799168519
Test_418,0.31183812307398207,0.039391484699099866,0.6215018958429466,0.027268496383971524
Test_419,0.4755206316591642,0.017728766054189424,0.4877537428009257,0.018996859485720854
Test_420,0.50162069044387,0.03854488057794928,0.43668520777482467,0.023149221203355975
Test_421,0.15406304380205427,0.10880177940522028,0.2931503034548065,0.443984873337919
Test_422,0.15809327366200346,0.01459999290995281,0.2682167803809528,0.559089953047091
Test_423,0.26800370334773527,0.06561685210248608,0.0589414717498948,0.6074379727998839
Test_424,0.4146296007079186,0.042561526414562546,0.4817454868236299,0.06106338605388893
Test_425,0.2286200987281353,0.06980576246446858,0.23734971614426065,0.4642244226631355
Test_426,0.44806907648356153,0.08609692505161508,0.2870395798451555,0.1787944186196679
Test_427,0.11844749421172095,0.0686340390278425,0.1945669247206885,0.6183515420397481
Test_428,0.06144186886481156,0.08331821839184483,0.136630420912947,0.7186094918303966
Test_429,0.23020732732571256,0.09116947830519306,0.3544749052712312,0.32414828909786303
Test_430,0.8212135355832985,0.026158606086619223,0.1335489494600305,0.019078908870051803
Test_431,0.4917677191853349,0.0924348005437116,0.07379535719184054,0.342002123079113
Test_432,0.027333583370419367,0.019223195577990005,0.24069798419248895,0.7127452368591017
Test_433,0.05201035643568682,0.03640534243758129,0.10111235444520701,0.8104719466815249
Test_434,0.14633860244414432,0.06675350123447751,0.26313932322923644,0.5237685730921418
Test_435,0.06310339587335598,0.048722125761689584,0.09198771303104446,0.79618676533391
Test_436,0.25105142449243345,0.12024287088072472,0.4805707891860412,0.14813491544080068
Test_437,0.2579164069306901,0.029718724650953966,0.621422445890166,0.0909424225281899
Test_438,0.11270346450837371,0.10636959265042466,0.4259089795905244,0.3550179632506773
Test_439,0.33196137436444767,0.0694760037607394,0.5357273685870853,0.06283525328772774
Test_440,0.47419893722533146,0.03086347606234825,0.3373698433801798,0.15756774333214046
Test_441,0.49342478478886553,0.112653329113537,0.34710873827789895,0.046813147819698454
Test_442,0.23881448002509115,0.040807881781603474,0.5685967936103242,0.15178084458298127
Test_443,0.07804420039033814,0.018058128958916477,0.053816622805321124,0.8500810478454243
Test_444,0.3792878997794709,0.05628947123929002,0.4670550978196943,0.0973675311615447
Test_445,0.004529411112732006,0.007502611312595998,0.011268591487592235,0.9766993860870797
Test_446,0.3358600701445794,0.0787154209390489,0.48554078876067813,0.09988372015569348
Test_447,0.2756319347957692,0.03322434804507412,0.6098191208108946,0.08132459634826214
Test_448,0.3692408404840679,0.13482917200549063,0.3452832198637799,0.15064676764666157
Test_449,0.1024013498690747,0.019677564952903827,0.4079641671621909,0.46995691801583045
Test_450,0.4719179972355811,0.06493640428899805,0.3479152499826362,0.1152303484927847
Test_451,0.4680000490137305,0.12078621939648682,0.33634458742871814,0.0748691441610646
Test_452,0.17881436778328563,0.09798757137132762,0.29688560030363587,0.4263124605417509
Test_453,0.08831905638274018,0.026160882529422804,0.12571820459229244,0.7598018564955445
Test_454,0.06236879504468719,0.06734179010905433,0.07153669284893786,0.7987527219973206
Test_455,0.021954598730657526,0.028167381011026824,0.12177182174041144,0.8281061985179043
