image_id,healthy,multiple_diseases,rust,scab
Test_0,0.3695497750177968,0.09190858099165461,0.4095801641932394,0.12896147979730915
Test_1,0.16872964152465061,0.07130117702776309,0.38190762883018003,0.37806155261740637
Test_2,0.07995238599861329,0.0761986077300307,0.2700497487192333,0.5737992575521227
Test_3,0.4575164904326346,0.036228878484636275,0.21853010484424684,0.2877245262384825
Test_4,0.19363701953656934,0.05015350445991752,0.23171043790575924,0.5244990380977539
Test_5,0.29470497711701454,0.03975891714424039,0.275778729127674,0.3897573766110712
Test_6,0.22612674082650383,0.03809088996251027,0.2619567576775991,0.47382561153338687
Test_7,0.4618378591520409,0.04526365151884911,0.16655149399636537,0.3263469953327447
Test_8,0.4043449081606468,0.06780990613373455,0.317723762836809,0.21012142286880955
Test_9,0.2444202193481907,0.03478772736535879,0.45989479974728686,0.26089725353916343
Test_10,0.546111340865919,0.022226328425667432,0.2793537593838356,0.15230857132457803
Test_11,0.49223798260711077,0.051324661277347014,0.3133923749861152,0.14304498112942707
Test_12,0.12449624999889623,0.02959836513836294,0.24793008072971795,0.5979753041330228
Test_13,0.24996400263896099,0.029594644637747913,0.47051262563714913,0.24992872708614183
Test_14,0.308444295865773,0.09509001016368726,0.44271742582894813,0.15374826814159165
Test_15,0.271892646432267,0.05280815942638503,0.467119212662937,0.20817998147841082
Test_16,0.32316765978803896,0.05065490475940525,0.30604781291401784,0.32012962253853816
Test_17,0.32900590987759504,0.06423545709331979,0.3991745277316626,0.20758410529742255
Test_18,0.1886989914388828,0.0564925139710604,0.41461776814965656,0.34019072644040016
Test_19,0.2687657576519086,0.024871046910168514,0.40906355716888537,0.2972996382690372
Test_20,0.24311220410104586,0.06544181194043742,0.22576222723623654,0.4656837567222806
Test_21,0.20195215527009075,0.02772393245907681,0.38626716678399575,0.3840567454868366
Test_22,0.3414790122674367,0.03694623784829289,0.5257652405204635,0.09580950936380683
Test_23,0.17750335869796038,0.039013708182717356,0.37071256254460583,0.412770370574716
Test_24,0.2137466838339168,0.05495430526017197,0.3666235071643906,0.36467550374152063
Test_25,0.172157791912459,0.03545850544464055,0.4204793276555325,0.3719043749873681
Test_26,0.21463663635250385,0.03565935224756658,0.22644723186269972,0.52325677953723
Test_27,0.39737813808299066,0.07819138045042219,0.40561199051781693,0.11881849094877002
Test_28,0.48342075552596814,0.018967578567044653,0.29337772554471586,0.20423394036227122
Test_29,0.14345896895671745,0.06515201638648395,0.20174365432364144,0.5896453603331577
Test_30,0.15331564366034653,0.040986136684324256,0.5143929681295695,0.2913052515257599
Test_31,0.16217221353475694,0.04872821645391662,0.24125409130798914,0.5478454787033378
Test_32,0.18245801267316547,0.028480604006277714,0.2918363755658976,0.49722500775465944
Test_33,0.4039061655228943,0.044305250156565675,0.20144305450140598,0.3503455298191341
Test_34,0.19920042834538007,0.02647379340134631,0.2306586742604199,0.5436671039928538
Test_35,0.1251927128297223,0.02923071157231367,0.24144969166342098,0.6041268839345432
Test_36,0.325693316926189,0.05999768731560353,0.2702115199944017,0.3440974757638059
Test_37,0.3265556157084536,0.037993599624506144,0.38453287189661944,0.2509179127704208
Test_38,0.2123201286955954,0.03375770353409761,0.39325645378334484,0.36066571398696184
Test_39,0.16455095257500066,0.07470099745623449,0.2902259751196864,0.4705220748490786
Test_40,0.38533220060030093,0.04231587563915677,0.3760442984550014,0.1963076253055408
Test_41,0.3550825269022451,0.09129141690374105,0.23536890376722822,0.3182571524267856
Test_42,0.13164267351665682,0.02992835400950079,0.215552057230264,0.6228769152435785
Test_43,0.3859686392673608,0.0434279698245464,0.24720916180746874,0.3233942291006242
Test_44,0.24437291801159597,0.043245553441240814,0.19209195928207673,0.5202895692650865
Test_45,0.22043692922216132,0.07949402179058938,0.35559863937703046,0.34447040961021835
Test_46,0.33464801157365826,0.040558751184560954,0.4732314956520062,0.15156174158977445
Test_47,0.1782535021898522,0.053871435492390346,0.5640653284973519,0.20380973382040532
Test_48,0.39817504615153787,0.03535890653714108,0.3951936309463258,0.17127241636499532
Test_49,0.3184029998833539,0.10610562256645685,0.4230284159499731,0.15246296160021586
Test_50,0.19037695381787087,0.03869031971157161,0.3789429650277473,0.3919897614428102
Test_51,0.2273511459749645,0.04279818464775414,0.2804365441028522,0.4494141252744291
Test_52,0.10738060268498086,0.046272271642153834,0.3466197373057165,0.49972738836714875
Test_53,0.3073863069318008,0.03108443428280712,0.507089837653868,0.1544394211315239
Test_54,0.11074489233561972,0.06511724829523023,0.5429478135746825,0.28119004579446755
Test_55,0.4888931030443526,0.03675643804705741,0.24748746213125944,0.22686299677733082
Test_56,0.37265426004232327,0.04326111347769975,0.3834458636376391,0.20063876284233798
Test_57,0.3774561940136177,0.09137076469502096,0.20942736537839957,0.3217456759129614
Test_58,0.1515672227857757,0.04668306273109189,0.5329218764975574,0.26882783798557475
Test_59,0.4008698346622676,0.0356128195691628,0.4368778290988206,0.1266395166697489
Test_60,0.3484595494072364,0.03483288641335564,0.21563267593647695,0.4010748882429309
Test_61,0.5713841487329965,0.04199567587759725,0.18278882919727635,0.20383134619212995
Test_62,0.2499528660621408,0.05294477766628927,0.39045618209166005,0.30664617417991
Test_63,0.1415251427546986,0.07589158181344925,0.3182106157570011,0.46437265967485136
Test_64,0.188229231725581,0.08583890606935492,0.21958244482087988,0.506349417384184
Test_65,0.25015987668334144,0.0652892037349139,0.24373609677650757,0.44081482280523704
Test_66,0.3707329242839493,0.050238957462055894,0.2948610628208922,0.2841670554331024
Test_67,0.3219587139047087,0.0401273591365975,0.2879217819142567,0.3499921450444367
Test_68,0.34882683659469194,0.03742515957675356,0.2213479879445402,0.39240001588401474
Test_69,0.37746726304203687,0.030962834036284387,0.4454044543823366,0.1461654485393424
Test_70,0.2752213990567488,0.044621148355679874,0.4231157852201439,0.2570416673674273
Test_71,0.2569255879148464,0.0487510325244638,0.5641403688373294,0.1301830107233601
Test_72,0.30337781620568344,0.03869125609342246,0.3928762479200984,0.26505467978079583
Test_73,0.3222315108306266,0.04813610620771221,0.5146553293756566,0.11497705358600441
Test_74,0.13306161107393166,0.08739729291310414,0.32672776723556723,0.45281332877739694
Test_75,0.39190214582519567,0.0699532704825526,0.1863548315728635,0.3517897521193883
Test_76,0.18526175219016114,0.0333927711416172,0.3551954561311397,0.4261500205370816
Test_77,0.36206758485077545,0.03437416170840603,0.20605881015035193,0.3974994432904665
Test_78,0.23413319967409854,0.07190548579479386,0.23309742011078008,0.46086389442032766
Test_79,0.2501562544113325,0.05319002503457291,0.32410736990502786,0.37254635064906677
Test_80,0.3421565424281986,0.026481094476107782,0.15936026026970995,0.47200210282598365
Test_81,0.23585682715907635,0.0464324351799125,0.45946107530768415,0.258249662353327
Test_82,0.19747703635678338,0.07366469273307998,0.4804299988692851,0.24842827204085133
Test_83,0.24125070872388035,0.04578835415992986,0.3806057334630015,0.3323552036531889
Test_84,0.16873460825695172,0.06276441336399798,0.3861951581593598,0.38230582021969006
Test_85,0.2340952480722654,0.08141953163321465,0.2261800876181832,0.4583051326763368
Test_86,0.3152312965974695,0.05307919280372337,0.30021238314005866,0.33147712745874874
Test_87,0.17073032401048735,0.1399237867867785,0.32103746358532076,0.36830842561741367
Test_88,0.1598858437431467,0.03796799491091618,0.46426104344353314,0.3378851179024038
Test_89,0.3896863368689557,0.05116605716306262,0.28421058602153115,0.27493701994645015
Test_90,0.2242318205119916,0.04878133973724398,0.5571620693105162,0.16982477044024819
Test_91,0.3049426057960854,0.03616679432257687,0.29216275011628423,0.36672784976505346
Test_92,0.49178726313085647,0.023932145100780948,0.20163393153218714,0.28264666023617524
Test_93,0.13703609690120083,0.05790819133081369,0.2187715018536768,0.5862842099143085
Test_94,0.27335607284491564,0.03464370834589466,0.3043560470410131,0.3876441717681765
Test_95,0.5564250716768344,0.037520760563548666,0.28011547369488127,0.12593869406473562
Test_96,0.26591763906838545,0.04193836660521353,0.48907183458488895,0.20307215974151216
Test_97,0.371574824668337,0.10203279700915402,0.404586145609082,0.12180623271342715
Test_98,0.4001824287438058,0.05972770235063029,0.26530301297288,0.27478685593268387
Test_99,0.11729015362682921,0.0918955843654574,0.5009171843485505,0.28989707765916295
Test_100,0.3436476211284382,0.03656905641041987,0.3857919686332898,0.23399135382785197
Test_101,0.4424159405393977,0.018673202963427348,0.23376728426756035,0.3051435722296148
Test_102,0.3626469656105043,0.08405119709507762,0.17130345969928223,0.3819983775951357
Test_103,0.3862260912785829,0.04887005878140369,0.41099009414362936,0.15391375579638406
Test_104,0.3571817974411738,0.03335377995874218,0.21484177858009304,0.3946226440199909
Test_105,0.2010312363427703,0.06217746606875385,0.34641740625230266,0.39037389133617295
Test_106,0.2845942269302026,0.0553965696774876,0.4882687232057356,0.17174048018657417
Test_107,0.3212667702378544,0.016422041998308632,0.270656316096194,0.3916548716676429
Test_108,0.37614772501207155,0.054630784299947874,0.41048726560031684,0.15873422508766377
Test_109,0.22369754873042277,0.042742248806530846,0.48147010966884635,0.2520900927942
Test_110,0.33139363086255785,0.04553525114465067,0.33039386411769484,0.2926772538750963
Test_111,0.22388285200074362,0.04248086706725055,0.41417581094725353,0.31946046998475225
Test_112,0.20315034951869812,0.05301295688513682,0.1855116213579792,0.5583250722381858
Test_113,0.23781879415141804,0.047081978421231886,0.3994034582414598,0.31569576918589026
Test_114,0.32288170612822775,0.04435978897025845,0.3163792172192731,0.3163792876822407
Test_115,0.3181561863469716,0.06651414108770291,0.341468955304363,0.27386071726096206
Test_116,0.39334282886075705,0.050456516855210506,0.2997576834147735,0.25644297086925877
Test_117,0.158360508875927,0.0871553089211122,0.5056978528188308,0.24878632938412987
Test_118,0.3240444265177719,0.04808313721719896,0.4315493440737986,0.1963230921912306
Test_119,0.3426712885285684,0.028952642521406603,0.36092822721888684,0.2674478417311378
Test_120,0.2753159940860545,0.03176043505757102,0.19759683577237191,0.49532673508400277
Test_121,0.28926569008855035,0.04427781196813742,0.3474216581986344,0.3190348397446778
Test_122,0.15901109962683457,0.04210722108083302,0.3054813302203987,0.49340034907193403
Test_123,0.24567946964494025,0.08356450509076083,0.33331809709474797,0.33743792816955076
Test_124,0.15830822309975767,0.10993444146231768,0.43259911459694794,0.29915822084097676
Test_125,0.3518565047372187,0.036565181202200446,0.4329984889671348,0.1785798250934463
Test_126,0.28646506870387245,0.08374060642585604,0.41408941195893806,0.2157049129113334
Test_127,0.4067642032201464,0.019318548643736746,0.16174861768767607,0.412168630448441
Test_128,0.23917181913772373,0.03728663715051375,0.4543154837867317,0.26922605992503074
Test_129,0.15161895103864836,0.07470302754891096,0.3849000309405542,0.38877799047188644
Test_130,0.14577243535337908,0.03953458615099208,0.4120922164547956,0.40260076204083317
Test_131,0.268358993044776,0.04666064582009526,0.40935447145455195,0.2756258896805767
Test_132,0.3980427456635911,0.07904965784297825,0.37695538889440067,0.14595220759902994
Test_133,0.30224417875273707,0.03508027576814978,0.34233119371635806,0.3203443517627552
Test_134,0.3482317498976756,0.0380576261851493,0.251363301885789,0.3623473220313861
Test_135,0.13584282082190327,0.06786046072060951,0.21256141922111654,0.5837352992363708
Test_136,0.0705949222126105,0.04792583997462731,0.3360036198080708,0.5454756180046912
Test_137,0.1362898048479096,0.041466448430569444,0.2997950452907012,0.5224487014308197
Test_138,0.3292518733360111,0.03516343875252332,0.30381325751264315,0.3317714303988224
Test_139,0.4861530127461948,0.057996533451808524,0.22965753792168597,0.22619291588031062
Test_140,0.23944066443438955,0.05343422230992078,0.29934233637191876,0.40778277688377096
Test_141,0.3273496266161755,0.022196258893714595,0.26024134641306107,0.39021276807704897
Test_142,0.2765108592065664,0.08404891569777499,0.27939080325433907,0.3600494218413195
Test_143,0.5303697952830364,0.03751921092151927,0.23928499130080572,0.19282600249463855
Test_144,0.4180495734032058,0.03625537081185111,0.3831627204577021,0.16253233532724135
Test_145,0.2602959023447824,0.05492370934185744,0.2653375377797074,0.41944285053365277
Test_146,0.33383299486594203,0.03351706917732013,0.2906509799255511,0.3419989560311872
Test_147,0.16475348183673377,0.0986541516096447,0.210221806148095,0.5263705604055265
Test_148,0.19331563183911332,0.04396557061454547,0.15579089530709195,0.6069279022392493
Test_149,0.34907835064012893,0.056982640734952135,0.30961929582988457,0.28431971279503443
Test_150,0.46599115598212787,0.03699136368658697,0.23424124545102643,0.2627762348802585
Test_151,0.24731400369992684,0.04595131767945045,0.3495982419179574,0.35713643670266526
Test_152,0.1480406884187019,0.09952287297384939,0.35723255428634026,0.39520388432110876
Test_153,0.15332501277368643,0.1129528367541684,0.3824213767384766,0.35130077373366825
Test_154,0.21543611187182973,0.049592706226724285,0.3605669530456867,0.37440422885575947
Test_155,0.27177082142596415,0.024854755734085816,0.31619628209681877,0.38717814074313134
Test_156,0.22864143549084917,0.09280586363126732,0.3822712331452823,0.29628146773260094
Test_157,0.44677301607215103,0.05591182114852129,0.4085242989575084,0.08879086382181939
Test_158,0.20215817912968587,0.042931734338743636,0.31870580120491937,0.4362042853266513
Test_159,0.17071234335083033,0.07587128353445158,0.3780039849244051,0.3754123881903131
Test_160,0.35760153882112156,0.03687851353574461,0.3188278506776026,0.28669209696553133
Test_161,0.36012053769259583,0.04105284877081226,0.33009069924394147,0.26873591429265037
Test_162,0.24757561138023712,0.03125988511578677,0.4598079283092627,0.2613565751947135
Test_163,0.32096198802701503,0.040438901445614676,0.14131938846113856,0.49727972206623167
Test_164,0.5157861452182665,0.02685292940568102,0.23965378747210478,0.21770713790394763
Test_165,0.15570207681190795,0.059110179587202785,0.5679820092667064,0.21720573433418267
Test_166,0.21005889958407237,0.04681100776777188,0.45548461738704366,0.2876454752611126
Test_167,0.27936142851897067,0.05849790797605521,0.18624325154286073,0.47589741196211344
Test_168,0.35579891180174966,0.058909098533540524,0.3496557487158133,0.2356362409488967
Test_169,0.236741052119949,0.07397434904563785,0.5736765752820229,0.11560802355239026
Test_170,0.2050063251478328,0.06013181130606449,0.2770107006726449,0.45785116287345756
Test_171,0.541948043177654,0.022949547840361916,0.2045204119187832,0.23058199706320137
Test_172,0.17843357770113233,0.09256067437435589,0.34121279915715497,0.38779294876735676
Test_173,0.29430187773858374,0.04395783803428886,0.4433648410094779,0.21837544321764968
Test_174,0.30394939738411964,0.10073980918266007,0.18541101608273933,0.40989977735048094
Test_175,0.253640288636489,0.07664820625077289,0.3583048292701677,0.3114066758425708
Test_176,0.2368875776365239,0.04644632120233385,0.4687497314246851,0.24791636973645717
Test_177,0.36485526775251975,0.06431810203714758,0.17624034600834,0.39458628420199277
Test_178,0.2596422867812132,0.034998965585868354,0.3633935326919423,0.3419652149409761
Test_179,0.149186622797331,0.054128762284896416,0.4317958991504828,0.36488871576729
Test_180,0.1173482434026695,0.035278543226971604,0.23573636417191313,0.6116368491984457
Test_181,0.21372942943900855,0.03189670954223527,0.38341846131681556,0.3709553997019407
Test_182,0.13030421443110235,0.06151394484662606,0.25336405746047824,0.5548177832617932
Test_183,0.23471008910003813,0.05683930925210493,0.38946080412879464,0.3189897975190622
Test_184,0.29459374115439513,0.03198966658501524,0.41676469323966714,0.25665189902092234
Test_185,0.22696668062866096,0.05132530619150815,0.22647434957481405,0.495233663605017
Test_186,0.36871252666273335,0.042716923685594634,0.2488718370319281,0.33969871261974394
Test_187,0.16759901701421664,0.09400939076827093,0.4821179773968453,0.25627361482066724
Test_188,0.3244151178650211,0.04778204211067983,0.4788369264515535,0.1489659135727455
Test_189,0.4720949729279216,0.018485164889643663,0.38880172405676783,0.12061813812566685
Test_190,0.39675311338394587,0.03286943743198753,0.18020338174642334,0.3901740674376435
Test_191,0.3087465543066016,0.04865945730824794,0.21293520471322544,0.4296587836719246
Test_192,0.14096612347959214,0.07765152671961599,0.29641744004075254,0.48496490976003925
Test_193,0.354919460974163,0.0897604586383146,0.3104850502663343,0.24483503012118835
Test_194,0.20293958915681135,0.05008069872264015,0.286851708098745,0.46012800402180354
Test_195,0.3165018525421263,0.07459953139876196,0.49813176473735804,0.11076685132175364
Test_196,0.2713775669998249,0.06436063851865806,0.199748160892391,0.46451363358912606
Test_197,0.19131036628453085,0.05284211774144861,0.3490848402152301,0.4067626757587901
Test_198,0.4561548093554498,0.05398468563466829,0.15872850118346046,0.33113200382642144
Test_199,0.1442638432020345,0.11168352658754178,0.3774285820273178,0.3666240481831054
Test_200,0.3035440221251534,0.041414593842642726,0.21075367306694257,0.44428771096526115
Test_201,0.18872257335373735,0.057289249063740805,0.40939272757653444,0.3445954500059873
Test_202,0.3102634024529302,0.09536840323364831,0.40216792792147743,0.19220026639194404
Test_203,0.2041654592935424,0.04089016481713639,0.3834315837907737,0.3715127920985476
Test_204,0.19753061238544528,0.08185369269807793,0.3187834963671489,0.4018321985493279
Test_205,0.11350094340031504,0.06977361158187964,0.22531113343408218,0.5914143115837234
Test_206,0.14385764748466354,0.07184600135418295,0.31534236333217014,0.4689539878289833
Test_207,0.36838013387428,0.025190370977491144,0.45210908358969504,0.1543204115585341
Test_208,0.42913358070312196,0.039507314992468616,0.3098935308072277,0.22146557349718146
Test_209,0.3837649821362906,0.052885989214449744,0.3477702317944444,0.21557879685481526
Test_210,0.3153067442283318,0.05577953398226352,0.4514205230599272,0.17749319872947733
Test_211,0.402023906918294,0.06135048166366351,0.3780609585577383,0.1585646528603042
Test_212,0.246776180328961,0.13386427639129728,0.34450752216349523,0.27485202111624646
Test_213,0.3721135134966142,0.05968922935633226,0.20924120515382771,0.358956051993226
Test_214,0.1385019644779979,0.07459326939014213,0.3226033312065139,0.46430143492534637
Test_215,0.30004409643271873,0.0706524098380295,0.3227446898676805,0.3065588038615713
Test_216,0.20811887161266918,0.06461827407519576,0.508445070137533,0.21881778417460188
Test_217,0.1935889423714262,0.07057930565798796,0.24505569596178162,0.4907760560088043
Test_218,0.520935550285905,0.020487109792450147,0.23902747603529448,0.2195498638863502
Test_219,0.44608597049362864,0.03976152055253645,0.3756090731531574,0.13854343580067724
Test_220,0.2229646103686801,0.06731933590815052,0.24779360927005278,0.4619224444531166
Test_221,0.21733481003018568,0.09138403204195258,0.40084572153046116,0.2904354363974007
Test_222,0.18274345564778705,0.035625250569023874,0.28495103596504334,0.4966802578181457
Test_223,0.12923505158618018,0.056948256126625116,0.22384149047231486,0.58997520181488
Test_224,0.4584315267517417,0.026124091926794907,0.3711341083316923,0.14431027298977087
Test_225,0.2493499610748552,0.07117597083585561,0.22885331780135093,0.4506207502879383
Test_226,0.2577249913893415,0.04113166444849001,0.23923627736487185,0.46190706679729654
Test_227,0.23605829765782219,0.04902123027631102,0.3758573994461299,0.339063072619737
Test_228,0.38313862874548776,0.03109411954707831,0.37592211131349423,0.2098451403939396
Test_229,0.21986143572725309,0.04217105146642896,0.35874422546960105,0.37922328733671684
Test_230,0.16691799623321601,0.043133412198305326,0.2785202978209146,0.5114282937475642
Test_231,0.18891710494793018,0.03853496093337892,0.45600893857289543,0.31653899554579584
Test_232,0.2994659304000482,0.07136796212952233,0.3217507927329397,0.30741531473749
Test_233,0.382923547192984,0.02729380229557129,0.345335527248844,0.24444712326260085
Test_234,0.29547018559556837,0.03203580020635368,0.4819735197651274,0.19052049443295055
Test_235,0.20423751977184906,0.04209327290192751,0.48783675248272157,0.2658324548435022
Test_236,0.24186093707273337,0.05231017104208256,0.4084779464679092,0.2973509454172749
Test_237,0.21244619426043024,0.08706526573623942,0.26890459451712956,0.43158394548620105
Test_238,0.2708573571561598,0.08808683619074276,0.4279239297067817,0.21313187694631583
Test_239,0.5735405201178092,0.055711205677491736,0.16247969626830736,0.20826857793639128
Test_240,0.25810564631791383,0.05739264990111326,0.32204446547857934,0.3624572383023935
Test_241,0.14933271299950063,0.05274344650198025,0.4690606633922315,0.3288631771062874
Test_242,0.13862761522460632,0.061154713233951045,0.40070510768460543,0.39951256385683714
Test_243,0.26592664635594143,0.03228498071095782,0.4694700999068844,0.2323182730262162
Test_244,0.45174122592955523,0.03024844731084151,0.23559865914841252,0.28241166761119085
Test_245,0.3382733327065834,0.03438234959961843,0.18087716602758933,0.4464671516662091
Test_246,0.1314229801491851,0.034556725462973975,0.3306879730207567,0.5033323213670843
Test_247,0.20544308745936368,0.06695462802913511,0.5054162093103114,0.22218607520118955
Test_248,0.34444228499562324,0.038256461674453124,0.45535178552541533,0.16194946780450847
Test_249,0.1442836855819249,0.04194099372087367,0.5187035321377813,0.29507178855942034
Test_250,0.5138596196403867,0.043232443995075885,0.2077953778583744,0.23511255850616317
Test_251,0.3661912797182207,0.06086618972249599,0.40047756395285006,0.172464966606433
Test_252,0.296955718280777,0.046803932916885206,0.2793692542326857,0.3768710945696519
Test_253,0.29908964251505354,0.04299125475151069,0.19900001048132823,0.45891909225210753
Test_254,0.4672316665621787,0.02198236816845663,0.35484410483068446,0.1559418604386799
Test_255,0.2644780207868192,0.03624387855464841,0.24571650128777434,0.4535615993707581
Test_256,0.10517643388634881,0.05141318257054935,0.29210229199690396,0.5513080915461982
Test_257,0.2238580374352216,0.07551149497034382,0.3714962625457365,0.3291342050486981
Test_258,0.42945856000938937,0.038871014003943806,0.3080973150898464,0.22357311089682044
Test_259,0.48554949587965174,0.07309541963789185,0.3010101096915133,0.14034497479094316
Test_260,0.2626392779211747,0.04356466871462786,0.39931804186267084,0.2944780115015265
Test_261,0.31001472695039417,0.04252197412338966,0.43124403234091707,0.216219266585299
Test_262,0.2611128754774845,0.03625506039650545,0.43621523916057253,0.26641682496543745
Test_263,0.23075866040539975,0.06482085278842273,0.4188128225169249,0.2856076642892525
Test_264,0.2678752905141526,0.04306850262521617,0.45584549477083547,0.2332107120897959
Test_265,0.2639752860454666,0.033744357485853325,0.3000438680037938,0.40223648846488674
Test_266,0.115720842528837,0.05289360877740964,0.24575786998316515,0.5856276787105884
Test_267,0.46967094033979506,0.026415566559340097,0.19341271083379313,0.3105007822670714
Test_268,0.1657514826467643,0.09431057110070777,0.4513679627877046,0.2885699834648233
Test_269,0.26417419385981,0.03871839645068233,0.3496202842148581,0.3474871254746495
Test_270,0.30952240535524467,0.02807549009937818,0.21803119919804265,0.4443709053473346
Test_271,0.25107150451053056,0.04371020752019244,0.4733948452217884,0.23182344274748873
Test_272,0.4497041929210722,0.03776188503282644,0.13777774660773345,0.374756175438368
Test_273,0.31120994389906764,0.054610194559380584,0.3944231873315157,0.2397566742100361
Test_274,0.2473508500437947,0.042171855087192435,0.4578634040741878,0.25261389079482505
Test_275,0.23886531858624863,0.03305676111583976,0.20036913358289812,0.5277087867150131
Test_276,0.2592095818739698,0.04512250555128982,0.16068865876863367,0.5349792538061066
Test_277,0.1318952724727808,0.03301387235413873,0.25610560302894747,0.5789852521441334
Test_278,0.2579688678508438,0.057662463266280425,0.3757248151793798,0.3086438537034962
Test_279,0.43975667407100827,0.0781668764393435,0.3583386985974564,0.12373775089219198
Test_280,0.16761934351518643,0.08281863799061723,0.527119605379666,0.22244241311453042
Test_281,0.2293119874912738,0.057172906592568754,0.43237888934809104,0.28113621656806664
Test_282,0.23276178225153032,0.07314102572340701,0.32334295252408,0.37075423950098296
Test_283,0.26587650333065405,0.04124531182714078,0.1831617816733628,0.5097164031688425
Test_284,0.27063549876728993,0.029731297182738252,0.3152002704654601,0.38443293358451186
Test_285,0.5789827584384662,0.030466237683081678,0.28192461312183464,0.10862639075661709
Test_286,0.28072706727775426,0.11296076146128735,0.47463829116275963,0.1316738800981984
Test_287,0.2535420420238067,0.10252055417553883,0.4447107543901966,0.19922664941045787
Test_288,0.2417542142342192,0.05210788750993042,0.352514674815255,0.35362322344059544
Test_289,0.16998682076052418,0.05024146620216923,0.4792694054163159,0.3005023076209903
Test_290,0.30906485154575275,0.03152626155831353,0.47613309873136617,0.1832757881645675
Test_291,0.12966880969405759,0.04487268573818267,0.46263402015470423,0.36282448441305526
Test_292,0.5051366286196882,0.03935045693195172,0.3034090452075133,0.15210386924084682
Test_293,0.25587393708498984,0.02504474167881346,0.2367951103985896,0.48228621083760737
Test_294,0.262019270136079,0.02761411326081727,0.32509405934712465,0.38527255725597875
Test_295,0.24387978737911586,0.06941086827832321,0.4861514613982768,0.20055788294428398
Test_296,0.14927969123794044,0.06964577450188378,0.27195853775785656,0.5091159965023193
Test_297,0.1411857858878283,0.0631435607032679,0.3600936217735761,0.4355770316353275
Test_298,0.33806610386952135,0.07389841435288136,0.30468334469908787,0.2833521370785094
Test_299,0.269258693502404,0.07146490949199226,0.21963034009845384,0.43964605690715003
Test_300,0.44652513995865567,0.03928614163049413,0.36538265154249433,0.14880606686835546
Test_301,0.2736825948521207,0.040238246631176484,0.16730840409596034,0.5187707544207429
Test_302,0.2756779266252424,0.03942649698912424,0.39585210044203456,0.28904347594359864
Test_303,0.4557288074543522,0.035752869859303045,0.3237524664717987,0.1847658562145459
Test_304,0.31410170855309427,0.06749803376345459,0.2769093057653117,0.3414909519181395
Test_305,0.21949471856847985,0.05682651947924588,0.3768169036135372,0.346861858338737
Test_306,0.31086150553221564,0.09362403923709164,0.31176836656442225,0.2837460886662707
Test_307,0.2553839886314705,0.07367350675879389,0.5265281090911973,0.14441439551853835
Test_308,0.25320350835412947,0.0444070774392434,0.4464745758484133,0.2559148383582137
Test_309,0.196445352176925,0.07985922052414939,0.15438402553500116,0.5693114017639243
Test_310,0.4573797514058619,0.034056077209546884,0.22230001430426374,0.2862641570803271
Test_311,0.31530458219330115,0.05558231525512366,0.19357149430135837,0.4355416082502171
Test_312,0.13553464884134933,0.06477102443794408,0.3428317399431656,0.45686258677754105
Test_313,0.2380696581302451,0.06381958473788293,0.36560481789975585,0.33250593923211624
Test_314,0.429000354617327,0.047386610330748806,0.35390038346306635,0.16971265158885762
Test_315,0.11743200913602433,0.027275164571101122,0.43712698152180923,0.41816584477106533
Test_316,0.23356982791575762,0.11125037606828676,0.30805276120026337,0.3471270348156922
Test_317,0.3509191589517603,0.02411315280248132,0.4128236298113325,0.21214405843442602
Test_318,0.15167788724934897,0.04055360417496535,0.4327378806641493,0.3750306279115363
Test_319,0.2284217865125636,0.042235473497656134,0.34686426956704813,0.3824784704227321
Test_320,0.5170111833073021,0.02263321449526205,0.2634654343174132,0.19689016788002267
Test_321,0.18428788108588315,0.03934161536347418,0.3074645976187165,0.4689059059319261
Test_322,0.25986045503121,0.041811367939398596,0.39650235660190053,0.3018258204274907
Test_323,0.1951480656108118,0.04788377105738253,0.2720861882694788,0.48488197506232705
Test_324,0.46604644490469865,0.06306332160742248,0.29643391008544945,0.17445632340242961
Test_325,0.231548979208147,0.052901447833429406,0.44137449274878054,0.27417508020964304
Test_326,0.27206810979290985,0.04764020001913846,0.2118042732522431,0.46848741693570856
Test_327,0.2742418576777623,0.022725685365987663,0.32180893374741626,0.3812235232088336
Test_328,0.13259386676446433,0.09499748136554566,0.24826448362700654,0.524144168242983
Test_329,0.2954861560827268,0.04778684132030686,0.3087716566329645,0.3479553459640017
Test_330,0.22830172825913947,0.03994464110010755,0.4538057375826759,0.2779478930580769
Test_331,0.1736718562019592,0.04299162255512753,0.40467514361692275,0.3786613776259905
Test_332,0.5946611459921275,0.03528486489532101,0.20993935416797552,0.16011463494457567
Test_333,0.26117574711884584,0.06720018730371245,0.32859446672074366,0.3430295988566982
Test_334,0.3758274298558758,0.037311279534985954,0.4353517115780564,0.15150957903108186
Test_335,0.38396586385023496,0.03074482072927229,0.39456529177325605,0.19072402364723665
Test_336,0.33503813478065886,0.04096444853685167,0.45772427019313033,0.16627314648935917
Test_337,0.32014349811807236,0.03832514618843253,0.39470925258696493,0.2468221031065301
Test_338,0.5421189986876821,0.03742721541724239,0.290473536882058,0.12998024901301744
Test_339,0.2386545544748034,0.07312294973993043,0.41540947664834904,0.27281301913691725
Test_340,0.42648643482655085,0.028310071950043657,0.35450110637003257,0.1907023868533731
Test_341,0.40031522834765626,0.028872967959030646,0.36476650057263044,0.20604530312068273
Test_342,0.24135057767886664,0.05228667036785066,0.303180936677546,0.4031818152757368
Test_343,0.22674908105556185,0.06727823896003957,0.35426382227377357,0.35170885771062477
Test_344,0.22947220642246496,0.09251835406227851,0.42532408875468847,0.2526853507605683
Test_345,0.26144697026432395,0.079332821366892,0.38639820145915654,0.2728220069096276
Test_346,0.14737575719648924,0.102301693522747,0.4256652328503864,0.32465731643037726
Test_347,0.13886487863400718,0.03445320167744092,0.4164454512188823,0.4102364684696692
Test_348,0.19244876353943388,0.02162692964633115,0.24103376504370966,0.5448905417705251
Test_349,0.304050710962875,0.027051186759989958,0.2661842644323089,0.40271383784482606
Test_350,0.3519447366271988,0.035177000456443085,0.29673320104079204,0.3161450618755661
Test_351,0.4553991519109123,0.05694325905668612,0.28281330459191023,0.20484428444049133
Test_352,0.172746889332849,0.0405637188178448,0.4900128087516717,0.29667658309763456
Test_353,0.1742978357418638,0.04357634993830759,0.20508912430384835,0.5770366900159802
Test_354,0.09450694754428589,0.03193960809449816,0.22165942367188216,0.6518940206893338
Test_355,0.13379211904105032,0.05145894771104131,0.2878982660876356,0.5268506671602727
Test_356,0.36850925680891466,0.0349750112435682,0.275087455294759,0.321428276652758
Test_357,0.5842857600717489,0.03622811985247149,0.2437276805951964,0.13575843948058292
Test_358,0.19005652653502986,0.07332409587792116,0.4815063348556763,0.2551130427313729
Test_359,0.24719692495111198,0.06898041818956013,0.30021157780236263,0.38361107905696523
Test_360,0.3773147793328901,0.08108931159567959,0.2649565419780568,0.2766393670933735
Test_361,0.34147347964266284,0.0674899121981833,0.32497219460581994,0.266064413553334
Test_362,0.1352553415588124,0.06505399336848018,0.25061338692268914,0.549077278150018
Test_363,0.44273266779392606,0.04550105803767315,0.19600498649552606,0.3157612876728748
Test_364,0.3571330851687944,0.033957288000967194,0.3623471307670017,0.24656249606323702
Test_365,0.31360225797496577,0.028432271983398597,0.5233459279338424,0.13461954210779312
Test_366,0.1825053328375906,0.03552527246959659,0.40701053397774845,0.3749588607150645
Test_367,0.2469570287274381,0.047419717884856015,0.5922926046619397,0.1133306487257661
Test_368,0.12869144991283843,0.054628823317141785,0.41435410220161006,0.40232562456840953
Test_369,0.16524770548894369,0.057114560418660615,0.31310096803948123,0.46453676605291416
Test_370,0.13664739112893387,0.04328213517602087,0.3887725087924761,0.43129796490256905
Test_371,0.223789821107996,0.04335176943253331,0.5218150998081438,0.21104330965132648
Test_372,0.29873254490937445,0.04287104150890895,0.36875870038243336,0.2896377131992834
Test_373,0.3156350482114286,0.022844733585375566,0.394283619377075,0.26723659882612083
Test_374,0.16355554869704517,0.03143540051850898,0.3956063825416217,0.4094026682428237
Test_375,0.16692769361327886,0.04190323002681347,0.3337923181114918,0.45737675824841617
Test_376,0.25228567627448495,0.029261600896622043,0.4904960858362361,0.22795663699265678
Test_377,0.35970938359140814,0.044313627847713866,0.45672011226190556,0.13925687629897232
Test_378,0.17119601017426203,0.04326150669409443,0.4323066658861605,0.35323581724548303
Test_379,0.16558523183254345,0.06567334203267554,0.3398774812527537,0.42886394488202745
Test_380,0.18395114556764444,0.05226075317413664,0.5510462103894671,0.21274189086875175
Test_381,0.1224095859011858,0.022286217141000216,0.13197090744832518,0.7233332895094886
Test_382,0.34377295019857834,0.0343664925620408,0.2506869489398596,0.37117360829952106
Test_383,0.14851507787373514,0.01630439991786241,0.2491286700238404,0.5860518521845625
Test_384,0.2599685126095212,0.0447626872636137,0.4307595030631883,0.264509297063677
Test_385,0.3512176888846659,0.06182012841835701,0.21136448454812817,0.3755976981488491
Test_386,0.16024900032320885,0.08247447626665509,0.31220162236877264,0.44507490104136355
Test_387,0.3278892220357346,0.050205242622598914,0.3076498520380189,0.3142556833036474
Test_388,0.31777864744489037,0.05236880291507265,0.23186659212702918,0.39798595751300825
Test_389,0.35327711200976125,0.030822451824757718,0.40726855229470665,0.2086318838707744
Test_390,0.18280524590627234,0.05861535249268022,0.5883242577918975,0.17025514380914986
Test_391,0.2320673577795703,0.07715738859389229,0.27328741593472977,0.4174878376918074
Test_392,0.24995480623535155,0.08270985847496207,0.5579202446459453,0.10941509064374129
Test_393,0.1555847909726751,0.1110456685850047,0.27191166825288754,0.46145787218943257
Test_394,0.37165167056382736,0.028274425866293543,0.253397909729482,0.34667599384039693
Test_395,0.12327154900016135,0.06680371047295157,0.34924725745838764,0.4606774830684993
Test_396,0.27055841092918975,0.03837862884271792,0.2748499599124675,0.4162130003156245
Test_397,0.14377362091970708,0.04180371599828369,0.21170530802735316,0.6027173550546564
Test_398,0.21682954901151102,0.08083342346659415,0.3540465211676731,0.34829050635422165
Test_399,0.265341287773178,0.034804530775937884,0.3091579083599379,0.3906962730909461
Test_400,0.4035168282229411,0.038545317032185486,0.42984162227064093,0.1280962324742325
Test_401,0.1353377931238303,0.042284294745420566,0.36671304920225206,0.45566486292849695
Test_402,0.21363474757244702,0.08665209900159841,0.30533315837282404,0.39437999505313037
Test_403,0.19931374485149375,0.0492803380252436,0.20209103150830143,0.5493148856149614
Test_404,0.19009262904918872,0.03657040232917402,0.4696563682656478,0.3036806003559896
Test_405,0.2654966726826082,0.12940898830763414,0.24469279605647887,0.3604015429532791
Test_406,0.22703426348404457,0.07359781980345607,0.37398462499848417,0.32538329171401514
Test_407,0.1108246338093814,0.03193473444303319,0.4317490423863709,0.42549158936121484
Test_408,0.14087741399224882,0.024337296413698563,0.405812584739109,0.4289727048549436
Test_409,0.39432098583707714,0.021510058509336433,0.4210194048947114,0.1631495507588751
Test_410,0.22512679381986198,0.02815088321574083,0.16115654878139724,0.5855657741829999
Test_411,0.32570017568810317,0.03620758826423656,0.4038392056802545,0.2342530303674057
Test_412,0.3357453006712017,0.05590465705679797,0.20881601007292222,0.39953403219907796
Test_413,0.1302636049581887,0.056194031037732184,0.2180498056405519,0.5954925583635274
Test_414,0.1644687177645486,0.0309432201578418,0.3131261632795739,0.4914618987980356
Test_415,0.25436945430746116,0.04064268613671019,0.254928133036808,0.4500597265190206
Test_416,0.1297964189644003,0.06262764793426105,0.5054676007747518,0.3021083323265869
Test_417,0.1481320545730726,0.02888669382993602,0.2451015532469331,0.5778796983500585
Test_418,0.4374657681313502,0.03241094601254826,0.3785440225903949,0.15157926326570675
Test_419,0.32697818838358084,0.033599407770310674,0.4649847140688296,0.17443768977727891
Test_420,0.2377151487639797,0.04210470928582051,0.41671267618472113,0.3034674657654786
Test_421,0.32006979569811395,0.04596990078052474,0.17392714932382097,0.4600331541975404
Test_422,0.2055166434465202,0.04890895569300478,0.25044295068267797,0.49513145017779725
Test_423,0.1255697550123042,0.037623993492091216,0.34443538316104383,0.49237086833456095
Test_424,0.18969351436323517,0.06288576881957818,0.5305983156099391,0.21682240120724744
Test_425,0.27101008210079136,0.06329609328930282,0.25192550435867483,0.41376832025123067
Test_426,0.394556165327487,0.030485869619610514,0.4135387996349073,0.16141916541799567
Test_427,0.20778652050381216,0.04652328748168013,0.31516930396751985,0.43052088804698807
Test_428,0.523340914329474,0.024197598871514008,0.19941461890281256,0.2530468678961994
Test_429,0.09077943846116723,0.09370636992943418,0.5275981428381604,0.28791604877123816
Test_430,0.4608538618169712,0.08890205689344265,0.28421512439804836,0.16602895689153793
Test_431,0.25767983304999686,0.07109414879630899,0.1561193303800613,0.5151066877736331
Test_432,0.39314495970663615,0.04795525393259796,0.21933911141129053,0.3395606749494751
Test_433,0.12136157890265219,0.03974082422532444,0.24344961464771045,0.5954479822243127
Test_434,0.18933492465920237,0.06198753004613137,0.42072650238187187,0.32795104291279414
Test_435,0.11887266423372914,0.054900078297764096,0.38204942934725217,0.44417782812125456
Test_436,0.24771380216609565,0.06668510055485431,0.4072229042196408,0.2783781930594088
Test_437,0.24843813046804827,0.06239651004289925,0.25189468632799983,0.43727067316105306
Test_438,0.15902504541979035,0.0684819483437804,0.2858072167441668,0.48668578949226227
Test_439,0.24925904442567623,0.04761587776521648,0.5244575130122133,0.17866756479689427
Test_440,0.2448371642650318,0.09075400546978561,0.4426132206108561,0.22179560965432657
Test_441,0.1672611182630796,0.046799796032699924,0.4049180469701484,0.3810210387340721
Test_442,0.23658259965877693,0.047211720414900245,0.2864343882338917,0.42977129169243117
Test_443,0.37865044927957286,0.0465798585102598,0.24362111052438182,0.33114858168578554
Test_444,0.2503844303917116,0.03888735957659791,0.31820387316604004,0.39252433686565036
Test_445,0.16479192859927838,0.04348870267707897,0.2319439805447696,0.5597753881788732
Test_446,0.3758231903572665,0.038647944942088126,0.46437972773087927,0.12114913696976609
Test_447,0.28025874368551,0.0781038597693121,0.5091058071381808,0.13253158940699736
Test_448,0.3572317261766821,0.0637433668156544,0.234301048230888,0.3447238587767756
Test_449,0.19106912817475188,0.022781068250825875,0.2880681809674574,0.4980816226069646
Test_450,0.4434375057659233,0.049570856355017005,0.1802830902621331,0.3267085476169267
Test_451,0.1709611332776559,0.06204453972666317,0.3409075815184813,0.42608674547719955
Test_452,0.110012657081553,0.07261507293786626,0.3102675544384246,0.5071047155421566
Test_453,0.14950397928200176,0.06351169826018004,0.5046845016406937,0.2822998208171247
Test_454,0.21449116670133844,0.10708804791753673,0.26908986901682186,0.40933091636430313
Test_455,0.3336852076148235,0.02039786856319019,0.17593062974666496,0.46998629407532144
Test_456,0.10300643372391617,0.04611812753452545,0.2412059604699879,0.6096694782715706
