image_id,healthy,multiple_diseases,rust,scab
Test_0,0.13664638435305776,0.038829234749493534,0.7399143053778915,0.0846100755195572
Test_1,0.10772775707407097,0.021844644326600583,0.7191741226454712,0.1512534759538572
Test_2,0.1449192009492558,0.058378721322609864,0.45804434765189095,0.3386577300762432
Test_3,0.6147123329056275,0.007866485524672692,0.27150228596413206,0.10591889560556773
Test_4,0.0743534606660627,0.060552733089241195,0.7760263447763154,0.0890674614683806
Test_5,0.3681609726879771,0.06819407866349496,0.49250093934253636,0.07114400930599184
Test_6,0.11032112608233442,0.08159098416606503,0.22799366414355338,0.5800942256080474
Test_7,0.18411814640363366,0.06763137952038725,0.13576783616216412,0.6124826379138146
Test_8,0.10819681126742728,0.10156516398812537,0.30709531561339937,0.483142709131048
Test_9,0.5952181130994624,0.07511739409455472,0.29324688347609856,0.036417609329884054
Test_10,0.2770111516759707,0.005347902922229584,0.4654774695904925,0.25216347581130727
Test_11,0.3807468621672076,0.0745122429935559,0.4897131303380942,0.05502776450114221
Test_12,0.19915911264256186,0.05572249807715085,0.2875071552967602,0.45761123398352704
Test_13,0.6073461570228987,0.04799434873863247,0.2467693719134861,0.09789012232498288
Test_14,0.32424436159624187,0.06832563456148763,0.4165472465788142,0.1908827572634565
Test_15,0.3912520896877657,0.015490925660439617,0.41707825664816944,0.17617872800362533
Test_16,0.3151548835639584,0.013216474343685617,0.15210550231415892,0.5195231397781972
Test_17,0.0368098453548717,0.0704194846884519,0.10316696696584239,0.7896037029908342
Test_18,0.0868251788475742,0.059196606276459826,0.3036769669403728,0.5503012479355933
Test_19,0.3072700049342931,0.0454768932277461,0.37282745524897815,0.2744256465889827
Test_20,0.3066342228974322,0.0534766331496623,0.17935627956704184,0.4605328643858634
Test_21,0.26281720526299246,0.015999322256089042,0.19767230652911072,0.5235111659518079
Test_22,0.33071580769931713,0.048677007847059584,0.4648484147457766,0.1557587697078468
Test_23,0.30314499295025743,0.02489449891371503,0.042511596008961004,0.6294489121270666
Test_24,0.3081060724241566,0.1202114825134991,0.08667100590865942,0.48501143915368466
Test_25,0.31305743723332485,0.020463684050854847,0.4724708294826261,0.19400804923319448
Test_26,0.14406451480666907,0.08954899014675119,0.314360790281392,0.45202570476518744
Test_27,0.18596555401935008,0.05053110461282901,0.6583877148399874,0.1051156265278337
Test_28,0.6735509738726144,0.038852437801324566,0.22351188842931863,0.06408469989674213
Test_29,0.11292265103622223,0.13891793545416226,0.562853410594967,0.18530600291464852
Test_30,0.565834836020551,0.004417626812218697,0.21417454030878105,0.21557299685844922
Test_31,0.745921299766952,0.008247966092675106,0.22906148608803145,0.016769248052341486
Test_32,0.0855613911972966,0.07519241933507677,0.20590092900690127,0.6333452604607253
Test_33,0.1274808036675316,0.06830604137463173,0.1651760926013513,0.6390370623564857
Test_34,0.2784822512539718,0.059876209584612,0.6036175792187364,0.05802395994267973
Test_35,0.10047961679093415,0.02241415114594201,0.09785424251653571,0.779251989546588
Test_36,0.1994113822781272,0.035062425236094284,0.5883668951664868,0.17715929731929167
Test_37,0.1058277822968627,0.04049099787724237,0.4233374617026306,0.43034375812326425
Test_38,0.19932149203866809,0.024783530928956195,0.453227601011369,0.3226673760210067
Test_39,0.08891132810327042,0.09818008842737294,0.21365454242411488,0.5992540410452418
Test_40,0.06230599776151423,0.031228291991515316,0.6630466910859807,0.2434190191609895
Test_41,0.23985414801815347,0.12039770339472841,0.5657044094616274,0.07404373912549075
Test_42,0.05173432937645757,0.05819380546863638,0.11351881460141233,0.7765530505534937
Test_43,0.07585830896961925,0.014294028585019844,0.6309458813487475,0.27890178109661334
Test_44,0.17422859771751978,0.07281801881483227,0.17484569607364916,0.5781076873939983
Test_45,0.23325586470635845,0.09783946505236153,0.4866688466726275,0.1822358235686529
Test_46,0.4750458769684177,0.03304861876929733,0.2590926128870145,0.2328128913752703
Test_47,0.3425502444043937,0.04696729873018594,0.39307639000961164,0.21740606685580854
Test_48,0.04716250979160789,0.05718222836652003,0.5467441790107964,0.34891108283107564
Test_49,0.1366495975762596,0.015937439150519064,0.4095250106627773,0.4378879526104442
Test_50,0.20429414570935828,0.036890836190233596,0.49168045425801343,0.2671345638423947
Test_51,0.2593313217237504,0.004280943133253954,0.7017994036897621,0.034588331453233444
Test_52,0.16605260176074382,0.04389950338030944,0.5897964178563689,0.2002514770025775
Test_53,0.22514966607573042,0.036032584160525835,0.675081762797301,0.06373598696644278
Test_54,0.16906318906879564,0.048375260129062826,0.6469273688475704,0.1356341819545714
Test_55,0.5125474315491567,0.003183975492562652,0.3719100222969143,0.11235857066136645
Test_56,0.25443648807826624,0.04615372211088153,0.45263228889599977,0.24677750091485226
Test_57,0.2875812703939365,0.07407542760499601,0.2043608461849645,0.43398245581610295
Test_58,0.2099027049863509,0.03391089620983031,0.3858957525984403,0.37029064620537855
Test_59,0.06482128084344727,0.08196559251207519,0.243255795009194,0.6099573316352834
Test_60,0.11882038237705428,0.025991373309407935,0.4341639645622274,0.4210242797513106
Test_61,0.2579882777862769,0.07518442831368702,0.5874593847276218,0.07936790917241401
Test_62,0.2433185962919008,0.04875209274783379,0.2672970861110957,0.4406322248491695
Test_63,0.23713757397303123,0.03962995997526972,0.6366544201741697,0.08657804587752928
Test_64,0.2877608142474685,0.025163421768795827,0.3544809242914291,0.3325948396923068
Test_65,0.5145407699174285,0.03359251722052387,0.1271511417388292,0.32471557112321886
Test_66,0.3373034598772615,0.14338299023128595,0.35700744105903404,0.16230610883241817
Test_67,0.1264249503251875,0.09554267475783029,0.33960545874586906,0.43842691617111307
Test_68,0.340769734321879,0.046076955712938544,0.507597984358447,0.10555532560673547
Test_69,0.2862349599190217,0.08426280548153245,0.31557021490216935,0.3139320196972769
Test_70,0.1948283919296608,0.07133459997524773,0.27392837895664013,0.4599086291384516
Test_71,0.2745403454591776,0.046562756098859175,0.4531049742866026,0.22579192415536056
Test_72,0.3248225645159067,0.05546910935684763,0.5152135070936245,0.1044948190336214
Test_73,0.4382284950743045,0.05147608776475409,0.41950995299760085,0.09078546416334034
Test_74,0.3044744294167449,0.06377095601862043,0.2056390750462804,0.4261155395183542
Test_75,0.10544378150403456,0.08510648912081722,0.1912430400645545,0.6182066893105936
Test_76,0.11708053795968396,0.006229249297625388,0.02600830446448461,0.850681908278206
Test_77,0.302133692257803,0.047454563750120485,0.26168720733405776,0.3887245366580188
Test_78,0.0647623531544987,0.062131955714905665,0.21012713466567673,0.6629785564649191
Test_79,0.3490213506611403,0.030591441538381035,0.5462135533544995,0.07417365444597941
Test_80,0.14694774030349483,0.12637476309972612,0.2808161197152371,0.4458613768815422
Test_81,0.17977134145996979,0.0401961364035134,0.6083756164071282,0.1716569057293888
Test_82,0.03796531713614848,0.0481213123479139,0.271612785197182,0.6423005853187554
Test_83,0.17692785092775803,0.04021953002961072,0.06728419664520124,0.7155684223974298
Test_84,0.16042319278379594,0.05656470222309655,0.5897679488686126,0.1932441561244952
Test_85,0.20425856494325678,0.06176071162287366,0.19230761629930976,0.5416731071345597
Test_86,0.35152035790799374,0.03251943497532233,0.28643355758015693,0.3295266495365269
Test_87,0.18786312038053332,0.07667677656032695,0.39592891610347464,0.33953118695566514
Test_88,0.030769030749805134,0.10623161046553416,0.13197451122923196,0.7310248475554288
Test_89,0.580527241444647,0.023906988657361048,0.28398899580980613,0.1115767740881857
Test_90,0.057905054394951326,0.04015632735913843,0.3324743758506735,0.5694642423952367
Test_91,0.5063437629937627,0.011393295234422928,0.20439591154876555,0.2778670302230487
Test_92,0.23684812911863617,0.01708567703200416,0.14707017168466757,0.598996022164692
Test_93,0.2871853793839479,0.04317630591308999,0.2702438174103815,0.39939449729258075
Test_94,0.08569131059346313,0.049183219013104004,0.130489822441089,0.7346356479523438
Test_95,0.1635424179608143,0.05152161564353447,0.5943250648115623,0.19061090158408925
Test_96,0.10402210738066238,0.043559608008745844,0.19156725845110648,0.6608510261594851
Test_97,0.3160968099537304,0.010940557090830095,0.5847730207680442,0.08818961218739545
Test_98,0.35056518655905294,0.058133614485816554,0.19716888652365105,0.3941323124314795
Test_99,0.21222996830585586,0.09629227054698965,0.5513606601249057,0.14011710102224897
Test_100,0.09385922734399144,0.08794147688714062,0.21011338865956622,0.6080859071093018
Test_101,0.15497581941044983,0.028995424520398418,0.7626700779529996,0.05335867811615223
Test_102,0.12975964331105738,0.03406608384858561,0.4952412896856552,0.3409329831547019
Test_103,0.5863778290836851,0.018342714276084856,0.2743053612627602,0.12097409537747018
Test_104,0.16297292137557157,0.07545293993129852,0.16451719135597437,0.5970569473371554
Test_105,0.30084707463612603,0.06217488582014641,0.16761112181344032,0.469366917730287
Test_106,0.1101715525375996,0.01987594612409014,0.227875288207155,0.6420772131311551
Test_107,0.15296999158466953,0.04168356580009551,0.6064512419526968,0.1988952006625379
Test_108,0.24630117585362427,0.07405877939601645,0.23328840829679043,0.446351636453569
Test_109,0.36479438565958205,0.1368505682951155,0.36395129287384087,0.13440375317146167
Test_110,0.4307710811396498,0.06696426506710457,0.3636977202165909,0.1385669335766545
Test_111,0.15758562261362596,0.07245170025157402,0.34262249927198907,0.42734017786281087
Test_112,0.020243151827909936,0.040985733468233934,0.039052027300751045,0.8997190874031051
Test_113,0.17747301868814952,0.08968823242300461,0.08880115823506261,0.6440375906537836
Test_114,0.11138508063178433,0.030098158851136664,0.7092959527671026,0.14922080774997631
Test_115,0.23082639636928365,0.012440369101567964,0.4863229325812218,0.2704103019479268
Test_116,0.16843153087787432,0.04088996351127798,0.3456213129348914,0.44505719267595634
Test_117,0.27231790373268483,0.06408141350053065,0.431082133057542,0.2325185497092427
Test_118,0.1403254030623792,0.03369310639597909,0.6024767850575877,0.22350470548405393
Test_119,0.8234747574362022,0.03395450174633645,0.11431147574525567,0.02825926507220541
Test_120,0.3687898020029618,0.05354061617557272,0.3369600059854087,0.2407095758360567
Test_121,0.41525995154715356,0.083180113266975,0.28860433241423217,0.2129556027716392
Test_122,0.21100986221547793,0.012994750574786431,0.26599581240216985,0.5099995748075657
Test_123,0.038051042861538834,0.10065104868225837,0.5672708508748446,0.2940270575813582
Test_124,0.1790068419955749,0.042226371924461034,0.44990046904508146,0.3288663170348828
Test_125,0.5342971780833216,0.01153761251648883,0.15207190982402377,0.3020932995761658
Test_126,0.7937389422546903,0.027330205586403963,0.12397587317578172,0.05495497898312402
Test_127,0.3584525989045835,0.028654535340601407,0.17193355094799725,0.44095931480681777
Test_128,0.1629190220639263,0.026415579344316428,0.1704103457931886,0.6402550527985689
Test_129,0.21709308812197706,0.11170761439224292,0.3665407410714872,0.30465855641429274
Test_130,0.25900939027561554,0.027867029944526563,0.4457537996020087,0.2673697801778493
Test_131,0.1441445296333516,0.07343540688813777,0.3701238850891755,0.41229617838933474
Test_132,0.5639011499551997,0.02786171532336221,0.2841612894069184,0.12407584531451969
Test_133,0.15816205736253694,0.08429475968438675,0.17444389519715253,0.5830992877559239
Test_134,0.21697670871992816,0.051566724074932214,0.21823584192501502,0.5132207252801251
Test_135,0.16391284637625064,0.0761317388577156,0.18348367227561654,0.5764717424904171
Test_136,0.03333873516206653,0.021742104660866297,0.6829635774930328,0.2619555826840343
Test_137,0.27378306284738807,0.07034633618497264,0.47153270816318216,0.1843378928044571
Test_138,0.1194921180269221,0.09730642000016285,0.6432798157986995,0.13992164617421565
Test_139,0.5057252900166125,0.040804520035829295,0.19136336923446884,0.2621068207130892
Test_140,0.06490670403182759,0.062423115824211894,0.3857289412071073,0.4869412389368532
Test_141,0.18586667673713847,0.040154258211097235,0.6292628961077587,0.1447161689440057
Test_142,0.32965153455279417,0.03895968305717644,0.05652734969034049,0.574861432699689
Test_143,0.15475016975264,0.06919220779917401,0.4495020884853761,0.32655553396281
Test_144,0.4968883084039692,0.011521688267144229,0.2550929041112964,0.23649709921759
Test_145,0.4232028394593969,0.09808796043775767,0.18684297942792127,0.291866220674924
Test_146,0.13931181986826696,0.09560163094913716,0.6064621212164376,0.15862442796615822
Test_147,0.12977164281954262,0.003218452649875434,0.8165338802653977,0.050476024265184154
Test_148,0.4947921974524855,0.0912770017160272,0.2021131046848447,0.21181769614664245
Test_149,0.18457353168580273,0.04434644328243837,0.3489585637684449,0.4221214612633138
Test_150,0.08725170585736355,0.08106736268024486,0.311457941328289,0.5202229901341023
Test_151,0.4259302450459372,0.045806501257149614,0.3993392013179662,0.12892405237894683
Test_152,0.06231483526050004,0.11877651160175222,0.10900907509008977,0.7098995780476578
Test_153,0.10502061767886847,0.053251345551814516,0.411346247942553,0.43038178882676414
Test_154,0.36405619484397983,0.1425295017322095,0.28926565680548283,0.20414864661832746
Test_155,0.1187446803001776,0.03747539181685839,0.3259174047631392,0.5178625231198248
Test_156,0.6631978057976942,0.036844786379282755,0.04151981214646121,0.25843759567656216
Test_157,0.13372908881818035,0.08571786367853164,0.6643277169914283,0.11622533051185947
Test_158,0.1540273107243196,0.050257440126389094,0.15645696299131823,0.639258286157973
Test_159,0.17131996067995575,0.01259838850439948,0.1897233242272188,0.6263583265884262
Test_160,0.5981272058900672,0.002655041386120241,0.3900869501644548,0.009130802559357684
Test_161,0.266316459730611,0.04106914460230035,0.36460217488687313,0.3280122207802156
Test_162,0.14090770783078155,0.051178956900708734,0.5153331140504843,0.2925802212180257
Test_163,0.4968426899107462,0.06307693086708949,0.32208761098704775,0.11799276823511647
Test_164,0.21691707308345312,0.049449589165209015,0.23866675419878763,0.49496658355254997
Test_165,0.17963175317749216,0.06463475626322061,0.518317544262197,0.23741594629709015
Test_166,0.17646423389587507,0.05359235678578914,0.47176769069594005,0.2981757186223958
Test_167,0.20572145032369302,0.0869073428828493,0.3447835623927941,0.36258764440066354
Test_168,0.28028856405318053,0.0733223030231959,0.39556799899522466,0.25082113392839894
Test_169,0.44632348058349536,0.04846354332705824,0.23320847444065723,0.27200450164878914
Test_170,0.22738772860861364,0.09714376756706557,0.27413351146738163,0.4013349923569389
Test_171,0.1970441321162179,0.0030104160836418223,0.756265421153663,0.04368003064647711
Test_172,0.07430865454723669,0.10416312756690646,0.5707968305354901,0.2507313873503666
Test_173,0.1940115516998291,0.04334449049741741,0.6829167610539438,0.07972719674880972
Test_174,0.2634507065465573,0.03635757073038382,0.32256646573543124,0.3776252569876277
Test_175,0.15150857788643882,0.03423395602445278,0.6347390591492631,0.17951840693984564
Test_176,0.25598462913022757,0.046620076401951795,0.28320983722009857,0.41418545724772193
Test_177,0.21073156613921107,0.06978207792853963,0.1540364411455553,0.5654499147866937
Test_178,0.14879268294378487,0.011343519746642359,0.05882972895292712,0.7810340683566456
Test_179,0.28370294368248716,0.06516395981588476,0.45974111281563473,0.1913919836859933
Test_180,0.09260670852472602,0.03363776225805448,0.30846813312055543,0.5652873960966641
Test_181,0.20733377931366795,0.09272339778358851,0.24298331069334492,0.4569595122093987
Test_182,0.07340816530475126,0.13779252052509228,0.5304519965422775,0.25834731762787905
Test_183,0.2418797476335708,0.041801590304125086,0.6566795559280538,0.059639106134250275
Test_184,0.2917552564491367,0.04035219526242461,0.552080523729057,0.11581202455938165
Test_185,0.25268978298080097,0.03682700933869312,0.26889010296849203,0.44159310471201385
Test_186,0.11206968894403693,0.06532434709861697,0.07964741690396898,0.7429585470533774
Test_187,0.28477230914618273,0.07485062105294246,0.3702357841915127,0.2701412856093622
Test_188,0.20814024930591302,0.07991842722548137,0.44020606693282704,0.2717352565357786
Test_189,0.26210469399122055,0.06748155875871895,0.24914130193107786,0.4212724453189826
Test_190,0.4182696823743331,0.05348162574096698,0.1281391459897101,0.40010954589498965
Test_191,0.5775256574746349,0.027481074577715165,0.3103468463357827,0.0846464216118672
Test_192,0.26785751014230513,0.045289029235044,0.31277640845448607,0.3740770521681644
Test_193,0.18883743115151425,0.04953986563271339,0.6007338236261651,0.1608888795896069
Test_194,0.1697288361879155,0.15833470782490813,0.5337612595201994,0.1381751964669773
Test_195,0.1506642868647383,0.08099913682260758,0.35227442529843345,0.4160621510142205
Test_196,0.15470631065735618,0.026776142595327842,0.2904437601049829,0.5280737866423331
Test_197,0.12353444855159212,0.0932487964775607,0.17632250596912052,0.6068942490017265
Test_198,0.5242790880946451,0.038789967487632644,0.15338381516013344,0.2835471292575888
Test_199,0.3221002387228518,0.17971154800786676,0.4506598725081882,0.047528340761093135
Test_200,0.18836419117692577,0.030899249366518205,0.17139920466371314,0.6093373547928429
Test_201,0.0734624528312612,0.06039025556630526,0.3822455282720968,0.4839017633303368
Test_202,0.05576959578904982,0.09385416505533775,0.5074268852645696,0.34294935389104275
Test_203,0.1559780139921897,0.10655609107044345,0.5194456118671424,0.2180202830702244
Test_204,0.08999965159048863,0.06963632024732803,0.2122789303129904,0.6280850978491926
Test_205,0.08674298087632878,0.05941794786705872,0.07577431687215974,0.778064754384453
Test_206,0.18597332463525568,0.06830722088223477,0.21126662176211955,0.5344528327203898
Test_207,0.04821332520537273,0.06624865503005523,0.19113097346954652,0.6944070462950255
Test_208,0.6633348398680602,0.004724770410457484,0.15759003822260825,0.1743503514988741
Test_209,0.2379573086982908,0.05821014642154232,0.46167450795454595,0.24215803692562085
Test_210,0.5226669957671463,0.005271540694882956,0.3625427735499524,0.1095186899880182
Test_211,0.20895799716971236,0.07709013475052676,0.3983640440675599,0.31558782401220115
Test_212,0.008874060273573741,0.012829764823986855,0.9269528142232678,0.05134336067917174
Test_213,0.822474501919635,0.02128377439569292,0.03272256818133118,0.1235191555033408
Test_214,0.46704462091100524,0.05597694778839931,0.28873517198092635,0.1882432593196692
Test_215,0.23132428520607398,0.03640288612678513,0.2880323960477756,0.4442404326193656
Test_216,0.15739210065263598,0.025754321518790882,0.6653449803135923,0.15150859751498094
Test_217,0.29417752593026514,0.06103445378079827,0.06323332806539286,0.5815546922235436
Test_218,0.6401981931275296,0.05371569571780638,0.2617706777236558,0.04431543343100821
Test_219,0.5284386889148511,0.03924560599723709,0.39292632208504596,0.039389383002865555
Test_220,0.10715056298444725,0.04843283636094267,0.18075867179545993,0.6636579288591504
Test_221,0.16970708587333377,0.09265266540614266,0.522330446931839,0.21530980178868442
Test_222,0.22227268814417658,0.032115025479972435,0.23983629612482002,0.5057759902510308
Test_223,0.2041587608953864,0.043644381593340505,0.38457740883550173,0.3676194486757712
Test_224,0.3870051975729174,0.047664459061155115,0.46820084789779265,0.09712949546813508
Test_225,0.7581317145454064,0.032983582270553154,0.14105267573832853,0.06783202744571179
Test_226,0.14170827702429054,0.12057107560606152,0.545710256637994,0.19201039073165396
Test_227,0.07257481354707905,0.028536574686592923,0.29112712911225086,0.6077614826540777
Test_228,0.15198621826146183,0.022113751836762032,0.6655788695944291,0.1603211603073471
Test_229,0.08953095827995339,0.06251814089122532,0.7195145750220338,0.12843632580678718
Test_230,0.2197323204700709,0.03639543779968943,0.42032945632622,0.3235427854040196
Test_231,0.10624430826716388,0.020813136181087717,0.11247909988906632,0.760463455662682
Test_232,0.21424573794372204,0.038255095181212784,0.25214178821659256,0.49535737865847246
Test_233,0.2209909459252421,0.04427218337739145,0.43416522245112327,0.30057164824624294
Test_234,0.26466160603849226,0.04320623654271039,0.491097192259718,0.2010349651590794
Test_235,0.1675694069670801,0.07538369987760982,0.23913797025409753,0.5179089229012126
Test_236,0.2524381563945783,0.043233107042095584,0.07432693268974697,0.6300018038735791
Test_237,0.11520800828320833,0.24050578203223427,0.5299562647525561,0.11432994493200158
Test_238,0.49546028569131745,0.03491669938727525,0.36187882671814947,0.10774418820325762
Test_239,0.42688458111565575,0.05128658231695891,0.1636849183480841,0.358143918219301
Test_240,0.1107886728132311,0.07328479553586104,0.5324536500641025,0.28347288158680545
Test_241,0.0370940483091174,0.12130039744037387,0.227001750004351,0.6146038042461576
Test_242,0.15564274292492863,0.040385168022734806,0.1689718781451073,0.635000210907229
Test_243,0.44109275315444973,0.03716623623332384,0.4517075775852896,0.0700334330269365
Test_244,0.21392043477669992,0.043411061522796925,0.2528610581562809,0.4898074455442223
Test_245,0.0982261239056728,0.049800951875021975,0.5847045706237528,0.2672683535955521
Test_246,0.17344482167326336,0.0625594439185605,0.19668139433143647,0.5673143400767398
Test_247,0.16031593602491248,0.06172700555152069,0.21498754406059958,0.5629695143629674
Test_248,0.1157832141128897,0.06195211299059224,0.25218003062821814,0.5700846422682997
Test_249,0.2502152399648855,0.07090597823821021,0.2437795805358129,0.4350992012610915
Test_250,0.876032706140913,0.0012089157344817112,0.12058278600164113,0.002175592122964263
Test_251,0.3412356109361478,0.05150000575790083,0.304669209000449,0.30259517430550215
Test_252,0.06658521296508656,0.02757964779561814,0.7619890179604086,0.14384612127888624
Test_253,0.09498482707383878,0.06926794431877861,0.04490629045074147,0.7908409381566408
Test_254,0.1932576972941016,0.0861756105348743,0.3399347368151446,0.3806319553558791
Test_255,0.23194734408398862,0.0692184614722918,0.24051123866757165,0.458322955776148
Test_256,0.04235946376639971,0.06268078577434294,0.06859638822325667,0.8263633622360004
Test_257,0.33075473506102365,0.016742522379946313,0.6398987297893883,0.012604012769641855
Test_258,0.2697247646423893,0.06893231838794883,0.49871141987580603,0.16263149709385594
Test_259,0.5407424809704197,0.08138120278622477,0.2486911706808973,0.1291851455624583
Test_260,0.10856394303574421,0.07188761048268084,0.21390756954770487,0.60564087693387
Test_261,0.09132066924725643,0.030752119283400416,0.4637320430107721,0.41419516845857085
Test_262,0.3975049478771895,0.07171387538942485,0.3079190929457896,0.22286208378759595
Test_263,0.6290448828524713,0.0145726669514528,0.0979884826496376,0.25839396754643856
Test_264,0.45561938600552043,0.029056714242029213,0.48094779649457153,0.034376103257878814
Test_265,0.31161633120853405,0.03602580171514665,0.26696435077727865,0.3853935162990406
Test_266,0.051092594232149714,0.0670545701512134,0.12061845598762302,0.7612343796290141
Test_267,0.4701815208806769,0.04230997367921137,0.07325510614717307,0.41425339929293875
Test_268,0.07127563380934543,0.11305260098837787,0.18925002709147473,0.6264217381108019
Test_269,0.3337657449293982,0.08588430553394591,0.31819346072421856,0.26215648881243736
Test_270,0.05896792276189698,0.077807868608353,0.1713670068926993,0.691857201737051
Test_271,0.13790541840831178,0.08316447271647838,0.32852468738762675,0.4504054214875831
Test_272,0.4013222728745198,0.10863022943787458,0.31256448343632653,0.17748301425127933
Test_273,0.3652454027836362,0.06340379529097556,0.35949210418825045,0.2118586977371377
Test_274,0.09533217377963714,0.0819556849521817,0.22288781188726803,0.599824329380913
Test_275,0.8795099531764107,0.004664140518988251,0.016662638615407958,0.09916326768919301
Test_276,0.06048753127753988,0.08809157457468425,0.1903883168191449,0.6610325773286306
Test_277,0.3253927764867332,0.04624720931437549,0.08834812651494141,0.5400118876839499
Test_278,0.2584972124802383,0.04737797367610161,0.15655954907316313,0.5375652647704968
Test_279,0.45789151611054035,0.042888011392287574,0.4339265815517011,0.06529389094547096
Test_280,0.13566463459854688,0.041358221138697956,0.5031520162189631,0.3198251280437921
Test_281,0.1507918272672777,0.06801380771178432,0.2881530817761861,0.49304128324475216
Test_282,0.2031424476526596,0.09111396746771534,0.4881863044113217,0.21755728046830305
Test_283,0.3697668522025029,0.033725441028134656,0.06775680152467431,0.5287509052446882
Test_284,0.3761920457824884,0.0020235674869486797,0.6079108620433127,0.013873524687250614
Test_285,0.1986934985795451,0.06985091010038234,0.29390559335064387,0.43754999796942834
Test_286,0.07187099898283093,0.058032149691167184,0.5097612567685572,0.36033559455744457
Test_287,0.23790651687922304,0.06675004597138873,0.4159801394019832,0.27936329774740487
Test_288,0.12965795215876808,0.062230395133600534,0.277638003888905,0.5304736488187267
Test_289,0.14611842186431756,0.005946283226412578,0.17718294842790422,0.6707523464813654
Test_290,0.19931942702232,0.06925218258086456,0.3209344315814324,0.4104939588153831
Test_291,0.37267108457366593,0.09548265322777495,0.29311482184202,0.23873144035653918
Test_292,0.4283335605606727,0.013255442067216277,0.5065514499008898,0.0518595474712212
Test_293,0.20643179431150646,0.038018114005927035,0.5868029811571528,0.16874711052541383
Test_294,0.11171964921982795,0.06151863054743671,0.3829837262827385,0.44377799394999684
Test_295,0.17777859725329212,0.033885577000930436,0.2906349537311864,0.4977008720145911
Test_296,0.11707730638214137,0.07218642228311137,0.34230998945469554,0.4684262818800515
Test_297,0.05561662069305814,0.07595154667353644,0.09141571029177528,0.7770161223416303
Test_298,0.12406946071964092,0.029478845626232823,0.6830469363377745,0.1634047573163519
Test_299,0.5465568518243491,0.04369268023320322,0.1096996281184713,0.3000508398239767
Test_300,0.28452212481918504,0.11003590073457727,0.3226789315169227,0.28276304292931537
Test_301,0.23679242427212222,0.06748778653693327,0.18145699153258418,0.5142627976583605
Test_302,0.20021701908739903,0.06182145836625882,0.463665160604085,0.27429636194225737
Test_303,0.40252489434328176,0.07720293734742828,0.36465614994660756,0.15561601836268238
Test_304,0.6504581504382273,0.039751652025584665,0.26712624786168115,0.04266394967450673
Test_305,0.27778815646089117,0.10220276812917464,0.3704042373784757,0.24960483803145855
Test_306,0.28912735576127147,0.029322781782061384,0.5134345921185075,0.16811527033815968
Test_307,0.5736297151045477,0.04194184145253903,0.3422646633947572,0.0421637800481559
Test_308,0.30377560438805157,0.04823926486109116,0.2727414606967631,0.3752436700540939
Test_309,0.08966188230294916,0.06312604354650901,0.06345077447538132,0.7837612996751605
Test_310,0.13398691524703582,0.17530102890380378,0.546837036771527,0.14387501907763353
Test_311,0.2957822474947315,0.003631132642301815,0.6474772263954331,0.053109393467533524
Test_312,0.04750819992739385,0.044481056850419955,0.11290040938236538,0.7951103338398209
Test_313,0.18405563771325595,0.08583936057634653,0.256008200894818,0.4740968008155791
Test_314,0.15441197640312676,0.10648353900402292,0.37730499804278106,0.36179948655006927
Test_315,0.11706315238077096,0.1177541546548214,0.32468854978498696,0.4404941431794209
Test_316,0.3808950608728897,0.02848442741189859,0.1557709263862667,0.43484958532894497
Test_317,0.21513652329995028,0.026194066905420428,0.5535978823385033,0.20507152745612595
Test_318,0.06690077492026479,0.0828699703165765,0.11102480636561499,0.7392044483975436
Test_319,0.5154464894407557,0.01747321687141744,0.4080951259972483,0.05898516769057844
Test_320,0.42315716557736743,0.0648362160667938,0.3647180472778814,0.14728857107795745
Test_321,0.43573354404659176,0.07206880806211927,0.3051750465047611,0.18702260138652776
Test_322,0.18800012773976546,0.03905048999675577,0.6789182067827892,0.0940311754806897
Test_323,0.042217842741187776,0.10391922375064781,0.38261541333937493,0.4712475201687897
Test_324,0.6222802533168997,0.08385215300063277,0.16921976214402357,0.12464783153844404
Test_325,0.44077028368071086,0.06267262925055511,0.2385129077976208,0.25804417927111317
Test_326,0.24023965599224348,0.042303293707917466,0.12038255399959562,0.5970744963002435
Test_327,0.21441796875495214,0.04496799354135179,0.3848345499778408,0.35577948772585527
Test_328,0.3358167049048689,0.11899298468207378,0.21532477893001345,0.3298655314830441
Test_329,0.3163200777019166,0.09452869328812258,0.10405586449063252,0.4850953645193277
Test_330,0.16133560912212058,0.07947991199334922,0.19122793455149573,0.5679565443330342
Test_331,0.23790009609575047,0.09743992306382068,0.16326991838521426,0.5013900624552152
Test_332,0.31964995932036466,0.06388898963676844,0.454896306442999,0.16156474459986817
Test_333,0.16353434130773958,0.047969120852624156,0.2747818914870961,0.51371464635254
Test_334,0.1897380028488896,0.10022574588335284,0.5122979289610342,0.19773832230672334
Test_335,0.3944642938398345,0.06737261825435435,0.2291718790580459,0.30899120884776565
Test_336,0.16803267333435448,0.09115063740552992,0.5960379093760453,0.14477877988407042
Test_337,0.2600929816261227,0.01680453373583775,0.3915494790060324,0.33155300563200724
Test_338,0.5970778948443503,0.04148073361087254,0.2429309978614166,0.1185103736833607
Test_339,0.4141118743806868,0.06245703072659875,0.2675606158059462,0.2558704790867683
Test_340,0.1553824420863832,0.01779986931561264,0.8073495353117874,0.019468153286216785
Test_341,0.3404309658478372,0.08810201255145256,0.2319633625643237,0.3395036590363867
Test_342,0.25329945985030516,0.0317135381463453,0.562022363584219,0.15296463841913083
Test_343,0.24493604067389635,0.21600892484094045,0.08379654947605626,0.45525848500910704
Test_344,0.13616297739285013,0.06687424321792408,0.4293584609673798,0.3676043184218459
Test_345,0.23607244777481012,0.030447004326276995,0.5278567058862189,0.205623842012694
Test_346,0.29725474480347586,0.05993627510110021,0.3507473366920674,0.2920616434033569
Test_347,0.14587482340143434,0.06750683572052095,0.26333848386663977,0.5232798570114049
Test_348,0.060393819478369304,0.04660716353371374,0.6289625031117392,0.26403651387617744
Test_349,0.22400231765236872,0.05828826719709273,0.49603735157799794,0.22167206357254074
Test_350,0.4644465372209848,0.09264597055802284,0.23555499934285865,0.20735249287813337
Test_351,0.30881967792033643,0.029805189099021894,0.4140185254826841,0.24735660749795751
Test_352,0.022155079815298035,0.11471884522537874,0.08692564831572641,0.7762004266435966
Test_353,0.2911086409957841,0.12152457785935465,0.09629825682569662,0.49106852431916465
Test_354,0.35900188128607513,0.10421266525034668,0.275227148467789,0.2615583049957891
Test_355,0.3932733204498167,0.023690039105425782,0.17868016425349634,0.4043564761912613
Test_356,0.5554764272226415,0.00438557990398057,0.4260591263995061,0.014078866473871724
Test_357,0.7813587888553684,0.01797837120008516,0.12656402270951658,0.07409881723502965
Test_358,0.11912870970503209,0.06726889108756978,0.5984026488067743,0.21519975040062397
Test_359,0.07389257711964911,0.05231168653816104,0.1010546160172054,0.7727411203249844
Test_360,0.2884707351543781,0.054592324912101586,0.33707104028728885,0.3198658996462313
Test_361,0.25273612128933354,0.05061257213802103,0.2595812946742469,0.4370700118983984
Test_362,0.19230491630737637,0.10634011003021482,0.15197333850839578,0.549381635154013
Test_363,0.25537295005865646,0.004155169563216983,0.6984678722565933,0.04200400812153337
Test_364,0.5061903207435337,0.03903725999656641,0.3959556643981967,0.05881675486170323
Test_365,0.35446946083128944,0.07964022298241613,0.5080414118145531,0.05784890437174137
Test_366,0.07137860625832795,0.06786895554055204,0.3653869876983355,0.4953654505027842
Test_367,0.09184289248555837,0.03195065506061265,0.3925449109118752,0.4836615415419535
Test_368,0.32013363309394277,0.07007214260343536,0.39524309805530694,0.21455112624731515
Test_369,0.11374100726365376,0.05876302444840251,0.23445042479576386,0.5930455434921801
Test_370,0.19968418270004018,0.03506668389575526,0.3110196986587729,0.4542294347454316
Test_371,0.14728687276783928,0.038985554103460614,0.5348440475604496,0.27888352556825047
Test_372,0.17030596000556772,0.06445561874098797,0.29772534783626126,0.46751307341718285
Test_373,0.41209021999166146,0.02864851502873325,0.036308077425842494,0.5229531875537626
Test_374,0.06569275077557091,0.06422047061045656,0.3939928184362106,0.47609396017776173
Test_375,0.13195956981189752,0.08423726014159202,0.20966730922569696,0.5741358608208128
Test_376,0.394794170391099,0.04634004867367249,0.4734532150304972,0.08541256590473137
Test_377,0.3766651509887576,0.06822718502578312,0.3101678365245135,0.2449398274609456
Test_378,0.3656632612096967,0.034057621398636356,0.5045586188274506,0.0957204985642163
Test_379,0.12879192652377625,0.08350708324357724,0.25165059750376645,0.5360503927288802
Test_380,0.3486720336959587,0.059708913133280736,0.33516315340563646,0.25645589976512406
Test_381,0.057757880372415214,0.09147309718645617,0.28355064104002475,0.5672183814011037
Test_382,0.17122942943581362,0.05931979056866732,0.5907521484360956,0.17869863155942348
Test_383,0.17001340784879454,0.0751267100247066,0.3854554159111096,0.36940446621538964
Test_384,0.15276556112035763,0.045258550138578456,0.6316327057174578,0.170343183023606
Test_385,0.18442554759786067,0.03617604705469696,0.2887058296113798,0.4906925757360623
Test_386,0.157989035811859,0.06288881042485936,0.36177271174507253,0.41734944201820884
Test_387,0.37465427707898474,0.0650713379584198,0.30125540350313884,0.25901898145945623
Test_388,0.6563441953768138,0.04911118684592481,0.07985637887237204,0.2146882389048893
Test_389,0.552311878246727,0.08575675519785107,0.2989075232445034,0.06302384331091856
Test_390,0.05973318280088441,0.0783694941063988,0.28203284749278623,0.5798644755999307
Test_391,0.16632891838607988,0.0007654658107832553,0.8207433299097047,0.012162285893432075
Test_392,0.19129464189700024,0.020605025578905672,0.7393441760118928,0.04875615651220146
Test_393,0.20720077654549504,0.01441828056695769,0.2271454522433065,0.5512354906442408
Test_394,0.046320483212126666,0.017055296453554337,0.9089595782264566,0.02766464210786232
Test_395,0.5010890526363602,0.08135004752734437,0.31901467259679545,0.09854622723950004
Test_396,0.10064121235839006,0.05698783950735495,0.18030027369228327,0.6620706744419715
Test_397,0.1643763644184927,0.06542506872572142,0.13620253137631508,0.6339960354794706
Test_398,0.08049986995169432,0.01663390670071583,0.14775496344038025,0.7551112599072095
Test_399,0.05231782909111416,0.059193109484634035,0.2025797842829217,0.68590927714133
Test_400,0.2921153855598833,0.011432283830108341,0.4295714806003403,0.26688085000966816
Test_401,0.30912521507963964,0.04836318517774901,0.340726891509339,0.30178470823327214
Test_402,0.14349055600752644,0.021316680663573923,0.14268798112001554,0.6925047822088841
Test_403,0.3070618247331388,0.07382784421790026,0.44230182594933914,0.1768085050996219
Test_404,0.29162250178609245,0.005802893808457969,0.39186251236739245,0.3107120920380569
Test_405,0.05200208611607009,0.027200020366076126,0.0864197088265584,0.8343781846912955
Test_406,0.05197848529219366,0.03604923115909194,0.10057359575271205,0.8113986877960023
Test_407,0.10119430002957583,0.005533429653507437,0.052228442294300764,0.8410438280226159
Test_408,0.11867701015744489,0.06263268959952727,0.30734273457327727,0.5113475656697506
Test_409,0.5298342496483793,0.018476058647564363,0.0912446454292173,0.36044504627483925
Test_410,0.06657101264663978,0.062791889006895,0.20484881364745053,0.6657882846990149
Test_411,0.6841847091179782,0.03799772371369795,0.24230226366662477,0.03551530350169898
Test_412,0.21506379019843766,0.013436710354047214,0.7390127995222355,0.032486699925279514
Test_413,0.7989947669232376,0.002205978151284591,0.1784354275689602,0.020363827356517986
Test_414,0.21205394540455275,0.06354740104176769,0.3828496887330545,0.34154896482062486
Test_415,0.6845525815296594,0.017592909990404526,0.11435733232040315,0.18349717615953273
Test_416,0.14073900971413816,0.07203205341994696,0.32166608375791905,0.4655628531079957
Test_417,0.17048343364321952,0.015043959069050797,0.6927482944163561,0.12172431287137296
Test_418,0.6962700325462753,0.005762356506990025,0.11057173417220278,0.18739587677453198
Test_419,0.38945643278924735,0.004299441713841903,0.5460217962923597,0.06022232920455099
Test_420,0.425861817862222,0.1216729387069029,0.39603269701682503,0.056432546414049684
Test_421,0.23310836261462708,0.0621412073890521,0.17021315400092452,0.5345372759953961
Test_422,0.4803134627744861,0.10173004422162588,0.0548033183246717,0.3631531746792164
Test_423,0.7522079095709069,0.03941518336549652,0.18093079114020172,0.02744611592339483
Test_424,0.3280483890174555,0.05522655285772095,0.4293079520584611,0.1874171060663624
Test_425,0.0896134608355266,0.04459942292299575,0.25261999741233043,0.6131671188291472
Test_426,0.419380539910576,0.053589997590299296,0.287148081479323,0.23988138101980142
Test_427,0.10901501475322738,0.07667018679109774,0.2605317997521723,0.5537829987035026
Test_428,0.0919513936944709,0.03336483333899956,0.1572098866948474,0.7174738862716823
Test_429,0.23303550934089373,0.0587835409491657,0.31991277738164103,0.38826817232829947
Test_430,0.7607933894124057,0.002367651053900688,0.2336553735889706,0.003183585944723087
Test_431,0.8461138978832535,0.003780908013308032,0.021269427137884735,0.12883576696555404
Test_432,0.09297214002343297,0.040418910587258425,0.10701509123876235,0.7595938581505465
Test_433,0.05433388266016309,0.03947116720155151,0.04087097578912621,0.8653239743491591
Test_434,0.06432697406209013,0.06924396284452466,0.13308012489737317,0.7333489381960119
Test_435,0.14736786632454582,0.02645648818138393,0.3699421355291373,0.4562335099649334
Test_436,0.2362382596657892,0.057061906632915646,0.5102993308897246,0.19640050281157084
Test_437,0.18881399604252602,0.04282476310313214,0.27304484016101643,0.49531640069332533
Test_438,0.1529014453401828,0.03215777657898339,0.2736298952201637,0.54131088286067
Test_439,0.11572124199269314,0.0880702849479552,0.556272307477496,0.23993616558185546
Test_440,0.6179002009342424,0.04519983351729747,0.22134414990524276,0.11555581564321708
Test_441,0.5978813180073532,0.0615190615500944,0.2910326561082925,0.049566964334260125
Test_442,0.14314007395082448,0.07168803778768086,0.7245510504661946,0.06062083779529985
Test_443,0.07911049146996181,0.049231094128670355,0.10296629267332509,0.7686921217280429
Test_444,0.2554639027956938,0.024637750401955504,0.4959662897053473,0.22393205709700326
Test_445,0.5833647764126857,0.0013201149147373625,0.409153213645755,0.006161895026822008
Test_446,0.10496100484008768,0.06702361070170373,0.6107110714547953,0.21730431300341332
Test_447,0.2927330781326452,0.05392044036307897,0.5366227124164338,0.11672376908784214
Test_448,0.3598161405041195,0.0847340926424371,0.32774725031679586,0.2277025165366477
Test_449,0.10559137298085698,0.10630208780685253,0.48156302449418004,0.30654351471811053
Test_450,0.357662784858039,0.07274860996273441,0.3804115149199553,0.1891770902592714
Test_451,0.4642985208988069,0.05166676390617333,0.46248033178003156,0.02155438341498841
Test_452,0.0692667546238979,0.0543812585430305,0.12170292541908537,0.7546490614139864
Test_453,0.17693814939982205,0.040186997546902095,0.17572099273107095,0.607153860322205
Test_454,0.43433686004596384,0.017769890339548684,0.43320917456127167,0.11468407505321597
Test_455,0.05314709064603939,0.048789727324035005,0.13869320907642116,0.7593699729535045
Test_456,0.09942552628907507,0.11422257545326643,0.4694640370125717,0.31688786124508656
