image_id,healthy,multiple_diseases,rust,scab
Test_0,0.11773035876255616,0.016416856310549958,0.7662020851052128,0.09965069982168115
Test_1,0.23615688404016535,0.017881390218676026,0.6066988267039343,0.13926289903722444
Test_2,0.38787593201373516,0.19207180460473627,0.26102475981493084,0.15902750356659787
Test_3,0.676655199692239,0.006850815975644634,0.29028859877005614,0.02620538556206028
Test_4,0.19839775681405997,0.10064054719996406,0.33432833034628706,0.3666333656396889
Test_5,0.5325102104481949,0.05818007923955426,0.31356653216542624,0.09574317814682465
Test_6,0.23947563606647024,0.15775183157847728,0.24068495898487846,0.362087573370174
Test_7,0.25351350558320235,0.23201192671522025,0.25173394856246895,0.2627406191391085
Test_8,0.25810250659350115,0.23114133083463792,0.19576886645428346,0.31498729611757753
Test_9,0.8426368587637993,0.004698428245285311,0.14584227326524205,0.00682243972567337
Test_10,0.3256452167484861,0.004644833580636612,0.4824039442811908,0.1873060053896864
Test_11,0.4700927137929979,0.05329526837934731,0.3695624620493217,0.10704955577833307
Test_12,0.2783712279824702,0.03584138318831206,0.210226850103919,0.4755605387252987
Test_13,0.5580704358880585,0.03844761789718674,0.22036316581703613,0.1831187803977186
Test_14,0.49629910995799803,0.05778920516139405,0.2382529922704586,0.20765869261014935
Test_15,0.12611931953566868,0.0014802652951758175,0.8474583681837347,0.024942046985420713
Test_16,0.02776325090035183,0.019062622998336318,0.13273887385143218,0.8204352522498796
Test_17,0.029604127789142416,0.007051617723727004,0.05401860727975364,0.9093256472073769
Test_18,0.1886290942796077,0.0805535903905106,0.32461307316749693,0.4062042421623847
Test_19,0.2469858118557403,0.1305186802398683,0.32784388535802955,0.29465162254636185
Test_20,0.3358537769250056,0.08525074758154186,0.3328685039372697,0.24602697155618275
Test_21,0.20098996089693474,0.10792331347894962,0.3347636171553527,0.35632310846876303
Test_22,0.3274684446195829,0.07785359805224264,0.27301659574796566,0.3216613615802086
Test_23,0.10635361373516539,0.08445707782390613,0.12745002304888187,0.6817392853920466
Test_24,0.28167741199665286,0.0556233099838566,0.1773471659908822,0.4853521120286082
Test_25,0.21179172993356657,0.07953354168235764,0.4868675752307058,0.2218071531533701
Test_26,0.31961155042268025,0.17238986409802765,0.26077292825504145,0.24722565722425066
Test_27,0.4111050119939466,0.1453200507537314,0.31369474102939393,0.12988019622292815
Test_28,0.5741161696203494,0.07577406957346015,0.20355843028236492,0.14655133052382552
Test_29,0.44929343653624,0.11352223426891753,0.23407246184709776,0.20311186734774478
Test_30,0.9974222729034365,0.0017304426547067172,0.0008472842040676984,2.377890454661277e-10
Test_31,0.20987863799975942,0.35744208926301047,0.40266514205153947,0.03001413068569078
Test_32,0.2522469459975521,0.15488580445508024,0.30002448815430277,0.292842761393065
Test_33,0.24364123619725844,0.20898360502120703,0.26104351359221845,0.2863316451893162
Test_34,0.21253949764239835,0.04038132315779676,0.6397944014725767,0.10728477772722837
Test_35,0.15486888345717217,0.048725352718250674,0.25821869355450894,0.5381870702700683
Test_36,0.10218389047876772,0.012218469426794616,0.8468645690357098,0.03873307105872788
Test_37,0.12527722645460032,0.01891541982266398,0.3297207145168442,0.5260866392058915
Test_38,0.20787218297798332,0.020923186663186315,0.5003443366375381,0.27086029372129233
Test_39,0.24781272251004843,0.1840347534422199,0.25665597534291607,0.3114965487048156
Test_40,0.14269819875708847,0.02576775568333856,0.48960157508613644,0.34193247047343645
Test_41,0.2883946499321634,0.059607972698542365,0.6248589569179397,0.02713842045135458
Test_42,0.08421516129316076,0.05161254475948889,0.1015007567993243,0.762671537148026
Test_43,0.5694506242499981,0.004109927485297991,0.42515581029514177,0.0012836379695621851
Test_44,0.24565649664028424,0.21078712722128304,0.2391586983565977,0.3043976777818351
Test_45,0.2693680684050134,0.30456272854281746,0.19492534234357448,0.23114386070859477
Test_46,0.41296190880033795,0.00882169869772896,0.48418028047495554,0.09403611202697744
Test_47,0.2929586675562643,0.150872472279228,0.3168885162709565,0.23928034389355116
Test_48,0.21474647415627873,0.1593864506099147,0.38509852867874256,0.2407685465550641
Test_49,0.3612190754483172,0.0420998850449392,0.49674412355356395,0.0999369159531797
Test_50,0.21806899563279297,0.07249575895886046,0.36176619621023054,0.34766904919811614
Test_51,0.0086346368322024,0.0008158619505394721,0.09959940226573574,0.8909500989515223
Test_52,0.25648248743397445,0.02801627649007324,0.4373258190821017,0.2781754169938505
Test_53,0.20439068892081427,0.011722490621780437,0.7436600211140063,0.04022679934339899
Test_54,0.5985812326460808,0.007858804756316704,0.39200855365228127,0.0015514089453212577
Test_55,0.1613441979728234,0.03856008677522594,0.695305777352373,0.10478993789957768
Test_56,0.3064171701990645,0.10461361217075463,0.1841969592563355,0.4047722583738455
Test_57,0.251664585131476,0.1948435679286338,0.2767089137817949,0.2767829331580953
Test_58,0.05464974838879655,0.03053918226081484,0.30573478840625334,0.6090762809441352
Test_59,0.24061926946130627,0.16615105439437425,0.28155220930969305,0.31167746683462644
Test_60,0.06719420301922747,0.00925247988147821,0.16582015743509657,0.7577331596641977
Test_61,0.4693734637914087,0.043350144546996795,0.3796035227671718,0.10767286889442274
Test_62,0.2823051110780449,0.10505913835252817,0.36209943650631493,0.250536314063112
Test_63,0.21299299346829742,0.022202589764779807,0.5669972292961787,0.1978071874707441
Test_64,0.185372694852349,0.07078331186983432,0.36239334511681254,0.38145064816100416
Test_65,0.14990221659484648,0.06265015469997628,0.24629576489805466,0.5411518638071227
Test_66,0.8460361990285576,0.028874792539844412,0.10889506336955258,0.016193945062045363
Test_67,0.133392177636721,0.02416278610194415,0.13265123973429324,0.7097937965270416
Test_68,0.3450231327347786,0.039276329096633665,0.40801558614496614,0.20768495202362144
Test_69,0.30048728765618143,0.20196613726779483,0.26287251379603765,0.23467406127998602
Test_70,0.2768542129420995,0.18755298048354171,0.29155456890452897,0.24403823766982988
Test_71,0.25243459919029365,0.14428428684099204,0.44404423730494236,0.159236876663772
Test_72,0.40709580110454613,0.12213031410425636,0.3285605064509523,0.14221337834024525
Test_73,0.45524182808863783,0.07530441477371976,0.2687799244256132,0.20067383271202907
Test_74,0.7133148448497277,0.011269222152411234,0.11430618196415912,0.16110975103370193
Test_75,0.2783400253672894,0.2508796920944118,0.22579403366537326,0.24498624887292555
Test_76,0.10369194960562597,0.08566986693379951,0.17597880099913482,0.6346593824614397
Test_77,0.20866237513624455,0.08268798266135827,0.3492126349654983,0.35943700723689886
Test_78,0.16325582926458723,0.05728762170725965,0.17590897931285135,0.6035475697153018
Test_79,0.27075884377979137,0.08036111108148064,0.39239119122884053,0.2564888539098874
Test_80,0.24219358846372058,0.10314672308668144,0.26013280936925554,0.39452687908034245
Test_81,0.22628576720945884,0.014984047362628473,0.5375436234109043,0.2211865620170083
Test_82,0.1663250473358964,0.003322782564859183,0.4347943101938519,0.39555785990539255
Test_83,0.08937732314037966,0.02669621617556771,0.10959607183080096,0.7743303888532518
Test_84,0.31676633048203123,0.034032907905035145,0.40479103164340685,0.24440972996952678
Test_85,0.23724476514512358,0.1204366654526862,0.28263079083734427,0.3596877785648459
Test_86,0.429604748671783,0.0019051478068057496,0.5239128245136981,0.044577279007712946
Test_87,0.29322247932599527,0.07524676869175649,0.30430929697631276,0.32722145500593547
Test_88,0.37862956577908125,0.14526314762700462,0.1949796864952981,0.28112760009861604
Test_89,0.8425593797099888,0.007412846944170801,0.1477742392147647,0.0022535341310757078
Test_90,0.23415851210104713,0.03788918235146349,0.48454837352111296,0.24340393202637658
Test_91,0.546468240476503,0.04007394620114919,0.20941575483016844,0.20404205849217932
Test_92,0.35251190365115315,0.08529374846963171,0.384866128915174,0.1773282189640412
Test_93,0.1900813646171679,0.05495817839992967,0.43145266569108554,0.3235077912918169
Test_94,0.15877210055244745,0.10049965784002761,0.2721017824585072,0.4686264591490177
Test_95,0.050425357369010944,0.006247365675697278,0.3895476319848148,0.5537796449704769
Test_96,0.3623332220474604,0.1432339015003747,0.2943437467183219,0.20008912973384282
Test_97,0.19948219201795514,0.025757069708734665,0.29805535439606506,0.47670538387724526
Test_98,0.5115599163529931,0.056194190528459045,0.14850394301151276,0.283741950107035
Test_99,0.3925895615837428,0.06868772752091151,0.28656792852096075,0.2521547823743848
Test_100,0.060673662599429044,0.011870339232703664,0.16574042460236182,0.7617155735655055
Test_101,0.34224588649949744,0.06303911508176471,0.45682777721178863,0.13788722120694935
Test_102,0.2831705074723438,0.1298921696989828,0.31561327419918844,0.27132404862948506
Test_103,0.6329411460251018,0.0039903353722249065,0.3419183939074405,0.0211501246952327
Test_104,0.25595584257468335,0.11574660927022955,0.3411738991024475,0.28712364905263954
Test_105,0.23652770184598976,0.053297130100485306,0.14349962931452923,0.5666755387389958
Test_106,0.13307173538791128,0.024672057038380057,0.6584017855017974,0.18385442207191122
Test_107,0.10984344698856814,0.026072869346656664,0.5716623650404236,0.2924213186243518
Test_108,0.2248191573368218,0.17387346024202366,0.278366540298247,0.3229408421229076
Test_109,0.5324446082982361,0.061524366417453256,0.1602208022256266,0.24581022305868408
Test_110,0.4695005616589714,0.05166876696840415,0.13971655898255,0.33911411239007444
Test_111,0.28899824758527043,0.19949249602030444,0.2965943353584041,0.21491492103602106
Test_112,0.19009358245163327,0.11349733483041118,0.2148460159588381,0.48156306675911753
Test_113,0.24308168362078125,0.06929506587375962,0.09859784116870839,0.5890254093367508
Test_114,0.13645592011452248,0.029168107555350025,0.40833047713664555,0.4260454951934819
Test_115,0.06401237052076432,0.0157543500670553,0.3981245925423536,0.5221086868698267
Test_116,0.253950590162021,0.007100153571275187,0.5827192194704237,0.15623003679628022
Test_117,0.34496790797917326,0.18549458560707052,0.24904657318741152,0.22049093322634464
Test_118,0.1200854202154093,0.03403997033296723,0.303539871005394,0.5423347384462295
Test_119,0.6943875910775144,0.021026122545457403,0.20085103662319811,0.08373524975383002
Test_120,0.2679119798244338,0.09990087968374517,0.2914138668249631,0.34077327366685783
Test_121,0.3725095342184784,0.09324744527696838,0.3549144746977242,0.1793285458068291
Test_122,0.04768172788224679,0.011987291960934584,0.1809899642985204,0.7593410158582983
Test_123,0.19019635982594824,0.23328303656535623,0.21917251074131158,0.357348092867384
Test_124,0.3135622224179494,0.05036930755758229,0.38690196905444485,0.2491665009700235
Test_125,0.8091471673374732,0.003772773927862569,0.16298950700592588,0.024090551728738453
Test_126,0.8967825264693782,0.05394418520413265,0.04922950363528959,4.3784691199673404e-05
Test_127,0.2847061526998632,0.07588944083464631,0.22418661087885972,0.4152177955866308
Test_128,0.13773015107356926,0.0052325846300253385,0.5746473563149355,0.28238990798147007
Test_129,0.21400872998191758,0.038017618647968224,0.23347097993042104,0.5145026714396932
Test_130,0.2176619512502945,0.048781322479779725,0.32067320248037334,0.41288352378955245
Test_131,0.20493712537528355,0.11532857292462556,0.28313011943333005,0.3966041822667608
Test_132,0.3584414059680149,0.00927912078322903,0.6257496784240532,0.0065297948247029355
Test_133,0.195920699297487,0.19293782680768926,0.20507425298454168,0.40606722091028213
Test_134,0.2894665439295984,0.11811450222202369,0.37014693377597235,0.22227202007240549
Test_135,0.1778971960507068,0.013668523975094368,0.40376299091799905,0.4046712890561998
Test_136,0.012981146677043446,0.0018234603422557386,0.3114222449687509,0.67377314801195
Test_137,0.40577542542274186,0.13489735498572186,0.28680614475163607,0.17252107483990017
Test_138,0.26191058715129995,0.03521900945831841,0.5839431235341148,0.11892727985626683
Test_139,0.6489881194509314,0.026008055551826992,0.2272106838275368,0.09779314116970479
Test_140,0.16951426502685024,0.09521050606935895,0.2639206125880212,0.4713546163157697
Test_141,0.15251087549537984,0.02546375839745157,0.6579462843897185,0.16407908171745006
Test_142,0.17876637179962215,0.12502985138013822,0.13674743586394714,0.5594563409562926
Test_143,0.20437200527163363,0.047736820107860234,0.553842374654495,0.19404879996601113
Test_144,0.9967727892510984,0.0001710613795348062,0.0030560563283387925,9.304102809762777e-08
Test_145,0.41359021811181507,0.009311643514446622,0.3020317650528686,0.2750663733208697
Test_146,0.03497075471732903,0.00020699166069517707,0.9001799685894518,0.06464228503252384
Test_147,0.01747651032144085,0.0025906118396084757,0.49212977698068966,0.48780310085826106
Test_148,0.49621548273237925,0.03488887454062864,0.31917133504019474,0.1497243076867974
Test_149,0.22076650678521442,0.024637191239528566,0.35675516689476355,0.39784113508049346
Test_150,0.3465178673157641,0.15501861218298663,0.3034173000160921,0.19504622048515716
Test_151,0.3062786280371438,0.124641516583065,0.382694117601946,0.18638573777784523
Test_152,0.16027038520963258,0.0952784285018238,0.18174731426987234,0.5627038720186713
Test_153,0.34424906410581874,0.07462943114386286,0.4157319585318643,0.16538954621845417
Test_154,0.3366836112095782,0.029276383015769833,0.14311451879360731,0.49092548698104466
Test_155,0.12329798585608313,0.1217635879650284,0.30840373065211163,0.44653469552677677
Test_156,0.02356729654765807,0.018842627603309525,0.08456869598760962,0.8730213798614227
Test_157,0.35401580253345666,0.06927428830256929,0.442351295433803,0.13435861373017116
Test_158,0.23786867048099797,0.16907819818863304,0.2595915723383702,0.33346155899199875
Test_159,0.07038955171088909,0.01939428085719896,0.35416797017468654,0.5560481972572254
Test_160,0.9376363479370545,0.03819716404078341,0.024166462762629345,2.5259532913766027e-08
Test_161,0.10213962417361862,0.030256502898345045,0.6129712800654282,0.2546325928626082
Test_162,0.3468456464124679,0.18514791565994307,0.23182180629284319,0.23618463163474576
Test_163,0.1796807973757159,0.11398495401540858,0.34616105654868257,0.360173192060193
Test_164,0.17067816095713176,0.046972622599923804,0.20505292123198135,0.5772962952109632
Test_165,0.22382024978710421,0.07004307356983397,0.3915738200707815,0.31456285657228045
Test_166,0.339217428943999,0.18026542182867727,0.2891671067860817,0.191350042441242
Test_167,0.4163454664448427,0.03424844296754805,0.31284696659461386,0.23655912399299542
Test_168,0.3962445423374896,0.08716672645396305,0.46584282806372973,0.05074590314481742
Test_169,0.2117946913760797,0.14212312509721267,0.2423032161559299,0.40377896737077773
Test_170,0.1132760722522497,0.05120151092906502,0.11992780466350829,0.715594612155177
Test_171,0.5561290512647085,3.698242549972051e-06,0.4209526301002779,0.022914620392463562
Test_172,0.35997442131873897,0.11900351072014635,0.2621011510977452,0.2589209168633696
Test_173,0.5880843462659417,0.09147982844475358,0.27212394308415094,0.04831188220515362
Test_174,0.09297740663822754,0.05612737051491298,0.47337779300860405,0.3775174298382554
Test_175,0.221253771347464,0.07088041864125261,0.4945042988457819,0.2133615111655014
Test_176,0.1985982931429991,0.022012848914833422,0.4811113522928845,0.298277505649283
Test_177,0.25713966300309776,0.2150719273386983,0.2808792821651496,0.24690912749305421
Test_178,0.06992657172213816,0.06048987720603917,0.24292519512868793,0.6266583559431347
Test_179,0.3223635287505213,0.02758333581380107,0.30398694185772696,0.34606619357795076
Test_180,0.23997065456949457,0.08782768691446076,0.34634543271350965,0.3258562258025351
Test_181,0.3251375966298644,0.16418061676431803,0.28504386079888133,0.2256379258069364
Test_182,0.3977341933566775,0.11985151779690958,0.26272705699592025,0.21968723185049266
Test_183,0.36083665355984096,0.060405250356343,0.3805704685835649,0.19818762750025104
Test_184,0.3827805444751711,0.05369446155950071,0.4049126116837988,0.15861238228152935
Test_185,0.3202098353788365,0.02830013557929219,0.46927534085617223,0.18221468818569894
Test_186,0.150090144934867,0.04957248258303137,0.1875520986105303,0.6127852738715713
Test_187,0.2853545285434892,0.17735492729733715,0.2682406261086677,0.26904991805050593
Test_188,0.2870293061472653,0.10736423336640252,0.3484380161337786,0.25716844435255354
Test_189,0.2611497613718024,0.16323876881336935,0.29871441217864064,0.27689705763618755
Test_190,0.19438850500261362,0.0027660042239066596,0.13955858572116425,0.6632869050523156
Test_191,0.6632831090931939,0.0009345692317394624,0.33446127083584326,0.0013210508392235139
Test_192,0.35686096036897685,0.08574680934247579,0.35280806446417606,0.20458416582437122
Test_193,0.2997619828398544,0.1868114142934755,0.26011052351247477,0.25331607935419526
Test_194,0.2748291783507884,0.06888788168123423,0.5011125174280828,0.1551704225398944
Test_195,0.1855527263045104,0.03005263880352887,0.5434301675301378,0.2409644673618229
Test_196,0.0017701716568130498,0.0006421712755047381,0.0025974560314988683,0.9949902010361833
Test_197,0.4831151764574055,0.04033157232167423,0.34119484245961457,0.13535840876130564
Test_198,0.04521082718648552,0.005755305884466562,0.10549483509303358,0.8435390318360144
Test_199,0.4787960253157345,0.12153336114742622,0.3865965679434192,0.013074045593420243
Test_200,0.102036097552436,0.01548179382963909,0.29508209565418286,0.5874000129637421
Test_201,0.21464900349234153,0.11606408010137981,0.32356488252721033,0.3457220338790684
Test_202,0.08602268719723821,0.008803886089490816,0.8195617935954799,0.08561163311779112
Test_203,0.24948412768118147,0.09546065682404457,0.46005426250464304,0.19500095299013087
Test_204,0.1378193127604986,0.11701954878176278,0.1936963573313834,0.5514647811263551
Test_205,0.243757844928628,0.18783493163548187,0.25615900093031746,0.3122482225055726
Test_206,0.3204370792082394,0.15075407630374843,0.2860717660022767,0.24273707848573556
Test_207,0.17817409960740166,0.1369922103660851,0.18622696994292062,0.4986067200835927
Test_208,0.692433219407816,0.005121565621820889,0.2699400598146781,0.03250515515568482
Test_209,0.09897018083261969,0.011972293490027637,0.4397152989501654,0.44934222672718727
Test_210,0.07954421492093407,0.00924573502201057,0.5705112894938541,0.3406987605632013
Test_211,0.5065876846141667,0.02996806688363244,0.33333879564722657,0.13010545285497416
Test_212,0.12362101413662392,0.0013682005180656667,0.8685688241642974,0.006441961181013188
Test_213,0.1752714125863082,0.009171222743400084,0.3433403378959583,0.47221702677433325
Test_214,0.1476307601687794,0.0270208072069235,0.45025300665938556,0.37509542596491163
Test_215,0.4034223745531821,0.028384999019802327,0.40542524437400596,0.1627673820530098
Test_216,0.084893070690366,0.0019056030036582049,0.912615481973802,0.0005858443321737748
Test_217,0.24985485830002357,0.020031986317843,0.47293359966708454,0.25717955571504897
Test_218,0.6698825914279266,0.0218397210651451,0.29605958564595836,0.012218101860969992
Test_219,0.47799238384576126,0.1954164216675938,0.17214082647173384,0.15445036801491116
Test_220,0.22724325063408735,0.09252916463274015,0.2225289623406915,0.457698622392481
Test_221,0.4169672628073207,0.1231799801069545,0.3300708198424922,0.12978193724323264
Test_222,0.015417600958082834,0.012782615035483945,0.12989859895481057,0.8419011850516227
Test_223,0.07733654693493004,0.010107277581051363,0.2712781539232789,0.6412780215607395
Test_224,0.5262413667674305,0.01625774704748155,0.34447705065454753,0.11302383553054043
Test_225,0.4452507477163618,0.02553219995377594,0.2382813555500871,0.29093569677977527
Test_226,0.2808255398617231,0.09476216190291799,0.25140976308421403,0.37300253515114495
Test_227,0.21292866614122144,0.06465930648698248,0.38031151401771623,0.3421005133540798
Test_228,0.0417047150464598,0.0022335776176281743,0.8744940886623115,0.08156761867360049
Test_229,0.36239740282638183,0.12949371086993564,0.41790052332473154,0.0902083629789508
Test_230,0.18350985630934763,0.03296307701208336,0.21984063491615552,0.5636864317624134
Test_231,0.014857231233487577,0.0170203612601192,0.062149969444502205,0.905972438061891
Test_232,0.48469317804914835,0.03638718206785211,0.3235726985169867,0.15534694136601274
Test_233,0.1667017360363693,0.0022297036335315813,0.7775358345643901,0.05353272576570892
Test_234,0.2512626026922939,0.1401323059594968,0.3909555969315565,0.2176494944166529
Test_235,0.22602395981189718,0.04392171388533899,0.23444926679246506,0.4956050595102989
Test_236,0.8677112333235073,0.04827628756183791,0.07790043391826242,0.006112045196392308
Test_237,0.3974163416664474,0.17959701552326487,0.21872580117210547,0.20426084163818226
Test_238,0.525674755059627,0.028364912158822378,0.3588661403893296,0.08709419239222102
Test_239,0.13969670458045125,0.04261894249441759,0.1413638083723392,0.6763205445527919
Test_240,0.12876358299395532,0.04393190517684919,0.3260306587601279,0.5012738530690677
Test_241,0.13725108315475656,0.05013847490941997,0.2030207970847648,0.6095896448510586
Test_242,0.6840892321136199,0.026350487170761477,0.08138592433928268,0.20817435637633586
Test_243,0.4384236177334905,0.11021006721784515,0.28566347622660504,0.1657028388220594
Test_244,0.27484890455417277,0.13101125500764052,0.3126098841361711,0.2815299563020156
Test_245,0.010453698203225463,0.004671040484319462,0.04316766523771859,0.9417075960747366
Test_246,0.22089938413385,0.1873852512812623,0.23369028004059797,0.3580250845442898
Test_247,0.23159141353266022,0.16308413786907988,0.3077199422836818,0.29760450631457797
Test_248,0.403624416824707,0.0071461631880915715,0.2193381762015911,0.3698912437856103
Test_249,0.2807249703376425,0.175783322588635,0.29887128212568836,0.24462042494803404
Test_250,0.9444938005179548,0.03231398371828383,0.02319209424022969,1.2152353177617095e-07
Test_251,0.2689064526280207,0.16719755909289374,0.31087155350111545,0.2530244347779701
Test_252,0.04650241867892294,0.0014491932575613697,0.2789578315513651,0.6730905565121506
Test_253,0.004403424518629223,0.0014508560952163905,0.002048158969052801,0.9920975604171016
Test_254,0.22730217518566134,0.16551859940428662,0.311510524986011,0.295668700424041
Test_255,0.24841269639742372,0.1403827005107962,0.30639987320288037,0.3048047298888997
Test_256,0.20250141799997884,0.14626829157426535,0.18257894461451304,0.4686513458112428
Test_257,0.34221541415445067,0.010217878409879933,0.643090534178229,0.0044761732574405055
Test_258,0.3192534362963458,0.09862548307719587,0.2792786483999287,0.30284243222652957
Test_259,0.4872097754334473,0.031682725650373215,0.2578874087372303,0.22322009017894928
Test_260,0.26819379654104264,0.16148618173658744,0.30474096356192076,0.26557905816044913
Test_261,0.22043569727771328,0.13682746408360372,0.35762498607399074,0.28511185256469235
Test_262,0.4160371046251199,0.06631682471778515,0.3968710749601611,0.12077499569693385
Test_263,0.1855608753486096,0.0008089081537066439,0.28036122889319504,0.5332689876044887
Test_264,0.3917063037977582,0.0022737666745417636,0.6038540327759601,0.002165896751739901
Test_265,0.016630507332205186,0.016969543965564365,0.34171815357983953,0.624681795122391
Test_266,0.20162259603845784,0.1306869020371074,0.23568024624772832,0.43201025567670653
Test_267,0.854104611930113,0.017605481545762323,0.09365140045520585,0.03463850606891877
Test_268,0.2446010198877451,0.054495808161631666,0.14920910244645091,0.5516940695041722
Test_269,0.15744801112882917,0.06565148008066604,0.36200385693085907,0.41489665185964575
Test_270,0.31800036222714073,0.07242854149179824,0.30887130384151146,0.3006997924395496
Test_271,0.3003947764178031,0.1541734137449703,0.28844199260813724,0.2569898172290893
Test_272,0.2985783962632552,0.02863479050588107,0.49480622516832484,0.17798058806253897
Test_273,0.4448610106024414,0.01709707190096117,0.21368704778728165,0.32435486970931576
Test_274,0.2987474436040343,0.17438521660044531,0.24738170872805418,0.2794856310674662
Test_275,0.3822425845252864,0.00843742729925233,0.15346013199003472,0.45585985618542646
Test_276,0.16539988475933168,0.08131615796535104,0.22591692104762323,0.5273670362276941
Test_277,0.121023911049036,0.021755759956627676,0.22445325623887644,0.63276707275546
Test_278,0.2671113130798276,0.10948820108521592,0.2729191494666413,0.35048133636831513
Test_279,0.30837211507084966,0.08185154337543503,0.34925365302201183,0.26052268853170346
Test_280,0.2290163070933745,0.10600699423137354,0.273912111435393,0.391064587239859
Test_281,0.24136855153098452,0.14460866002895884,0.27403333041097283,0.3399894580290837
Test_282,0.46389106057014634,0.1564524952924626,0.23782281773268008,0.1418336264047108
Test_283,0.17044105667287934,0.027810912589347137,0.15619050553281488,0.6455575252049586
Test_284,0.05079785144819579,0.0017825528502279293,0.5480919890608259,0.39932760664075034
Test_285,0.2630930844850829,0.00693390508521978,0.10216196427146622,0.6278110461582311
Test_286,0.27619007010758984,0.14828617975208175,0.32697211215222705,0.24855163798810123
Test_287,0.27616113189399377,0.19013061518392999,0.2759259184780369,0.25778233444403936
Test_288,0.15413541777664055,0.10876807114008172,0.26249944673495396,0.4745970643483238
Test_289,0.016952149847259186,0.012259209651705153,0.18680264186641374,0.7839859986346218
Test_290,0.2532306209298697,0.18546802566672518,0.2868197708433367,0.2744815825600683
Test_291,0.26889100925758064,0.08548080597795912,0.22697727926089534,0.41865090550356504
Test_292,0.39339759518626244,0.007079419262506593,0.4863085914570208,0.11321439409421022
Test_293,0.22873438823192221,0.0849831271836721,0.36387805301243814,0.3224044315719676
Test_294,0.14289280766754947,0.09263368108931809,0.2305929975244783,0.5338805137186542
Test_295,0.12651041986571587,0.008631906087140056,0.16326767078127494,0.7015900032658692
Test_296,0.2966296585499287,0.1493986900919261,0.25838324419455483,0.29558840716359036
Test_297,0.16027542902089884,0.19999336046163577,0.19000992894657404,0.4497212815708913
Test_298,0.18421781251291477,0.008979877347464662,0.7198499285088878,0.08695238163073273
Test_299,0.15839149440739544,0.08827491433444436,0.07029735887815128,0.683036232380009
Test_300,0.31876288435798406,0.12313909330267808,0.30455362054354096,0.2535444017957969
Test_301,0.2519576019727451,0.20122824887742874,0.3135329090183053,0.23328124013152088
Test_302,0.2606173245661652,0.06864656860106977,0.25215084913223496,0.41858525770053
Test_303,0.45054743382917606,0.13788147129935543,0.21647423862756376,0.19509685624390466
Test_304,0.7072115920347057,0.009650132934558525,0.2355721326640917,0.04756614236664409
Test_305,0.2583454009209735,0.05399781729370897,0.3627234236950667,0.32493335809025087
Test_306,0.18480758367364858,0.03218574194745863,0.616021700618672,0.1669849737602208
Test_307,0.4830301229531916,0.11055537536556671,0.3481673528877071,0.05824714879353451
Test_308,0.26338053022863334,0.10934415131229455,0.27880178238757947,0.34847353607149273
Test_309,0.04622358972869047,0.025028027736730938,0.04625396077999364,0.8824944217545849
Test_310,0.3445227696095268,0.09407235301779682,0.37324716334752495,0.18815771402515138
Test_311,0.12966755456240858,0.004336018820866824,0.3747860052132042,0.49121042140352034
Test_312,0.18195949094819155,0.14128585289113765,0.2388868248895186,0.4378678312711522
Test_313,0.23585652774500185,0.15761753530552666,0.2690613675898047,0.33746456935966684
Test_314,0.3031224259322279,0.1439310879423323,0.19417084078071478,0.35877564534472495
Test_315,0.023678071961391867,0.0391747202333704,0.10598810035346584,0.8311591074517718
Test_316,0.8749359428999439,0.00511506774200569,0.11774688435851158,0.0022021049995388548
Test_317,0.5521046015320205,0.030189747524077232,0.4174373151001092,0.00026833584379294483
Test_318,0.3683301641451109,0.13040267417198648,0.17243390093415692,0.32883326074874575
Test_319,0.1880469056422757,0.04364859836226525,0.6968721532937063,0.07143234270175268
Test_320,0.30188405743770497,0.1325906534176645,0.3571696611706249,0.20835562797400572
Test_321,0.49935176753492927,0.07631723222244466,0.2274815901212591,0.19684941012136706
Test_322,0.3799829499382015,0.022099055792513776,0.42860426644195254,0.1693137278273322
Test_323,0.18510063587046616,0.10059396548304639,0.22826350789429364,0.48604189075219384
Test_324,0.34676433522285727,0.09669613858538231,0.2028045466124607,0.35373497957929967
Test_325,0.30722103550032354,0.1168296649121783,0.3095570839070607,0.26639221568043736
Test_326,0.05110679424048162,0.02513314993325021,0.09662197401260353,0.8271380818136647
Test_327,0.22086721422471245,0.09399391449945196,0.19559400159692397,0.48954486967891153
Test_328,0.16904312034589125,0.06572258362672859,0.2318935911422776,0.5333407048851025
Test_329,0.1646463252609007,0.011314570125939553,0.19345629559434036,0.6305828090188194
Test_330,0.2671533599134565,0.11869639939924156,0.25748768990475807,0.35666255078254394
Test_331,0.2774006461089943,0.03609001341495747,0.2774793104293445,0.4090300300467037
Test_332,0.26604660183576784,0.022736682152320744,0.5113185939300854,0.19989812208182595
Test_333,0.15631926581980174,0.013763629222390323,0.3084575542168892,0.5214595507409187
Test_334,0.25167317409221246,0.06608195187394614,0.3526146860402805,0.329630187993561
Test_335,0.3024757340612669,0.052124240457957216,0.3723518678180434,0.27304815766273255
Test_336,0.2073620358872142,0.024766029584481625,0.5723911339907611,0.19548080053754308
Test_337,0.11379500843270654,0.044771201725790494,0.24992696576310264,0.5915068240784004
Test_338,0.3316933393503561,0.06238183182117731,0.35405403449313483,0.25187079433533177
Test_339,0.16034836883470066,0.04053052005521859,0.3328364204684858,0.46628469064159495
Test_340,0.17723470688725468,0.04415517917240211,0.6991727999878102,0.07943731395253305
Test_341,0.29219936433600324,0.051935965495938485,0.34221567544722997,0.31364899472082824
Test_342,0.4320391312863855,0.038276720932190415,0.2994045889989049,0.23027955878251904
Test_343,0.7586439568791343,0.050390530793388226,0.16749423768047467,0.02347127464700282
Test_344,0.36230405783298436,0.048978923608363235,0.4683705365378048,0.12034648202084755
Test_345,0.10731480634717075,0.0017613264226241398,0.2443388547256125,0.6465850125045925
Test_346,0.18891494813625948,0.02071096901390246,0.35095992992402364,0.4394141529258145
Test_347,0.2021231927421108,0.21199948140281752,0.2633548363809525,0.32252248947411927
Test_348,0.21648395785927022,0.05888909829318918,0.5203843603255229,0.20424258352201766
Test_349,0.2541139902189898,0.0992774278239798,0.360479463466257,0.2861291184907734
Test_350,0.2896112326565209,0.10717335439702291,0.22412733573739899,0.37908807720905724
Test_351,0.26570491256413276,0.06558088661463837,0.461581558819899,0.2071326420013299
Test_352,0.42622224079753995,0.1582420036328493,0.254331716145153,0.16120403942445777
Test_353,0.8436458885737497,0.05064608742887083,0.07542189233158995,0.030286131665789646
Test_354,0.7807881111666776,0.06287652396053363,0.13647905529808446,0.019856309574704335
Test_355,0.07848415728618345,0.0007131875961218008,0.17434524054243936,0.7464574145752554
Test_356,0.9822906087004839,0.0013923357919516702,0.016315448804033163,1.6067035313804747e-06
Test_357,0.4501639195895065,0.017647814574481932,0.4430875494754072,0.0891007163606043
Test_358,0.24036941346500712,0.06383428815340299,0.47742413883182955,0.21837215954976028
Test_359,0.2850821006072478,0.23642961638887888,0.2760287158604695,0.2024595671434038
Test_360,0.26394217282310994,0.10585355301631243,0.34607217277071745,0.2841321013898603
Test_361,0.35057338147145645,0.028987086242627393,0.4346979980692882,0.185741534216628
Test_362,0.34705016171666714,0.024287314793261454,0.20421759316215538,0.4244449303279159
Test_363,0.3160311874769259,0.003121419238124908,0.598765230099029,0.0820821631859201
Test_364,0.3366512992784114,0.14486446570837086,0.2839304803026256,0.23455375471059214
Test_365,0.44133437251119034,0.010470679985723135,0.514763549634768,0.03343139786831852
Test_366,0.1687762205800464,0.08729005153566927,0.4282676372496637,0.3156660906346206
Test_367,0.15217967077788971,0.022065320626583413,0.4669657566000229,0.358789251995504
Test_368,0.40307351113065,0.08648232291856998,0.29900151140811776,0.21144265454266234
Test_369,0.2085680135848145,0.142813663484271,0.34188919794796047,0.306729124982954
Test_370,0.2588239219484351,0.11960973135882581,0.23703616714243572,0.3845301795503034
Test_371,0.22744517987538063,0.11803014236044918,0.3034576279382903,0.35106704982587983
Test_372,0.10566881975171377,0.022732061480407635,0.29640028706429455,0.575198831703584
Test_373,0.27862556199903676,0.16744392209689035,0.1047302217328186,0.4492002941712543
Test_374,0.2717742633177132,0.20778930367597104,0.256865946802729,0.2635704862035867
Test_375,0.34284925763383883,0.16849284074173854,0.2247392619838302,0.26391863964059237
Test_376,0.3478449351657155,0.08605990836607495,0.5029038208860489,0.06319133558216074
Test_377,0.19858966220590135,0.06341975811371678,0.23069373541327978,0.5072968442671021
Test_378,0.3036828285062826,0.04051393185350097,0.3880396081259664,0.26776363151425003
Test_379,0.1612340404049861,0.03177463971552627,0.32773978605389925,0.4792515338255885
Test_380,0.3253600138921837,0.12278192041535249,0.23444523308918855,0.3174128326032753
Test_381,0.2877301479955428,0.10387908613360246,0.25050045924011843,0.35789030663073623
Test_382,0.15443105724767436,0.027629322402323558,0.42137395258212873,0.39656566776787344
Test_383,0.4684777221955595,0.0049259771948365364,0.3770678400067191,0.14952846060288483
Test_384,0.17914424348908323,0.0761656495314242,0.2963808565937033,0.4483092503857893
Test_385,0.035448321596390595,0.028304194052965612,0.11262218467969251,0.8236252996709513
Test_386,0.34645256232467847,0.18896483690865573,0.3314131143507233,0.1331694864159425
Test_387,0.20403272897495855,0.06669650826173856,0.2276367041301791,0.5016340586331238
Test_388,0.7113016847239542,0.1109309428049473,0.11932667552845358,0.058440696942644976
Test_389,0.6777323004887685,0.03228977438055987,0.2683549561626354,0.02162296896803627
Test_390,0.23680882933745448,0.19557555026343584,0.2851176946159853,0.28249792578312444
Test_391,0.010025440035861664,0.0009430387884432076,0.014874454079487906,0.9741570670962073
Test_392,0.09958889295681848,0.02066177582726541,0.8447569342878399,0.034992396928076194
Test_393,0.16521089092592234,0.06176255423610383,0.23791977809467715,0.5351067767432967
Test_394,0.11014502324241963,0.005064861471873869,0.8126162917980506,0.0721738234876558
Test_395,0.5433828092267691,0.06474972424408955,0.2262578875486994,0.16560957898044204
Test_396,0.21847664145893336,0.10763731184652323,0.2923396676429895,0.381546379051554
Test_397,0.2471825019605969,0.20112756018274222,0.26231857553613686,0.289371362320524
Test_398,0.10038124367059963,0.04219626128464152,0.20679241063821258,0.6506300844065462
Test_399,0.29546481805684527,0.11306258450906835,0.25289073646223686,0.33858186097184956
Test_400,0.13896338240759173,0.02890902295314747,0.6224964669553678,0.20963112768389305
Test_401,0.23305001887562504,0.028456637598758803,0.3894440978434179,0.34904924568219836
Test_402,0.14128291347724006,0.06899410740683717,0.310862080073879,0.4788608990420437
Test_403,0.35977679225380454,0.0484569332515097,0.3934363850033927,0.19832988949129307
Test_404,0.028962976073256232,0.03409763869074937,0.5096859739398005,0.4272534112961939
Test_405,0.0844082044186217,0.05643822915527282,0.1535516866849614,0.7056018797411442
Test_406,0.12603523741246975,0.1136587680466938,0.2313159161532713,0.5289900783875652
Test_407,0.06228312191129201,0.02893941524929843,0.16585071997157025,0.7429267428678393
Test_408,0.20334019619290658,0.11124248643598202,0.24954640141660678,0.43587091595450467
Test_409,0.330578254966246,0.06421261715524802,0.26599415159024686,0.3392149762882591
Test_410,0.14743807951304796,0.04828029591224229,0.27893445195903577,0.525347172615674
Test_411,0.6187610858853142,0.1338130685498416,0.13003563290449377,0.11739021266035046
Test_412,0.5657627447921192,0.2556743161880622,0.11191498350786637,0.06664795551195225
Test_413,0.2958823947243238,0.005504370505087258,0.6815766085677989,0.01703662620279008
Test_414,0.23336350974725645,0.07363536303678252,0.3219273495778055,0.37107377763815547
Test_415,0.040956833064397805,0.002562831587990026,0.20439076988015248,0.7520895654674598
Test_416,0.25236217075847905,0.16676924381593664,0.26443428543675673,0.3164342999888276
Test_417,0.042757706771221704,0.001890024400464108,0.8475880983950065,0.1077641704333079
Test_418,0.6691813688379685,0.03060472950117509,0.2202483665768788,0.07996553508397769
Test_419,0.1714182909812392,0.005555551418306626,0.7821921866219055,0.040833970978548656
Test_420,0.5928735951275004,0.07405792246773302,0.20089652817425463,0.13217195423051198
Test_421,0.2706724878189205,0.19716835908826338,0.29634507316430264,0.23581407992851358
Test_422,0.051702858032190886,0.007341242349460428,0.302193282633595,0.6387626169847537
Test_423,0.14748795301724227,0.2820830866661738,0.08783338026777925,0.4825955800488047
Test_424,0.30642487463428963,0.03264819907447839,0.5096532063149652,0.1512737199762667
Test_425,0.2260290455994028,0.1097908724426976,0.35834868245993046,0.3058313994979692
Test_426,0.20578471600557194,0.10111766669900699,0.3114312480474984,0.3816663692479226
Test_427,0.21578272244702212,0.1854039763355814,0.2278875644728289,0.3709257367445676
Test_428,0.12188017966063122,0.11996945070695438,0.28258728137157785,0.4755630882608367
Test_429,0.2304128289057866,0.1435362644938176,0.2976990189347729,0.32835188766562284
Test_430,0.13387172628690272,0.15812500356499806,0.7072863696485857,0.0007169004995136401
Test_431,0.49798649395397454,0.39821172185437675,0.04182772142778347,0.061974062763865204
Test_432,0.10518224169023967,0.018639187156136654,0.11443780444203233,0.7617407667115914
Test_433,0.135939175618064,0.11918102266439902,0.10434615399365665,0.6405336477238802
Test_434,0.25865569756870643,0.17058088583221664,0.25205327522786386,0.3187101413712131
Test_435,0.24546070255144756,0.14206681786097639,0.29415850744330196,0.31831397214427415
Test_436,0.42943107166069966,0.06092935061178827,0.27307306841206763,0.2365665093154445
Test_437,0.2503780889915039,0.03203512526532052,0.2982812053756915,0.41930558036748405
Test_438,0.2818192223482435,0.032665026130916035,0.3150599158230867,0.3704558356977538
Test_439,0.4006605537310917,0.14089187222246335,0.2954083601214633,0.16303921392498158
Test_440,0.34883064168498723,0.061213487441766704,0.43591935084697037,0.15403652002627566
Test_441,0.5095789993166683,0.08626190374048255,0.3076564155795385,0.09650268136331072
Test_442,0.2581654554649816,0.051763703654977254,0.5998040013790599,0.09026683950098126
Test_443,0.08625348086662751,0.047213658054971054,0.19875219176047312,0.6677806693179283
Test_444,0.2830050864855892,0.039116628660755576,0.46131094831386865,0.2165673365397865
Test_445,0.0011867532189318824,0.0006489020612386469,0.0035112628472455964,0.9946530818725838
Test_446,0.1397522481158879,0.03123123648259964,0.6500683138815796,0.17894820151993285
Test_447,0.42855555280770025,0.08509657214885226,0.3983509373934851,0.08799693764996248
Test_448,0.34702884012508795,0.17145159571029467,0.24069041123985077,0.24082915292476653
Test_449,0.19608560361397584,0.0820602538017379,0.2854249189599038,0.43642922362438247
Test_450,0.32740919581237826,0.14155813536721282,0.29394830657815096,0.23708436224225793
Test_451,0.4485618112915221,0.1701000024939248,0.3449081155885723,0.036430070625980644
Test_452,0.17159535095781062,0.0428065709085829,0.24020999763178136,0.5453880805018251
Test_453,0.1180249326328506,0.09165144106025924,0.19142111557732955,0.5989025107295606
Test_454,0.013299533667796461,0.0031978748100931,0.0176628133874031,0.9658397781347074
