image_id,healthy,multiple_diseases,rust,scab
Test_0,0.12896952627011296,0.06577559414604513,0.7883655365666703,0.01688934301717169
Test_1,0.17842383812724927,0.044268435303072125,0.5454977755190603,0.23180995105061822
Test_2,0.10186496863843592,0.012570821978308246,0.28976731128410327,0.5957968980991525
Test_3,0.24584291331877178,0.09096194465754037,0.11762082540719841,0.5455743166164895
Test_4,0.03055277176874535,0.05419900351569233,0.9016461852465246,0.01360203946903783
Test_5,0.3823721671740679,0.005180056545884031,0.5670717570341868,0.04537601924586129
Test_6,0.5849481431797227,0.007122706849101664,0.13167516399576246,0.2762539859754132
Test_7,0.12415319532940805,0.042544390640376746,0.03538123582226243,0.7979211782079527
Test_8,0.3146798033840191,0.2087455981771306,0.005719404560795399,0.47085519387805486
Test_9,0.14286025898040955,0.017229399065271097,0.7991775597334062,0.040732782220913116
Test_10,0.003167312290035967,0.031126445319161616,0.957088731313716,0.008617511077086418
Test_11,0.00052591043464677,0.007114786460785443,0.9829210725818076,0.009438230522760174
Test_12,0.32390096657560946,0.031363886936664684,0.07166268434950403,0.5730724621382217
Test_13,0.6838776953098943,0.009446876643694424,0.2356308057386332,0.07104462230777814
Test_14,0.040650119002226266,0.018888206184429504,0.9386190954412443,0.0018425793720998377
Test_15,0.436040693957958,0.02728117910654216,0.3844767461101677,0.1522013808253322
Test_16,0.2852774277356817,0.009317043042547738,0.08580243278858049,0.61960309643319
Test_17,0.010538442935839158,0.3352564975158435,0.36393302245612735,0.29027203709219
Test_18,0.482414524424652,0.04535300022471726,0.12605936640333643,0.3461731089472942
Test_19,0.01871718864982458,0.0271228323041062,0.8139662968279571,0.1401936822181121
Test_20,0.7572166025620121,0.011493396476582625,0.1172251819196521,0.11406481904175292
Test_21,0.1826548196469668,0.0011924222222852727,0.009226246393572442,0.8069265117371756
Test_22,0.08096662012094935,0.2007257315272522,0.321046905422936,0.3972607429288623
Test_23,0.20142761366433998,0.037091343843770594,0.20894023047850974,0.5525408120133797
Test_24,0.4397832617869795,0.015819837598486392,0.16058475840466044,0.3838121422098736
Test_25,0.5771431821896323,0.09474229905588366,0.13898015114657464,0.1891343676079094
Test_26,0.12297572017303682,0.04584266102801387,0.26118062531838576,0.5700009934805635
Test_27,0.29996092596578566,0.10080528007046412,0.3485624298237246,0.2506713641400256
Test_28,0.4693336698070801,0.03004205095135305,0.20395237844415584,0.29667190079741107
Test_29,0.6090176830091755,0.1592360634202691,0.18593132382797176,0.04581492974258362
Test_30,0.4130361502852317,0.06783716066657508,0.0797101299565834,0.4394165590916098
Test_31,0.0339914971219267,0.20887984222216857,0.7325688930941602,0.02455976756174458
Test_32,0.5374377670404864,0.011052440120459863,0.08611762125165996,0.36539217158739384
Test_33,0.07827656988176925,0.012593164319016826,0.03773762061330751,0.8713926451859064
Test_34,0.5758439908133837,0.00023520598260668604,0.06921943774262618,0.3547013654613833
Test_35,0.00832724909736462,0.019325827251430415,0.03216434790046851,0.9401825757507364
Test_36,0.0009539594486403564,0.05391745433027184,0.9326369306366362,0.01249165558445156
Test_37,0.29718334893049736,0.0022252326082151173,0.07361987309432977,0.6269715453669576
Test_38,0.15626471534967085,0.026391690044164924,0.06628516905970262,0.7510584255464616
Test_39,0.009663795296622398,0.035592482981279046,0.7596342102792243,0.19510951144287436
Test_40,0.34736059788022594,0.00896277302087362,0.1740949337714701,0.4695816953274302
Test_41,0.024698618521382564,0.06810209842813246,0.8664467753787851,0.04075250767169973
Test_42,0.04031619166985258,0.06509169676124327,0.09343315917003459,0.8011589523988695
Test_43,0.47969306303294795,0.024259434329548434,0.3270413754122738,0.16900612722522976
Test_44,0.28810177314070445,0.036364835611596626,0.07551798931249197,0.6000154019352071
Test_45,0.33253015370603306,0.06134924756829149,0.420576287380846,0.18554431134482932
Test_46,0.21371434550444296,0.0049763568864206525,0.0163181517173535,0.764991145891783
Test_47,0.03011591112931886,0.07307756035987814,0.8238873265602532,0.07291920195054978
Test_48,0.011798563441549104,0.05819202289968288,0.8774039004197448,0.05260551323902332
Test_49,0.014594915129077325,0.05323857098540347,0.8548793505890263,0.07728716329649293
Test_50,0.0023977521487612173,0.031127554238572188,0.9643371472518775,0.0021375463607890806
Test_51,0.01199127816014576,0.0667616631998617,0.7268941668039655,0.1943528918360271
Test_52,0.19234155037585426,0.4998560049524726,0.2310616175199653,0.0767408271517078
Test_53,0.11505845051696832,0.09988982482930585,0.695885808209303,0.0891659164444229
Test_54,0.05719151592947587,0.07763482743753304,0.8426937377759683,0.02247991885702272
Test_55,0.3233237166499769,0.03717284556517981,0.2941748932797818,0.3453285445050615
Test_56,0.05121759695914534,0.058976356209363305,0.30013441397303364,0.5896716328584577
Test_57,0.7032547521701477,0.011394668125511384,0.009197450221463009,0.276153129482878
Test_58,0.2458302080190817,0.00843432675149433,0.07786975204805094,0.6678657131813731
Test_59,0.018355696585285883,0.06305961303440767,0.7267319958501672,0.19185269453013926
Test_60,0.04912763834406498,0.14161205895716006,0.22901334540077584,0.580246957297999
Test_61,0.584368840949365,0.025044453668280637,0.2538103462135428,0.13677635916881142
Test_62,0.49832375521160915,0.0013323020250074506,0.36587648567813696,0.1344674570852466
Test_63,0.25281138626812183,0.34757507638267715,0.25929448863243154,0.14031904871676934
Test_64,0.38901185651053344,0.005762399219142408,0.30001133768122407,0.3052144065891
Test_65,0.032495229344489424,0.10312053868017983,0.41495739684015853,0.44942683513517223
Test_66,0.2265228159713332,0.03172208003144656,0.7299830564296899,0.011772047567530308
Test_67,0.005640210515488913,0.06324982023076027,0.8553172802321044,0.0757926890216465
Test_68,0.19368204712302006,0.04900823588830225,0.05961476685233949,0.6976949501363382
Test_69,0.011975154080886515,0.029944676907601928,0.9402815424175678,0.017798626593943698
Test_70,0.14050140610479542,0.06122955671289866,0.14072978508263037,0.6575392520996756
Test_71,0.11133498930117647,0.030749728582685796,0.8288196908021627,0.029095591313975107
Test_72,0.14587399617837346,0.2538531801230933,0.2885118795516598,0.31176094414687344
Test_73,0.9383528549160661,0.0007220918157488429,0.043458016467682305,0.017467036800502746
Test_74,0.557902068046269,0.021244068391959466,0.21812736718904058,0.20272649637273102
Test_75,0.716896195161007,0.007650453292900617,0.040027828821769404,0.23542552272432302
Test_76,0.14389216079703623,0.1333097338837653,0.12012229235434384,0.6026758129648546
Test_77,0.01524873249971201,0.03593594298642831,0.6704231297718588,0.2783921947420008
Test_78,0.14315919811177055,0.0802576815552727,0.30180225351700707,0.4747808668159496
Test_79,0.3869684157727335,0.03727186518742298,0.4942959795893946,0.08146373945044898
Test_80,0.11638093085853796,0.23160378733611564,0.4336357935959759,0.2183794882093704
Test_81,0.11493277752507129,0.20142369925913936,0.5415782269750256,0.1420652962407638
Test_82,0.11994288503388624,0.03360902100342402,0.6326343748718731,0.21381371909081662
Test_83,0.4074661265852054,0.05797170901060874,0.2209415357975899,0.31362062860659595
Test_84,0.5061264544390836,0.006113777803040612,0.26665659769737904,0.22110317006049685
Test_85,0.0982361508434601,2.15462590330925e-05,0.08428231522005775,0.8174599876774492
Test_86,0.10722112405537236,0.09673997697857388,0.6739842277821061,0.12205467118394771
Test_87,0.4520500863752655,0.10738937727594755,0.1377354316620291,0.3028251046867579
Test_88,0.11331521695560424,0.052656111155909624,0.023865868240969833,0.8101628036475164
Test_89,0.47270510672215993,0.0018046295406175627,0.12454616685554631,0.4009440968816762
Test_90,0.19322623459593724,0.08432941374172158,0.5119627931980739,0.21048155846426733
Test_91,0.5590218566122731,0.01741476353789882,0.16624805203181212,0.2573153278180159
Test_92,0.35010844357413573,0.015160834063866344,0.1443313039909747,0.49039941837102313
Test_93,0.12403272751310672,0.2912951048050655,0.4528637726717366,0.13180839501009134
Test_94,0.19639081320774668,0.009460238674703365,0.08279950063054164,0.7113494474870082
Test_95,0.34718384607925323,0.04613214001440038,0.28501618032073905,0.32166783358560735
Test_96,0.6562541089636915,0.004508510589603639,0.011264586864436191,0.32797279358226866
Test_97,0.3073189974961669,0.036370321530004655,0.18055421114351322,0.47575646983031533
Test_98,0.45380231712011043,0.07650110285701761,0.12993467750463134,0.3397619025182407
Test_99,0.2824313916282144,0.03787150352610835,0.49190677518728326,0.187790329658394
Test_100,0.11376457402122322,0.06157175477505191,0.046078855596462326,0.7785848156072626
Test_101,0.4892090986275396,0.024554047550930266,0.2168227071172239,0.2694141467043063
Test_102,0.24491989645096357,0.04594399846368184,0.09936471090547941,0.6097713941798751
Test_103,0.2121373252527849,0.16825705735173152,0.46400829990961023,0.1555973174858733
Test_104,0.4163528890708483,0.04149473196008991,0.05967701168530845,0.4824753672837534
Test_105,0.022747637438168346,0.001928857171887776,0.03135521463449023,0.9439682907554536
Test_106,0.29526736007650106,0.032514709089309174,0.3585672457652528,0.313650685068937
Test_107,0.0011891442444810529,0.06671514575329013,0.924382306665447,0.0077134033367818105
Test_108,0.271084650508569,0.010494715674199235,0.2082421320002651,0.5101785018169667
Test_109,0.5732077813700605,0.0941427907044687,0.17474676761624153,0.1579026603092293
Test_110,0.43108943489656654,0.05347759429390516,0.26655574897255335,0.2488772218369749
Test_111,0.7591368730626118,0.0036166237439376613,0.13352004355108418,0.10372645964236629
Test_112,0.0030458016550544966,0.05450036854139535,0.8163242859379669,0.12612954386558303
Test_113,0.5249644984635469,0.007846500635552955,0.2671506701492753,0.20003833075162486
Test_114,0.4744578993013336,0.04598167341969327,0.1462145448829908,0.33334588239598234
Test_115,0.41441118087700807,0.04370044447354878,0.047560104912947626,0.4943282697364956
Test_116,0.18437803626489085,0.06157737768605398,0.5711086716100927,0.18293591443896245
Test_117,0.0033054114745978474,0.02988372345866571,0.9487417642796382,0.018069100787098342
Test_118,0.005068323807805143,0.03190166049991846,0.9535083072657526,0.009521708426523754
Test_119,0.47586658472350296,0.024634625384670025,0.3228427199093338,0.17665606998249322
Test_120,0.0777332786713293,0.02206172804333773,0.8278326718056958,0.07237232147963717
Test_121,0.41545228545555724,0.07368821483557936,0.3560891477835119,0.15477035192535143
Test_122,0.004526789661197023,0.07669262551931919,0.7633450534966023,0.1554355313228814
Test_123,0.0013355295764934257,0.01177725241358772,0.9868396987007797,4.7519309139224856e-05
Test_124,0.7344719295244206,0.025422391067220995,0.11005066864372015,0.13005501076463818
Test_125,0.2216687743782624,0.16272887220053264,0.08647680100504453,0.5291255524161603
Test_126,0.39459238334052865,0.13322543546607127,0.3484912870422432,0.1236908941511569
Test_127,0.29704173360134256,0.018040966632967403,0.07353154952340082,0.6113857502422891
Test_128,0.0581402372414365,0.009113064528262393,0.07898556152877718,0.8537611367015239
Test_129,0.0008049792081809757,0.02625356239190403,0.9640696235164499,0.008871834883465263
Test_130,0.557240146168374,0.006798707064988202,0.06952459480183322,0.36643655196480457
Test_131,0.1183107483645377,0.016852935734806198,0.05792280660595109,0.806913509294705
Test_132,0.5128400379282974,0.03980468887843418,0.20353124571353393,0.24382402747973447
Test_133,0.09793565006658274,0.06133745565176747,0.13436687155800514,0.7063600227236446
Test_134,0.4599427861708389,0.0054647168052782856,0.05945759797406197,0.4751348990498207
Test_135,0.28087472107912137,0.09402430555434538,0.35711039628054725,0.267990577085986
Test_136,0.04705879676867273,0.04570020013577357,0.2449638620935824,0.6622771410019712
Test_137,0.008676945086901599,0.014289829131424533,0.9490569391357032,0.02797628664597075
Test_138,0.002013056247876424,0.04586247727524658,0.9511566463029006,0.0009678201739764318
Test_139,0.8485352562007884,0.06894354052914875,0.07424933416549866,0.008271869104564228
Test_140,0.20280103748661138,0.05419804813968117,0.46940507869894743,0.2735958356747602
Test_141,0.6836800128968479,4.703903164901491e-05,0.02144887648506718,0.29482407158643603
Test_142,0.3259707559987507,0.23917456645143972,0.29904179462945374,0.1358128829203559
Test_143,0.36609839610069617,0.02303497906030246,0.03904914445911373,0.5718174803798877
Test_144,0.20584110865647723,0.07279066357545036,0.21946905862158245,0.5018991691464899
Test_145,0.7698393804795548,0.00250382237611638,0.12094934932624476,0.10670744781808415
Test_146,0.010086474234482475,0.07027248894330376,0.8423293772426765,0.07731165957953731
Test_147,0.013779380615619143,0.0417323951690243,0.8619331322389444,0.08255509197641213
Test_148,0.3432337307405208,0.01938240372954425,0.5052155950018881,0.13216827052804697
Test_149,0.014555297660966087,0.17341384058714696,0.5255046871528775,0.2865261745990095
Test_150,0.37820583286887105,0.003074495379657613,0.33693959206296487,0.2817800796885064
Test_151,0.06834542832848935,0.04861909904984129,0.8509506837234431,0.03208478889822629
Test_152,0.010506433104102583,0.03175505993647105,0.8306942658761937,0.1270442410832328
Test_153,0.895166727550248,0.0011307260046607742,0.0011378236582905942,0.10256472278680068
Test_154,0.1827409668511113,0.07680645727643416,0.7233608677714986,0.01709170810095615
Test_155,0.010306368523693044,0.0433730289067134,0.9300008102506944,0.016319792318899098
Test_156,0.036394940586861754,0.0023762030844872665,0.022389452115823397,0.9388394042128276
Test_157,0.06748404129604836,0.03038118787329649,0.8845696208238174,0.0175651500068376
Test_158,0.2983980649729484,0.01903404568224075,0.01786006061730057,0.6647078287275103
Test_159,0.1794437710582714,0.00013045732121877025,0.24513989932396346,0.5752858722965464
Test_160,0.7835605990987122,0.014853629230171342,0.039012575940969255,0.1625731957301472
Test_161,0.12176170023988049,0.09256498460628726,0.3115039924646491,0.47416932268918316
Test_162,0.3963747716627037,0.007985390920967584,0.5635852660087236,0.03205457140760502
Test_163,0.0038949402895930327,0.04328096660056084,0.9498583122942634,0.0029657808155826577
Test_164,0.6562240523059681,0.010241840107845629,0.16477414667314547,0.16875996091304074
Test_165,0.40620458975951407,0.03338494194820045,0.15624424827954703,0.4041662200127385
Test_166,0.6057694279695822,0.00593627594090677,0.14054775916422962,0.24774653692528154
Test_167,0.07764541325706245,0.008541966599137987,0.773270799974819,0.14054182016898056
Test_168,0.11230655823112402,0.06214263906093775,0.6579454022711361,0.1676054004368021
Test_169,0.13939588209833043,0.07803485131879409,0.7787766328936226,0.0037926336892528455
Test_170,0.06525295958677724,0.005357538469702853,0.14954224618496906,0.7798472557585509
Test_171,0.0682962052115156,0.0799259341663887,0.6652523626596468,0.1865254979624489
Test_172,0.13638643329072536,0.030667614599842845,0.8081037119063353,0.02484224020309655
Test_173,0.004885479604786771,0.033671435717305194,0.9289356188243968,0.03250746585351128
Test_174,0.5199469605416802,0.014376165035101954,0.18917613669262306,0.2765007377305948
Test_175,0.4503545799378312,0.01834843494005878,0.10022863906846488,0.4310683460536452
Test_176,0.31372374676633663,0.0450946855846261,0.36725934309285796,0.2739222245561793
Test_177,0.04012975862502178,0.00425203848174063,0.024119549389143475,0.931498653504094
Test_178,0.05947326397603474,0.010720183538503333,0.020330857090248768,0.9094756953952132
Test_179,0.019997411708314258,0.028460433690812362,0.8649019932024163,0.086640161398457
Test_180,0.5292766376413292,0.08304703463378418,0.2563916763639717,0.13128465136091494
Test_181,0.16023949379021749,0.09934210810613092,0.11947711387784161,0.62094128422581
Test_182,0.0023782151639505657,0.03877840347440983,0.9353901099932094,0.023453271368430118
Test_183,0.29187208932679215,0.03233660228852786,0.4461256052655231,0.22966570311915702
Test_184,0.5394919898365229,0.004381105710846023,0.2554114482880033,0.20071545616462777
Test_185,0.3426819558431356,0.055924141057279095,0.22297703646331524,0.3784168666362701
Test_186,0.32895792706539323,0.08815361463952812,0.048208487568511406,0.5346799707265673
Test_187,0.564731640732685,0.02902866777362864,0.308862008612381,0.09737768288130537
Test_188,0.6499835589579159,0.010436080292062888,0.1656639783728173,0.1739163823772038
Test_189,0.6136298468141084,0.0023586257558659155,0.1545224830100704,0.2294890444199553
Test_190,0.1336273260882353,0.034376779046168024,0.3206396141334206,0.511356280732176
Test_191,0.0022852487437246068,0.04215402273880012,0.7949220780994954,0.1606386504179798
Test_192,0.828233567168582,0.00014747360316523888,0.028476878742490958,0.14314208048576163
Test_193,0.27990636778174843,0.18293819753159177,0.37864408783183046,0.1585113468548293
Test_194,0.04558785884325933,0.07431188003280745,0.8196084307254192,0.06049183039851407
Test_195,0.3768557260839174,0.042030297909797,0.2273761941598203,0.35373778184646526
Test_196,0.1943069118161259,0.1258351612244372,0.414766392443752,0.26509153451568507
Test_197,0.05623707207559787,0.03841736525280834,0.7309232867228642,0.17442227594872953
Test_198,0.029864123789263872,0.012940466737551871,0.015157254985508205,0.942038154487676
Test_199,0.17030627650590513,0.0392397383815027,0.677686507907607,0.1127674772049851
Test_200,0.003613074307561133,0.04230423463052993,0.8730530639651752,0.08102962709673388
Test_201,0.3424048237531825,0.10128933364067312,0.0029859963054561125,0.5533198463006883
Test_202,0.02287938091956717,0.05437717147598903,0.9144711966071188,0.008272250997324945
Test_203,0.1639494722493292,0.00255544196397705,0.11714812737203527,0.7163469584146585
Test_204,0.42915602054822455,0.03652295036748801,0.31719798818380085,0.2171230409004865
Test_205,0.17698033202304117,0.006768071136040606,0.04112044709801114,0.7751311497429071
Test_206,0.48431623160983056,0.01047664382115398,0.07638440194826486,0.42882272262075066
Test_207,0.07285278479395757,0.06126317745211262,0.5495839053168186,0.31630013243711125
Test_208,0.44690752791817184,0.07454663960010198,0.07668085828505125,0.40186497419667483
Test_209,0.02266835364522684,0.07164243000052113,0.7435965926172541,0.16209262373699784
Test_210,0.17672360805744103,0.10721132713864429,0.37916497059635546,0.33690009420755934
Test_211,0.005963350451033386,0.02659691511941493,0.9620952183307863,0.005344516098765576
Test_212,0.2861199678664433,0.13047408109286623,0.5181206512011963,0.06528529983949428
Test_213,0.17203523509439322,0.20046062902101117,0.16665175793901815,0.4608523779455776
Test_214,0.008125081544971897,0.03551618344860209,0.8006864688565135,0.15567226614991256
Test_215,0.2910977528229193,0.04938361015191738,0.14391225115201725,0.5156063858731461
Test_216,0.7514130945936708,0.04859621445806403,0.015499433346479135,0.1844912576017858
Test_217,0.0581823939310303,0.057715264908418246,0.6606241230379722,0.22347821812257918
Test_218,0.6811114415435632,0.07844778971507141,0.20132524653611003,0.03911552220525532
Test_219,0.404939493812364,0.05580701421036474,0.41274222826599455,0.12651126371127677
Test_220,0.17970526987225907,0.026264580172895555,0.13979546775724744,0.654234682197598
Test_221,0.3316811182501475,0.011768487465957734,0.48261794331144514,0.17393245097244947
Test_222,0.14477279360200263,0.05058995473560757,0.6673317039963723,0.13730554766601744
Test_223,0.011807834110800214,0.1294492076547036,0.7135318193998795,0.14521113883461675
Test_224,0.1954096409794869,0.046149807884312624,0.17180040694097107,0.5866401441952295
Test_225,0.48626360963491383,0.02107870152518847,0.32704004701708883,0.16561764182280891
Test_226,0.05479125028740597,0.1371705451698054,0.7927273773084018,0.015310827234386927
Test_227,0.1640472681238624,0.024647119647446813,0.10367732953756383,0.7076282826911269
Test_228,0.8005037758943931,0.005949118590370257,0.16103699205741298,0.0325101134578236
Test_229,0.010058139689034204,0.16024106730097545,0.696822805249143,0.1328779877608474
Test_230,0.5444850770067204,0.003645653391178496,0.20823325774999302,0.2436360118521081
Test_231,0.12866082054457334,0.018976919312108324,0.08830335913531386,0.7640589010080044
Test_232,0.18571671540292553,0.09172649359055549,0.7207430745245729,0.0018137164819462047
Test_233,0.175134218475182,0.007737281498040014,0.15926614729030755,0.6578623527364704
Test_234,0.21352744861916118,0.07320458004725547,0.2720188118699181,0.4412491594636652
Test_235,0.07401877593983124,0.20929747152041828,0.26648950566964474,0.4501942468701057
Test_236,0.3370080794391894,0.00010087328401960141,0.3342314027021569,0.3286596445746341
Test_237,0.20446827157616007,0.03765606842740698,0.14985281363689226,0.6080228463595407
Test_238,0.33492339178883135,0.08336144924574936,0.5280240272192998,0.0536911317461195
Test_239,0.018535461201594827,0.02594019560281927,0.9094316108319475,0.04609273236363841
Test_240,0.0006355084290175026,0.015066563519530852,0.9828858465162151,0.0014120815352363506
Test_241,0.13090569530598922,0.10343930103632595,0.2361130284033099,0.5295419752543749
Test_242,0.3510165509921354,0.16118988737347598,0.2079050612612939,0.27988850037309465
Test_243,0.7043347841483559,0.02040292212997417,0.14089205487450027,0.1343702388471695
Test_244,0.44361125400479223,0.11095644924880989,0.14355897032025447,0.3018733264261435
Test_245,0.2924772241774167,0.09674299044281928,0.40580384499671196,0.20497594038305197
Test_246,0.45490120266329626,0.07076194288370606,0.052488283495706146,0.4218485709572916
Test_247,0.04302848846157558,0.027621780807094945,0.04214676410851572,0.8872029666228138
Test_248,0.6430613639616758,0.13196063635811023,0.12502413948709906,0.09995386019311503
Test_249,0.350597919542813,0.008132654712501441,0.17255600221200662,0.468713423532679
Test_250,0.04788186700761955,0.028439395553267553,0.9017615685285879,0.021917168910525066
Test_251,0.47824835257035675,0.022258172105491927,0.12006195159725863,0.37943152372689265
Test_252,0.008706133761735202,0.04064432777220403,0.7453459010331044,0.20530363743295643
Test_253,0.07507526206056046,0.04107978353496717,0.02649975500908324,0.857345199395389
Test_254,0.3254489427108505,0.025978721437201556,0.23404050159993808,0.41453183425200996
Test_255,0.1710000120080159,0.07595051613313289,0.24918119327762678,0.5038682785812244
Test_256,0.012057002358370183,0.11881923444272058,0.1130188901034263,0.7561048730954829
Test_257,0.005676288071038617,0.04602486503002489,0.891595862485258,0.05670298441367847
Test_258,0.09457993182729696,0.06398053472186337,0.5430566268631637,0.2983829065876759
Test_259,0.4416129324772715,0.062366402586122936,0.34496141849760775,0.1510592464389978
Test_260,0.2900879834908898,0.006352683360120503,0.0969474699237895,0.6066118632252002
Test_261,0.14658914016270438,0.07656965331666701,0.7369050565583463,0.03993614996228222
Test_262,0.3160299062796969,0.0836738912064264,0.4085173379692081,0.19177886454466858
Test_263,0.3818646017704938,0.024570228521932143,0.02490829091222263,0.5686568787953513
Test_264,0.18638158086566187,0.05476001058426166,0.69179654669771,0.0670618618523665
Test_265,0.05238097629784437,0.09077812190056272,0.675560486909736,0.181280414891857
Test_266,0.14533341092382748,0.029623688596594224,0.11853992056040474,0.7065029799191735
Test_267,0.4750850794154084,0.027037648613815867,0.18895254112176663,0.30892473084900907
Test_268,0.0050286177555511615,0.05211917406491008,0.8179144496331827,0.12493775854635612
Test_269,0.40291589082496937,0.025030098018188653,0.5321872484864961,0.03986676267034592
Test_270,0.23574628907345088,0.0037909507988813378,0.023451269083387922,0.73701149104428
Test_271,0.5696792343779558,0.06764821795667506,0.16152132725806834,0.20115122040730093
Test_272,0.004840237354545321,0.03930788278178864,0.898490738349247,0.05736114151441902
Test_273,0.4442434362710312,0.025282400351641227,0.11104913834036936,0.4194250250369582
Test_274,0.08155734399268627,0.043721584717066345,0.8237809713981501,0.050940099892097225
Test_275,0.059185910139025175,0.1582785497051549,0.5820114678587194,0.20052407229710045
Test_276,0.0013961267121921574,0.089468580722358,0.6418454662851941,0.2672898262802557
Test_277,0.4059510058102768,0.06879005022162944,0.010387762320861551,0.5148711816472321
Test_278,0.11669950172221322,0.05670069331709479,0.10239933777441869,0.7242004671862734
Test_279,0.2050916756972566,0.048150630918458524,0.6687163653320486,0.07804132805223626
Test_280,0.4424063029056459,0.017859206989804935,0.15949456930465214,0.3802399207998971
Test_281,0.541444942330461,0.005977075690614017,0.4282203642911345,0.02435761768779043
Test_282,0.03720781456586797,0.1841618640720654,0.05189663507967075,0.7267336862823959
Test_283,0.002417337539769572,0.05501935134853355,0.9358442587437765,0.0067190523679202165
Test_284,0.0044177801320848436,0.11740432745428835,0.7177148406541917,0.1604630517594353
Test_285,0.7438377315400371,0.00020045799939685395,0.08790100724485957,0.16806080321570635
Test_286,0.5320224368880616,0.0018328132964610367,0.3474713913722548,0.11867335844322248
Test_287,0.5753279180783128,0.02756387001575855,0.3504839878697903,0.046624224036138334
Test_288,0.08674414819038698,0.05249874351024782,0.0684369668995859,0.7923201413997794
Test_289,0.15223725491389786,0.03532693901904803,0.07667531088740086,0.7357604951796533
Test_290,0.3169603444496059,0.03067210753514491,0.12868530882279489,0.5236822391924543
Test_291,0.2854238872739051,0.030288451127949593,0.6317695454278054,0.05251811617033986
Test_292,0.31458561813374913,0.04994064354325221,0.5105616769371468,0.12491206138585181
Test_293,0.04754506419343219,0.08789885354418321,0.8523131957854918,0.012242886476892662
Test_294,0.06972735876683939,0.06878608875516003,0.820849179229203,0.040637373248797716
Test_295,0.1048255174203769,0.04057816713753236,0.43054129221510723,0.4240550232269834
Test_296,0.3274824696826344,0.0014139864281405244,0.17263777228634375,0.49846577160288125
Test_297,0.03211665362870618,0.4320755062050342,0.01245309268762031,0.5233547474786393
Test_298,0.08550028892575591,0.09769774749054629,0.4283107695179349,0.388491194065763
Test_299,0.0017817565288977821,0.023775404132967713,0.04379949678139262,0.9306433425567417
Test_300,0.6743690243733507,0.012684158905696203,0.20360708997289595,0.10933972674805707
Test_301,0.4330244579434527,0.011645795719572425,0.1533293931356704,0.4020003532013045
Test_302,0.006505798022238681,0.030734453951318876,0.9161887020780878,0.04657104594835473
Test_303,0.7688295529528005,0.003089224981200941,0.07772001980188864,0.15036120226410973
Test_304,0.7008538639258262,0.08139374998070911,0.13223738630933812,0.08551499978412662
Test_305,0.4218166584636698,0.08077432390193766,0.2866613684036404,0.21074764923075218
Test_306,0.3558615945494505,0.003935801531786262,0.41247573015295114,0.22772687376581213
Test_307,0.5995513316799912,0.012296783090768638,0.3420020431934372,0.04614984203580299
Test_308,0.2910954491243153,0.2735701328421911,0.04666560152552532,0.3886688165079682
Test_309,0.011553994756708652,0.05067930656498492,0.7079872174977058,0.22977948118060063
Test_310,0.017480550797475236,0.09579048205179505,0.767181948625027,0.11954701852570275
Test_311,0.03942620410641176,0.13627783278959782,0.7384684712717968,0.08582749183219351
Test_312,0.1138135271661456,0.022358667612378594,0.04385062871651649,0.8199771765049594
Test_313,0.1987085621367595,0.029249362490188693,0.21415379532265882,0.5578882800503929
Test_314,0.2040952001016029,0.025842960204941534,0.5445993461999701,0.2254624934934854
Test_315,0.21455024998550462,0.05864443120216235,0.06923754742021951,0.6575677713921134
Test_316,0.4037834451391681,0.13132520163241965,0.3208447426354176,0.14404661059299464
Test_317,0.0647722281711674,0.046025419936672744,0.7272667928672838,0.16193555902487602
Test_318,0.18056940867794352,0.033925788422949715,0.058650856606413636,0.7268539462926932
Test_319,0.05566560885155312,0.10644561944944654,0.7732291660373783,0.06465960566162207
Test_320,0.004720508340223249,0.02853683606013995,0.9371531937195836,0.029589461880053198
Test_321,0.30991931898146363,0.042110313259912456,0.24147698249737296,0.40649338526125084
Test_322,0.2283661656143587,0.045258111166032275,0.17053787906925214,0.5558378441503569
Test_323,0.35077804452242495,0.011496206917662868,0.5553343507164392,0.08239139784347298
Test_324,0.140122861203801,0.04734165341786758,0.6277187730936155,0.184816712284716
Test_325,0.14846865450006327,0.08208835293718589,0.2153765255792156,0.5540664669835351
Test_326,0.028163984916533106,0.07290866632835948,0.7647532477171968,0.13417410103791053
Test_327,0.14150769185017975,0.055558965984079264,0.17275351841743355,0.6301798237483075
Test_328,0.11882081114792364,0.0626742471939398,0.6687604267908112,0.14974451486732546
Test_329,0.10317137076393158,0.027893047945177322,0.8524709624051586,0.016464618885732526
Test_330,0.1110265429071682,0.057320473647781756,0.5229391668909872,0.30871381655406277
Test_331,0.48086333055405356,0.035248129665247645,0.11653543628272371,0.3673531034979751
Test_332,0.45569985277911707,0.05673611923061019,0.395539079691851,0.0920249482984217
Test_333,0.1495389028940198,0.07217258524402867,0.47424616923408586,0.3040423426278657
Test_334,0.005576987987250334,0.0037902879658917674,0.9616671174743897,0.02896560657246828
Test_335,0.6407747777399189,0.005188839022638978,0.11162123305480248,0.24241515018263957
Test_336,0.49084282503202187,0.047176615997168804,0.3671053504298609,0.09487520854094833
Test_337,0.3598417851681169,0.039510978845646944,0.1285843735675513,0.47206286241868495
Test_338,0.4216060885261197,0.01921441123645446,0.2461728343520127,0.3130066658854131
Test_339,0.46315680889742933,0.08555058249529704,0.1184307170729613,0.33286189153431245
Test_340,0.23751497836698654,0.011122726737110908,0.2615647028990481,0.48979759199685446
Test_341,0.37777601149176226,0.03145084173927185,0.1726659835146034,0.4181071632543624
Test_342,0.7764144782208812,0.01263684246198358,0.13715154248671554,0.07379713683041964
Test_343,0.06387956937964788,0.0010244531317046936,0.04218541201520955,0.8929105654734378
Test_344,0.0017944595887927257,0.041733831240148705,0.9534722149941894,0.002999494176869091
Test_345,0.06102414075348623,0.06878232623533839,0.3603833171784383,0.509810215832737
Test_346,0.010318116360135304,0.03130540437022606,0.9273971696601047,0.030979309609533948
Test_347,0.3440079280902075,0.007870391640147823,0.16033706241657666,0.48778461785306804
Test_348,0.08163145043556314,0.007797940645897173,0.11209618354441603,0.7984744253741236
Test_349,0.28429243356940104,0.05958295836505638,0.12029973540742192,0.5358248726581207
Test_350,0.04378673295873775,0.008502789961132112,0.017157897266664515,0.9305525798134656
Test_351,0.0033163658041697043,0.039623779221022164,0.9245666973262002,0.032493157648608044
Test_352,0.27030162857142914,0.028696410855865044,0.04267670201427141,0.6583252585584345
Test_353,0.3240498430424674,0.030693536113213134,0.1823501657322319,0.4629064551120874
Test_354,0.40190675204262416,0.0374035682549256,0.24279713169706937,0.31789254800538086
Test_355,0.29694986768137727,0.0678002356505447,0.17009434128018217,0.46515555538789594
Test_356,0.3444307758975371,0.15496503774286421,0.14857558039950503,0.35202860596009367
Test_357,0.40147210360646696,0.05383458211295757,0.3474628820437999,0.1972304322367756
Test_358,0.6299380925281178,0.008021203145606538,0.13489017154199437,0.2271505327842812
Test_359,0.1274033329457524,0.02060877600236892,0.11745424797559811,0.7345336430762807
Test_360,0.4776470602103622,0.01088669264016201,0.4483050053608805,0.06316124178859524
Test_361,0.6065750051960042,0.03605790564831225,0.29319700122980547,0.06417008792587811
Test_362,0.0016600716364991474,0.009505324147093359,0.9211340448832005,0.0677005593332069
Test_363,0.02606508691494889,0.04201530606319047,0.4435496669096169,0.48836994011224377
Test_364,0.010809737515345814,0.022686497029747354,0.895205608482238,0.07129815697266885
Test_365,0.2593140123165422,0.09603345298534026,0.533582858481762,0.11106967621635547
Test_366,0.002875119008067253,0.062379445359229145,0.8475990524487481,0.08714638318395555
Test_367,0.2370001446719607,0.0058500322761978795,0.39462421544434645,0.36252560760749486
Test_368,0.8653723069394162,6.334910749167354e-05,0.00970213405618889,0.12486220989690315
Test_369,0.1408505119695917,0.011699616574043377,0.01831289274667338,0.8291369787096916
Test_370,0.022157252754650802,0.004216905379037868,0.9296226496979015,0.04400319216840972
Test_371,0.16469257727459474,0.06897249111537701,0.6814973427024031,0.08483758890762491
Test_372,0.13511490750130675,0.08011150199812209,0.3953168618308158,0.3894567286697554
Test_373,0.014547573172348992,0.21653313638762248,0.5354569230685874,0.2334623673714412
Test_374,0.13315483117624255,0.0989987560968976,0.6613744476543002,0.10647196507255959
Test_375,0.5424118503946223,0.021940141885320428,0.11591441600421219,0.31973359171584514
Test_376,0.4002804021108497,0.07420335352026276,0.22599998761322643,0.2995162567556612
Test_377,0.5928085850816563,0.01904946257605078,0.19734901176879885,0.190792940573494
Test_378,0.17747494651277393,0.003944055637773382,0.786829080739755,0.031751917109697735
Test_379,0.08105142516518242,0.03106246193762845,0.8350546263282624,0.05283148656892679
Test_380,0.09838494417017947,0.1546777250642675,0.3915622613708152,0.3553750693947379
Test_381,0.49306831134617896,0.019225910532082054,0.08478798288427977,0.4029177952374591
Test_382,0.5769503461378997,0.03273752114501623,0.20785021835359965,0.18246191436348433
Test_383,0.8767602789296252,0.007486552476900484,0.02317739221533533,0.09257577637813909
Test_384,0.5382334055346878,0.0004866388923766414,0.31977637036297124,0.14150358520996442
Test_385,0.12485202744874833,0.07655610448115244,0.18374565709029883,0.6148462109798003
Test_386,0.004946546282638089,0.1307135862767973,0.7918399867425542,0.07249988069801039
Test_387,0.2523150767178559,0.06564373070031258,0.1422199466877223,0.5398212458941092
Test_388,0.381340988658888,0.07457590328563993,0.07861623243396644,0.4654668756215056
Test_389,0.3001993106657634,0.13750595051663683,0.44110794791130675,0.12118679090629296
Test_390,0.26335682828420276,0.06569993510417134,0.17674051336322877,0.4942027232483971
Test_391,0.00845911484953001,0.05419825983461588,0.8022743851941417,0.1350682401217124
Test_392,0.0748012590257195,0.011282638815531354,0.8429585072390544,0.0709575949196945
Test_393,0.07147381150313427,0.13557758030692602,0.06682193814597351,0.7261266700439661
Test_394,0.5205095346130342,0.14709176741816152,0.186639936787761,0.14575876118104336
Test_395,0.12778923158644906,0.026187157994977135,0.8045496056829899,0.04147400473558397
Test_396,0.11831197686139247,0.00011556217042043501,0.43267858908833234,0.4488938718798547
Test_397,0.2986155268075816,0.007075009838821083,0.017793685959942924,0.6765157773936544
Test_398,0.021712027501878273,0.03637561933121177,0.5101075652691778,0.4318047878977322
Test_399,0.3565338162445444,0.015892225471042062,0.25931085661873454,0.368263101665679
Test_400,0.0005229029552516371,0.04126977797715538,0.9168541042648322,0.04135321480276077
Test_401,0.058380745581130024,0.16657234901004245,0.6094815904745666,0.16556531493426083
Test_402,0.1401458431102384,0.024379630621568036,0.10980348841624754,0.725671037851946
Test_403,0.01562481340617799,0.07021755629228756,0.8559863708463316,0.05817125945520284
Test_404,0.14608042585987455,0.030375219871096325,0.232394605149858,0.5911497491191712
Test_405,0.048899722892906665,0.010424113228802346,0.020130558119831617,0.9205456057584592
Test_406,0.038970266144524854,0.05386000322685058,0.06943045944211086,0.8377392711865137
Test_407,0.0858624043658532,0.021885538751970142,0.018003029896878204,0.8742490269852984
Test_408,0.19625837054678097,0.022058050309904948,0.10617528140622202,0.6755082977370921
Test_409,0.00980490595392165,0.03847323511019656,0.9146133377218663,0.037108521214015505
Test_410,0.1654405868229929,0.07748793478494977,0.12128462224878911,0.6357868561432682
Test_411,0.8393895761125548,0.027225363529549493,0.026670835993302104,0.10671422436459353
Test_412,0.026977003707645456,0.3417107874698689,0.4407278227812527,0.190584386041233
Test_413,0.5739847224472372,0.0036659919081661507,0.27057574712690524,0.1517735385176915
Test_414,0.28286384828505634,0.11129607133623316,0.13769945251878316,0.4681406278599273
Test_415,0.02153785215771047,0.04595624992501802,0.868607180625963,0.06389871729130844
Test_416,0.08632512710959202,0.06708376298354445,0.7556524131209295,0.09093869678593412
Test_417,0.02024262730906328,0.02109451761041044,0.9564283132912645,0.002234541789261699
Test_418,0.6586469670916888,0.07987534602043407,0.11041295450618425,0.15106473238169288
Test_419,0.5923216413381378,0.05051315367318698,0.21585466601104575,0.1413105389776295
Test_420,0.0017682142394791253,0.04884475444706896,0.934381942571405,0.015005088742046724
Test_421,0.07524167533173066,0.022762056812074348,0.047224045820439015,0.8547722220357559
Test_422,0.04238622815270306,0.014255010857119384,0.37311862945870583,0.5702401315314718
Test_423,0.033099675418849527,0.3699767145463216,0.1418347967084025,0.4550888133264265
Test_424,0.1279617522378928,0.03226772252961519,0.7807765035273284,0.05899402170516364
Test_425,0.1302030870098432,0.049038264988628046,0.1349216945980634,0.6858369534034653
Test_426,0.2085819373016247,0.11910384909884833,0.2579963164226841,0.41431789717684275
Test_427,0.021781661490611517,0.03004774426205364,0.025279440007695234,0.9228911542396397
Test_428,0.130284265894442,0.028812344647410837,0.022406793343928814,0.8184965961142184
Test_429,0.23929206802385125,0.020631590411250726,0.6385304197371332,0.10154592182776492
Test_430,0.009298754535552095,0.0628017659626514,0.8643213383598503,0.0635781411419462
Test_431,0.27033093455601914,0.00025566181187077104,0.09891350740837748,0.6304998962237326
Test_432,0.1792878304357067,0.10459135707288489,0.06293056425375093,0.6531902482376575
Test_433,0.033563135313313064,0.013606885750301716,0.026780656147546517,0.9260493227888387
Test_434,0.3935957375049929,0.12196676370812022,0.10989062493697542,0.3745468738499114
Test_435,0.5857638511570301,0.013478243922834653,0.2555050708721276,0.14525283404800765
Test_436,0.7431535618234651,0.06753348633141604,0.08470064399310441,0.10461230785201436
Test_437,0.014349845199870518,0.016229914712694832,0.6939924619391102,0.2754277781483246
Test_438,0.006721432798217716,0.08006961779678215,0.8642104521994521,0.04899849720554796
Test_439,0.17302571024841834,0.2713723881494057,0.5467604544850404,0.008841447117135588
Test_440,0.00648627438968636,0.06559148987947984,0.9072976470246337,0.020624588706200167
Test_441,0.10389191120869165,0.06116825035476525,0.1724843178538747,0.6624555205826684
Test_442,0.3291439373138236,0.02107204690547484,0.08857646488055229,0.5612075509001493
Test_443,0.060815523882243885,0.08913443417536099,0.10766598986468026,0.7423840520777149
Test_444,0.4319045532803166,0.019296560174138208,0.2524090409438867,0.29638984560165843
Test_445,0.0045430497377683884,0.03971942932825403,0.9113345952561999,0.04440292567777789
Test_446,0.40617210541033877,0.031854302841536224,0.1430466831401412,0.41892690860798387
Test_447,0.48793653336051257,0.052445645625551846,0.3594892091898454,0.10012861182409011
Test_448,0.046323939907002246,0.377778872023022,0.455659516842199,0.12023767122777677
Test_449,0.5470359201614066,0.03674923027942297,0.2212296284520611,0.19498522110710936
Test_450,0.5013227425018049,0.0005873710602860075,0.1685003419551227,0.3295895444827865
Test_451,0.004056150943163144,0.0703548123179578,0.8428926103550788,0.08269642638380018
Test_452,0.1923255178097411,0.008084478729285905,0.2925808198050339,0.5070091836559392
Test_453,0.09270690892630437,0.03969863759888649,0.10380517000746864,0.7637892834673405
