image_id,healthy,multiple_diseases,rust,scab
Test_0,0.031550785367324266,0.12001785404115413,0.7944264828019617,0.054004877789560084
Test_1,0.22345186187371463,0.09450999206950086,0.36258621477486885,0.31945193128191535
Test_2,0.060199676757223125,0.026023404205434045,0.20398959716638318,0.7097873218709594
Test_3,0.5409458778113467,0.058187462202085066,0.13649670115172907,0.26436995883483927
Test_4,0.05879200950013186,0.09379441124760175,0.6915328089130283,0.15588077033923817
Test_5,0.40257238222653163,0.01365310475569971,0.17260271382994188,0.4111717991878267
Test_6,0.4182518421423624,0.015039354482775814,0.16364062809693827,0.40306817527792393
Test_7,0.18164066611192178,0.034541811181674036,0.21413724199501144,0.5696802807113925
Test_8,0.19192939266756975,0.18981952989599588,0.09776930544918258,0.5204817719872515
Test_9,0.38361461525518,0.02991182617227979,0.3730319335803057,0.2134416249922345
Test_10,0.05058373924449765,0.08937835381382413,0.7109220510137517,0.14911585592792648
Test_11,0.2433981045521872,0.029904116287290252,0.5183530606752152,0.20834471848530714
Test_12,0.2924136344132415,0.06085950395116891,0.10068975377161266,0.546037107863977
Test_13,0.4546608727767181,0.03266715827348571,0.33995907005847303,0.17271289889132332
Test_14,0.030209876716622196,0.09863016671016728,0.8401703306647436,0.030989625908467135
Test_15,0.23896997742014106,0.08433169625038005,0.5423239506270608,0.13437437570241795
Test_16,0.36408789894877,0.09154075410597586,0.14776360483750053,0.3966077421077538
Test_17,0.08040999350385569,0.061597942146695256,0.4768558497620969,0.38113621458735236
Test_18,0.3977437749271653,0.07173582216686694,0.18675629814640327,0.34376410475956437
Test_19,0.10144683126319261,0.05085476240490065,0.5211433328659797,0.32655507346592727
Test_20,0.41818315648293103,0.023449266481312712,0.1905407087460751,0.36782686828968136
Test_21,0.209154036146823,0.002329135957866626,0.04802286224030816,0.7404939656550019
Test_22,0.2597141835602373,0.055860563019230126,0.5195504910992123,0.16487476232132048
Test_23,0.15100571372756855,0.04956879045188065,0.1389338503494871,0.6604916454710636
Test_24,0.24731848909362197,0.034436594447158214,0.4088756475583286,0.3093692689008913
Test_25,0.41052728008078043,0.0032450603697766352,0.14507322192765126,0.4411544376217916
Test_26,0.15020658728052427,0.0462326730276887,0.43535480648424074,0.3682059332075464
Test_27,0.1566864073600908,0.06151163621016662,0.6062499735794673,0.17555198285027535
Test_28,0.4594530499522492,0.037213453639502986,0.27709650814719416,0.22623698826105382
Test_29,0.46117598233472396,0.047904027803999286,0.2757993682861745,0.21512062157510214
Test_30,0.5112408700940998,0.011166532740458344,0.23715610978397128,0.24043648738147044
Test_31,0.05364539687328119,0.10164102851642796,0.7333066801115282,0.11140689449876247
Test_32,0.5168320990600062,0.026937922573543664,0.10412520994854395,0.35210476841790656
Test_33,0.21710710840223266,0.024405133956877854,0.06435345521883763,0.694134302422052
Test_34,0.6898258483946905,0.010794903892215385,0.17890509038802588,0.12047415732506835
Test_35,0.1788365379692163,0.023941342409039716,0.1878138314263403,0.6094082881954036
Test_36,0.04399599429534748,0.09954645380997383,0.7362400898424865,0.12021746205219234
Test_37,0.27257689123304746,0.039668805971108966,0.08751607546070078,0.6002382273351425
Test_38,0.19936470629824105,0.054881795191842914,0.10690920900718656,0.6388442895027293
Test_39,0.0361057973490842,0.023784049157269886,0.5197782710267995,0.42033188246684633
Test_40,0.48817840953698544,0.03951044658989872,0.26515230850437926,0.2071588353687364
Test_41,0.23209482804121934,0.053889901934121104,0.5256118072456143,0.18840346277904504
Test_42,0.1670637826161205,0.05104086596258863,0.14339333310316812,0.6385020183181228
Test_43,0.31055115342837586,0.0125447370857534,0.5281254066762714,0.1487787028095995
Test_44,0.35635887087635776,0.0960404544253284,0.1182375444918627,0.42936313020645134
Test_45,0.336684697884812,0.044214334300748,0.3279635459342681,0.29113742188017205
Test_46,0.5102186468592063,0.015834108640047948,0.06684146097145807,0.4071057835292879
Test_47,0.11034185391311241,0.0871721902378409,0.609914760300567,0.19257119554847943
Test_48,0.04204899299111671,0.08205386371083583,0.7432883388759672,0.13260880442208037
Test_49,0.055735475664743024,0.0959681120782574,0.6428882673303956,0.20540814492660409
Test_50,0.05722220548850817,0.06393253575664462,0.7728837907696741,0.1059614679851728
Test_51,0.11179974764053725,0.07067721892080171,0.528360110738703,0.28916292269995836
Test_52,0.18553115911069593,0.0767575557797519,0.508441143665089,0.22927014144446323
Test_53,0.09808044638329354,0.08574746091969161,0.7037739527190491,0.11239813997796537
Test_54,0.05961806202476071,0.04742520780525512,0.7996656763028325,0.09329105386715143
Test_55,0.500412984867574,0.021880786301418136,0.14238602904905379,0.33532019978195426
Test_56,0.11343519317001607,0.022041900843764797,0.32971537084788693,0.5348075351383322
Test_57,0.5345486127588901,0.00946418205355101,0.10715096001816629,0.3488362451693924
Test_58,0.23377887345221612,0.02491767863717204,0.16206960119692446,0.5792338467136877
Test_59,0.1735292174170843,0.0866460165265892,0.4024755567144896,0.3373492093418372
Test_60,0.07006870596682385,0.05844574387698476,0.21641899860815092,0.6550665515480406
Test_61,0.51617313704944,0.046504386906693285,0.21618209871290311,0.22114037733096392
Test_62,0.3691086699110449,0.0074947215630850675,0.36822934771878957,0.2551672608070804
Test_63,0.14935319119303955,0.07813248419845131,0.4565672865059995,0.3159470381025098
Test_64,0.3256205361633714,0.04897991214178205,0.29455154925055227,0.33084800244429413
Test_65,0.1683649045378864,0.0541056572310501,0.444070438135914,0.3334590000951496
Test_66,0.7666382504107327,0.006979443620632435,0.11986410618469805,0.10651819978393688
Test_67,0.0944084308964616,0.06591073475249351,0.6179688267254559,0.22171200762558893
Test_68,0.3262117818000731,0.038834225843101096,0.18190714752249054,0.4530468448343353
Test_69,0.1057769014720948,0.055755053930363965,0.6628243072071058,0.17564373739043534
Test_70,0.18514707345549555,0.04945612069968821,0.33798498319742665,0.4274118226473896
Test_71,0.13187141992930937,0.050329420667382656,0.627670399568874,0.19012875983443378
Test_72,0.18741617538751848,0.09900726324646686,0.29667188480843965,0.41690467655757485
Test_73,0.5723604748684945,0.00703928365207787,0.18713352261308636,0.23346671886634138
Test_74,0.32282484089385605,0.023416204861352558,0.38966039329135493,0.26409856095343676
Test_75,0.2532330050330541,0.07228613893827956,0.3727304795458098,0.30175037648285635
Test_76,0.23145979651455964,0.09355350730430219,0.17335586394443078,0.5016308322367075
Test_77,0.3460037853512912,0.05554559172078462,0.2787933879813581,0.3196572349465663
Test_78,0.25285868750941587,0.023017010130685064,0.14747158082003597,0.576652721539863
Test_79,0.2927640961404233,0.05075960124281189,0.4533284747005999,0.20314782791616479
Test_80,0.14736241383831516,0.052566778045014584,0.4895503461574637,0.3105204619592066
Test_81,0.3379672066944381,0.061860054556326365,0.29436777364739325,0.3058049651018423
Test_82,0.027090627334648013,0.030428177312207556,0.7676968308757823,0.17478436447736176
Test_83,0.2883241225754616,0.047784879304892065,0.3201398688655569,0.3437511292540895
Test_84,0.2811820280968447,0.02719551212017714,0.3065204125549689,0.3851020472280087
Test_85,0.19158684157730183,0.010132774420943846,0.4028844054101522,0.3953959785916021
Test_86,0.2646510271320678,0.055494116568326715,0.4194379185438793,0.26041693775572616
Test_87,0.5040972478877617,0.022547130341737304,0.1904956005847608,0.28286002118573994
Test_88,0.2548888883929918,0.08888932986419763,0.1083232172869353,0.5478985644558754
Test_89,0.2670108667342839,0.03616881978115866,0.289632665024324,0.40718764846023336
Test_90,0.14461947267522365,0.10490392516782365,0.5775575833144421,0.172919018842511
Test_91,0.4527563241199151,0.034480234398886055,0.23701298534704338,0.275750456134156
Test_92,0.5044978303645167,0.03685188702132794,0.1854491915208508,0.27320109109330504
Test_93,0.21632712039855506,0.05242558982053549,0.4335880306943219,0.2976592590865875
Test_94,0.2620821617660702,0.02374405917734566,0.09215253795436244,0.6220212411022218
Test_95,0.32532898319275716,0.08342293686970208,0.2943729443941288,0.2968751355434119
Test_96,0.38894165589620644,0.007764534515023311,0.0850331219510666,0.5182606876377034
Test_97,0.534512697835544,0.08129267846321796,0.21180486999346734,0.17238975370777082
Test_98,0.35308182434987556,0.07330959037410033,0.33393272373417465,0.23967586154184942
Test_99,0.4008332307580561,0.038405285790302064,0.23614518312397864,0.324616300327663
Test_100,0.15193536292079052,0.17439685823637513,0.1382715316921682,0.5353962471506657
Test_101,0.33162728760970733,0.03451424711849356,0.27093359875203554,0.36292486651976397
Test_102,0.37135410928703094,0.038717074352507416,0.17498809276319285,0.41494072359726897
Test_103,0.22840226002445385,0.09089451776593266,0.2008211765153808,0.47988204569423276
Test_104,0.6251827962284935,0.0075107657897381585,0.11892736303892448,0.24837907494284403
Test_105,0.1043604078112035,0.00479458664686395,0.11554855888485946,0.7752964466570732
Test_106,0.5312875712317975,0.039520037885657014,0.19941644168730038,0.2297759491952454
Test_107,0.11557542354586924,0.08117076984438874,0.4714585131545786,0.33179529345516356
Test_108,0.45749318719453547,0.028094143313536164,0.1485534343099302,0.3658592351819986
Test_109,0.41380668778522617,0.02814283844405533,0.36265028294456886,0.1954001908261495
Test_110,0.4414098882807906,0.026016412986826606,0.10778270146277683,0.4247909972696058
Test_111,0.7064083106252216,0.01587769031796604,0.1701321551490017,0.10758184390781073
Test_112,0.09476229111300241,0.09007266508835858,0.5738973761124938,0.24126766768614505
Test_113,0.4258037094123363,0.017068848563221363,0.32040607807955745,0.2367213639448849
Test_114,0.2676635578953522,0.09534800998049718,0.2255400375161046,0.41144839460804594
Test_115,0.34808603214177974,0.02956411357629334,0.2730292730582882,0.34932058122363907
Test_116,0.40845060902992575,0.03101562434677793,0.2786786684319107,0.28185509819138577
Test_117,0.06126925997949993,0.10826883600483395,0.6680183212384627,0.16244358277720378
Test_118,0.09371594127426963,0.04263830983224433,0.713990796240326,0.14965495265315995
Test_119,0.3569936127076956,0.04648707062688616,0.3358793994994214,0.2606399171659965
Test_120,0.047463996386152646,0.04596745374656382,0.7977234375814642,0.10884511228581935
Test_121,0.2726259247993974,0.03324897789746949,0.3161555133868197,0.3779695839163134
Test_122,0.1619243634838125,0.07544323221005585,0.549772043359381,0.21286036094675084
Test_123,0.012877534338923389,0.06578244385693485,0.8936543970254021,0.027685624778739818
Test_124,0.5036534880627134,0.028964445082634606,0.11007125752040486,0.3573108093342474
Test_125,0.11793955145810639,0.11008579337287205,0.5878888931399278,0.18408576202909374
Test_126,0.4130202391737947,0.04420605408522911,0.35203192594525,0.19074178079572623
Test_127,0.3248868032640041,0.06727627243316224,0.11728658623694721,0.4905503380658864
Test_128,0.21881262123745512,0.008682441657645519,0.13123457847230652,0.6412703586325931
Test_129,0.05748444608493519,0.04713475959843414,0.6769271499209626,0.21845364439566795
Test_130,0.2869868211587674,0.05844959314987212,0.1620077551529867,0.4925558305383739
Test_131,0.2778532933911627,0.023686727321347523,0.16253322280873456,0.5359267564787553
Test_132,0.4390295434096944,0.06061972573088338,0.2513336529213306,0.24901707793809177
Test_133,0.24606849894985142,0.05973056184504849,0.2470817696420769,0.44711916956302333
Test_134,0.2570679475787899,0.022714506275033523,0.27102002136793857,0.4491975247782384
Test_135,0.492350775598458,0.030044535104580404,0.20827356416008552,0.2693311251368762
Test_136,0.13203659932962467,0.029695668158732175,0.16385268894361807,0.6744150435680251
Test_137,0.10770251711831651,0.05821662312714936,0.6499512250959302,0.18412963465860402
Test_138,0.012135763720610034,0.10510027999744327,0.8456743065843756,0.03708964969757122
Test_139,0.8720539467188823,0.005818492815781818,0.04306153039775768,0.07906603006757822
Test_140,0.32311648855744823,0.04931650662237,0.4224032172539435,0.20516378756623818
Test_141,0.1374309016061536,0.11538367811928352,0.1285651154193305,0.6186203048552327
Test_142,0.2715757003054822,0.02503198738757502,0.4833576549129193,0.22003465739402356
Test_143,0.5631024729070362,0.009367962251175248,0.0973519060475631,0.3301776587942253
Test_144,0.3736440900605362,0.03550511931253964,0.3877070731894889,0.2031437174374353
Test_145,0.44835838097256375,0.051031474908598114,0.2393081776760426,0.2613019664427956
Test_146,0.06953523268730596,0.08770149428116394,0.6662574284080923,0.17650584462343782
Test_147,0.14672174411825048,0.04608376299341772,0.4729614953851602,0.3342329975031717
Test_148,0.4521624308933007,0.03478436073853759,0.32938860730134906,0.1836646010668127
Test_149,0.10006197202775229,0.05919270997540801,0.4645186485968746,0.37622666939996546
Test_150,0.33702126356969203,0.05118274003146489,0.20739361810376775,0.4044023782950753
Test_151,0.21441474399202887,0.12283115648569072,0.4810447030531623,0.1817093964691179
Test_152,0.08022040522474162,0.044979827920926696,0.7105993623732808,0.1642004044810505
Test_153,0.6521574063593537,0.01104878808085925,0.0563350943497544,0.28045871121003246
Test_154,0.16195357502069704,0.045642062502343046,0.6746653689233126,0.11773899355364731
Test_155,0.036217373646689754,0.12025381856668609,0.7582608636179959,0.08526794416862825
Test_156,0.2725398264690854,0.005263758740156084,0.09269625314323435,0.6295001616475243
Test_157,0.127586778345923,0.0377783456721467,0.6434880014072947,0.19114687457463514
Test_158,0.3588946203319052,0.011509458297098006,0.13082097766591103,0.49877494370508596
Test_159,0.14562122763419563,0.004742041379796982,0.46529744492213154,0.38433928606387574
Test_160,0.5651625109347409,0.0298219433106553,0.15915695539442035,0.24585859036018362
Test_161,0.2548120268875363,0.036793828631646985,0.28802563826659616,0.4203685062142203
Test_162,0.22015233893196365,0.05734581667654364,0.6242144304099247,0.09828741398156796
Test_163,0.030183947785816626,0.08486154060059829,0.8180222207101676,0.06693229090341754
Test_164,0.618389084576943,0.026516413669992873,0.160757818996154,0.1943366827569097
Test_165,0.3140322302713114,0.0498139029609448,0.19236052974137832,0.4437933370263651
Test_166,0.42880357624146215,0.014997274762184416,0.35166761589483114,0.20453153310152228
Test_167,0.1939932578667086,0.01003487773374603,0.6304021339676678,0.16556973043187803
Test_168,0.08650669756388599,0.08933425855121276,0.7161034855534288,0.10805555833147247
Test_169,0.6376609853436255,0.01380309726428123,0.1576566581074525,0.19087925928464083
Test_170,0.2595716013901383,0.034991071737213775,0.3265121629941955,0.37892516387845276
Test_171,0.07111910655882997,0.09211493686819362,0.5103065093805168,0.32645944719245923
Test_172,0.19170299075080507,0.019218083288244134,0.42980682223939676,0.35927210372155405
Test_173,0.14103862551439061,0.03814528397511317,0.583176402436145,0.2376396880743512
Test_174,0.5529596302157406,0.04584546520497874,0.16349641958094838,0.23769848499833238
Test_175,0.4765760595106715,0.056787603666434074,0.15952046688114938,0.30711586994174495
Test_176,0.3302130253133876,0.028543569209223817,0.4057222363623739,0.23552116911501478
Test_177,0.26156084099947,0.02752579856530376,0.19687168494097979,0.5140416754942464
Test_178,0.2267277320122296,0.030873853153247935,0.08413886143676425,0.6582595533977583
Test_179,0.09727260427025654,0.03132663736017192,0.4473944623099077,0.4240062960596638
Test_180,0.3411298518265344,0.02277344518291317,0.29500745392905703,0.3410892490614951
Test_181,0.1249993707688533,0.05901641083133113,0.21477532738484284,0.6012088910149731
Test_182,0.0696129395821643,0.08476492357963246,0.7021007283024636,0.14352140853573975
Test_183,0.4705213750753817,0.028606281852738703,0.16858838085121694,0.33228396222066237
Test_184,0.4055125019879373,0.018919956227446223,0.21695147592721123,0.35861606585740513
Test_185,0.24721792746651206,0.0835824296458774,0.28655452332322473,0.3826451195643857
Test_186,0.35929819101803206,0.03394994228527948,0.19941287743181726,0.4073389892648711
Test_187,0.3411723049391109,0.05334101472038815,0.4162694099066452,0.18921727043385547
Test_188,0.47510026956542395,0.028028491956420203,0.22981998052842423,0.2670512579497317
Test_189,0.4145390975224103,0.011982305859053891,0.34708012234994784,0.22639847426858808
Test_190,0.07712484895091812,0.024599342552292947,0.5932110374878192,0.30506477100896984
Test_191,0.05470418047939406,0.018282647652380152,0.6180939881660746,0.30891918370215127
Test_192,0.5727416761534599,0.008153069082007101,0.1695668619878113,0.24953839277672119
Test_193,0.08742397415337873,0.08975890787691798,0.7508914727056814,0.07192564526402132
Test_194,0.1856758521547688,0.0672621119783674,0.515995716103304,0.23106631976356004
Test_195,0.2540071522405096,0.08948019905545458,0.3657661665093761,0.29074648219465943
Test_196,0.32150821246923855,0.01540973448222414,0.3880094044443068,0.2750726486042304
Test_197,0.13845872317712193,0.02937635073852903,0.4297283760934198,0.40243654999092926
Test_198,0.20836379312901826,0.02102779247234264,0.09801091453506611,0.6725974998635732
Test_199,0.3534722253853347,0.061846078416941425,0.29739136967752755,0.28729032652019637
Test_200,0.10166261195586818,0.07346807639427923,0.6809358136824329,0.1439334979674199
Test_201,0.2389397491588718,0.0069261249300079245,0.07068000227971206,0.6834541236314083
Test_202,0.09448787975022506,0.07702867435174734,0.678117171033101,0.15036627486492665
Test_203,0.07985288416218364,0.043029324025654486,0.3988348991392914,0.4782828926728705
Test_204,0.41077530193941836,0.021451475856715634,0.2170463712995489,0.3507268509043174
Test_205,0.22730702612004183,0.0383779621358289,0.09538399084447803,0.6389310208996517
Test_206,0.34463188899707425,0.019996686264736083,0.24663254271091722,0.3887388820272726
Test_207,0.25054119215262277,0.05800220848440262,0.2669939080971922,0.42446269126578234
Test_208,0.3909377185323432,0.048871062223002616,0.23481534563449621,0.325375873610158
Test_209,0.1126290181441418,0.08811756085022579,0.4997417295232249,0.2995116914824072
Test_210,0.26502886941056947,0.052262484062161205,0.28548812746700664,0.39722051906026246
Test_211,0.04719855349372643,0.11157703274768825,0.7104590045256389,0.13076540923294644
Test_212,0.16291246015716368,0.1063910685834345,0.6283031294633897,0.10239334179601213
Test_213,0.15083231404485495,0.0991653131170053,0.4284570755396986,0.32154529729844117
Test_214,0.1914098008335993,0.04527256153444348,0.3644741119891731,0.3988435256427842
Test_215,0.3189346360227242,0.04091121088681541,0.16426722061265747,0.47588693247780306
Test_216,0.6662334953033171,0.027619170354849898,0.09378573446672418,0.21236159987510878
Test_217,0.19120466979421047,0.03144606160802435,0.4041255475449984,0.373223721052767
Test_218,0.4030064113191359,0.04252390070060966,0.25380089175775883,0.3006687962224955
Test_219,0.2966178822391792,0.0699331686358555,0.47629317829228385,0.15715577083268156
Test_220,0.23922743122980758,0.02079795862200319,0.27490952387796985,0.46506508627021936
Test_221,0.430410103066485,0.01642487092521089,0.49023560277470657,0.06292942323359792
Test_222,0.14875069980526798,0.049358022951110886,0.5647343933856541,0.2371568838579674
Test_223,0.04418918278592026,0.09282894876757164,0.6657351475261342,0.1972467209203736
Test_224,0.3535744095025186,0.02563225242590677,0.18730665262917626,0.4334866854423982
Test_225,0.3991738891073896,0.04226292993183084,0.27218233602341874,0.28638084493736077
Test_226,0.0784431215486584,0.059469433744795075,0.6946774445412636,0.1674100001652834
Test_227,0.37276309663621626,0.021933699219953733,0.14236271582998525,0.46294048831384504
Test_228,0.355546233056244,0.02629367255626577,0.527263413178527,0.09089668120896341
Test_229,0.12884427346966976,0.07496002129876495,0.630072529046079,0.16612317618548614
Test_230,0.4006990176917914,0.09501921203894269,0.30341571797684946,0.20086605229241644
Test_231,0.2851991228393606,0.014376789624883625,0.15977594593359773,0.5406481416021579
Test_232,0.3364457193627683,0.03179343970670982,0.5318844576812692,0.09987638324925277
Test_233,0.22637949328735388,0.02981087313756784,0.367175862047791,0.37663377152728755
Test_234,0.3097901560722531,0.07440489383053234,0.1814374198938268,0.4343675302033874
Test_235,0.1913392906798087,0.06289257946432823,0.2176502006556168,0.5281179292002461
Test_236,0.27437343754911414,0.006596553126567301,0.4184298582103831,0.3006001511139351
Test_237,0.2679955275381198,0.030899685315571756,0.12049648782596853,0.5806082993203396
Test_238,0.2529335254283454,0.04225342725249372,0.30126770822804827,0.40354533909111256
Test_239,0.10314077858827721,0.11732007346581096,0.6315437496029707,0.1479953983429409
Test_240,0.06566235872867054,0.11322238063227114,0.6511842920508802,0.16993096858817774
Test_241,0.18199591055750886,0.08204547237039826,0.27444723891392586,0.4615113781581673
Test_242,0.43291203054954747,0.05549127635034102,0.13407777201538526,0.37751892108472607
Test_243,0.5106365665703585,0.02910676315492408,0.21505189231436508,0.24520477796035228
Test_244,0.23075396681545027,0.08518651060350609,0.30204674896396494,0.38201277361707847
Test_245,0.03386549615919877,0.08650490653795682,0.7576241164918953,0.12200548081094914
Test_246,0.25210785522979856,0.03225549070626843,0.15811116360183522,0.5575254904620971
Test_247,0.17756101199199323,0.08255268414895031,0.12848259308306667,0.6114037107759901
Test_248,0.6087683048906728,0.050436348349097826,0.1627942953980906,0.1780010513621386
Test_249,0.3597990085470218,0.04190685311181014,0.2250562524039689,0.3732378859371989
Test_250,0.38853892836316173,0.05050376832881193,0.3205117098128151,0.24044559349521114
Test_251,0.35928963823341853,0.02619197292792596,0.17692180825406453,0.4375965805845911
Test_252,0.0759360672333312,0.014920258579092044,0.503715851295466,0.40542782289211077
Test_253,0.16383762386424786,0.028395776041437792,0.12522680570274455,0.6825397943915696
Test_254,0.3381421516395397,0.037815204723629724,0.20006246935594285,0.4239801742808876
Test_255,0.2949572093759566,0.056546804140780435,0.24420085922316637,0.40429512726009664
Test_256,0.17387185911693145,0.08305873030813257,0.12996729474294724,0.6131021158319887
Test_257,0.10031881388090558,0.08833384434529962,0.5898883245548826,0.22145901721891237
Test_258,0.22581281194659367,0.06355208015227014,0.40914927976247567,0.3014858281386604
Test_259,0.31140613669190953,0.0553440835428962,0.3457006569284275,0.28754912283676665
Test_260,0.30308726419018794,0.01429332870254645,0.10818090440636344,0.5744385027009026
Test_261,0.11659961588032981,0.0712372446097462,0.704682082168918,0.10748105734100576
Test_262,0.27052223528430586,0.0763620813822931,0.2772148292326152,0.37590085410078594
Test_263,0.2819577884337385,0.012000933266009699,0.17692396161967547,0.5291173166805763
Test_264,0.262699085012283,0.05420759009625119,0.49468245385883447,0.18841087103263124
Test_265,0.36854723543052637,0.009012867703455461,0.20211433378563645,0.42032556308038166
Test_266,0.15772523887531195,0.04092039454450298,0.0968551774275556,0.7044991891526297
Test_267,0.4843602240045868,0.04372471353985054,0.19686680582321417,0.2750482566323486
Test_268,0.026444355612623715,0.05792515572263162,0.7683031790337438,0.14732730963100077
Test_269,0.4234912019359744,0.027376594583120667,0.21943979846640763,0.32969240501449726
Test_270,0.3479927441742501,0.025683699477171296,0.0771950626168944,0.5491284937316839
Test_271,0.5185108381544082,0.015470440093713489,0.19048939845984983,0.2755293232920282
Test_272,0.11234929486021863,0.05679518303221488,0.594490661632504,0.23636486047506292
Test_273,0.5184249979716943,0.04865447301626212,0.12900357589187864,0.3039169531201647
Test_274,0.030257484800033627,0.0850800425861207,0.7971710879579035,0.08749138465594247
Test_275,0.06927548156295948,0.07037111524782995,0.7238963049951179,0.13645709819409263
Test_276,0.05604238605667851,0.08658272454539669,0.4917260175264787,0.3656488718714463
Test_277,0.5038266923557105,0.003712136041886798,0.13369779332752257,0.35876337827488
Test_278,0.27970373278186883,0.04275254204301268,0.17984841816569674,0.49769530700942183
Test_279,0.13290982530383136,0.06640154792066348,0.6371106274658928,0.16357799930961264
Test_280,0.41236293680664726,0.006395032647149481,0.07416594648123909,0.507076084064964
Test_281,0.4251719574027196,0.041767231721050305,0.26059898406133497,0.27246182681489506
Test_282,0.08765998184011303,0.0997196102378856,0.22762333924666706,0.5849970686753343
Test_283,0.04258670708130755,0.07887297360964446,0.7384999758722147,0.14004034343683314
Test_284,0.05795201665320537,0.08899483162843766,0.5250216732639764,0.32803147845438063
Test_285,0.4903102159579191,0.006952171742826592,0.3644004081625227,0.13833720413673123
Test_286,0.28790637122739265,0.017512063874136462,0.3435479059034683,0.3510336589950026
Test_287,0.6749357404306984,0.027742123102219525,0.18237883075916,0.11494330570792237
Test_288,0.1544198089436845,0.059581065388703565,0.1673752242511175,0.6186239014164943
Test_289,0.24957372930350616,0.013538347303974328,0.16547404056420859,0.571413882828311
Test_290,0.25776357696127344,0.09279203829305778,0.3721540474556494,0.27729033729001945
Test_291,0.08403794068557485,0.06724240548128534,0.7658077161379988,0.08291193769514085
Test_292,0.3535331090340993,0.03574086288207119,0.37085524516605356,0.23987078291777594
Test_293,0.03402338047962472,0.11953923959517077,0.792441179342591,0.0539962005826138
Test_294,0.08134239894759705,0.08386543621543528,0.6617602803841955,0.17303188445277204
Test_295,0.12920177184305504,0.02596333003688592,0.4812631394740137,0.36357175864604513
Test_296,0.44644237873774006,0.010791591066799123,0.24863901617988107,0.29412701401557995
Test_297,0.11236049189308858,0.17084741085781344,0.21027338238825194,0.5065187148608463
Test_298,0.22737499117717605,0.037957139751591325,0.49813758461864843,0.2365302844525841
Test_299,0.011308265900208128,0.08562194095584227,0.6819213692647964,0.22114842387915296
Test_300,0.33350566088595285,0.0777133728923689,0.18642391291816165,0.4023570533035164
Test_301,0.5098193195114165,0.0420527996924455,0.14329654017707716,0.30483134061906103
Test_302,0.08737543979894917,0.042276520270783824,0.5874842740704417,0.2828637658598253
Test_303,0.4519666572428355,0.02267629823687401,0.1843964427627693,0.3409606017575216
Test_304,0.412101676765443,0.03959619758509368,0.20185381050814516,0.3464483151413182
Test_305,0.3124486934068951,0.06831455137531678,0.44199664038563075,0.17724011483215715
Test_306,0.3092273454699562,0.007211848783988984,0.41180083270319234,0.27175997304286265
Test_307,0.6417762729372406,0.013608001004430091,0.06471648525429406,0.27989924080403544
Test_308,0.2093516611544566,0.08990082990971099,0.30332904201364164,0.3974184669221909
Test_309,0.1785312820616945,0.06756250391528222,0.5246060038177534,0.22930021020527
Test_310,0.16406468337484792,0.07227761833577516,0.538016318836371,0.22564137945300602
Test_311,0.08650389897857812,0.09930660255692898,0.5888674132535282,0.22532208521096472
Test_312,0.15905204612412327,0.02731401197693572,0.06956556061877214,0.7440683812801685
Test_313,0.3704711722669685,0.036109461595135624,0.16724573588690544,0.4261736302509904
Test_314,0.3032356854895818,0.007938855826725072,0.2923112038912015,0.39651425479249186
Test_315,0.27289638186267096,0.051775268835303,0.16251975198730742,0.512808597314719
Test_316,0.37989797820985605,0.04836198842120564,0.40837914221736094,0.16336089115157737
Test_317,0.19282610720781987,0.0708533925573052,0.5255694401291059,0.2107510601057691
Test_318,0.35308757117244927,0.05438355474441847,0.14992024289602515,0.4426086311871069
Test_319,0.08964253547738561,0.11908340087134522,0.6164553577174985,0.17481870593377075
Test_320,0.13555785011776608,0.07751524153766888,0.5176887011585821,0.26923820718598307
Test_321,0.4061940707502539,0.04264387425572335,0.16546206715014747,0.38569998784387505
Test_322,0.33042512990690637,0.05224062089788041,0.25012656340236517,0.3672076857928479
Test_323,0.079528926682721,0.018145031013674557,0.7342485225620946,0.16807751974150975
Test_324,0.053145544696092575,0.04885246931738234,0.8061373677808551,0.09186461820566996
Test_325,0.23134028963356218,0.06726119033260129,0.17638227367168838,0.525016246362148
Test_326,0.08108634229151139,0.0513549402593983,0.6619779220235821,0.2055807954255085
Test_327,0.30892241645147017,0.031328098509994996,0.2309055794290747,0.42884390560945995
Test_328,0.2847965369260911,0.06126727796024198,0.3650942407341805,0.2888419443794867
Test_329,0.261078694927105,0.032676965309688874,0.4973876878813646,0.20885665188184124
Test_330,0.09612925299691441,0.05769780456972506,0.39252426067877233,0.45364868175458845
Test_331,0.3318479524532077,0.10242527773457125,0.1706939787872764,0.39503279102494493
Test_332,0.48101597740527335,0.06699064027746163,0.21803305820082108,0.23396032411644396
Test_333,0.2566811787087753,0.02357121174863882,0.4673836354572071,0.25236397408537875
Test_334,0.14539287237348958,0.038745190165955866,0.677220594928689,0.13864134253186544
Test_335,0.44503532932575074,0.032575752031985275,0.1956936096579058,0.32669530898435856
Test_336,0.1521651652698353,0.05870300487813713,0.4989957365027397,0.2901360933492877
Test_337,0.3852870686323739,0.055264788827353355,0.1207224973025937,0.43872564523767876
Test_338,0.43734652566273546,0.035715637540422125,0.20752395991301356,0.3194138768838293
Test_339,0.3089641458649202,0.06364809164686017,0.4088934306754896,0.2184943318127299
Test_340,0.3306605216904486,0.04502562062291683,0.32302900480413477,0.30128485288249945
Test_341,0.42277028635461783,0.07349647119506118,0.11436916996140163,0.3893640724889197
Test_342,0.653114485784752,0.021948940124375472,0.13523880979708108,0.18969776429379132
Test_343,0.22616004141503857,0.0013430853265837745,0.14266352799345847,0.6298333452649191
Test_344,0.048205522640771416,0.11252743148330792,0.7223549547862113,0.11691209108970939
Test_345,0.20950176033014875,0.03835258935031817,0.37061405658559904,0.3815315937339337
Test_346,0.05076630688307383,0.05125359689254272,0.819330535681927,0.07864956054245635
Test_347,0.17374787555095936,0.04519402850290092,0.4433003882232215,0.3377577077229182
Test_348,0.42860620010714134,0.0016592474466595065,0.12248194421251227,0.44725260823368707
Test_349,0.31437976489963493,0.03569043950474634,0.1148665895456334,0.5350632060499851
Test_350,0.2078534627095461,0.023245074452621552,0.09586921763821077,0.6730322451996217
Test_351,0.027853842488348823,0.11631828554436877,0.7159029093443399,0.1399249626229428
Test_352,0.18664055441944902,0.1365554932933127,0.24942754997365607,0.427376402313582
Test_353,0.49514830320632,0.015093719374505626,0.19195026426273565,0.2978077131564388
Test_354,0.12460841431850543,0.028477362291851303,0.5978597901290289,0.2490544332606143
Test_355,0.42919671049192853,0.024068693284814636,0.10165164315288368,0.4450829530703731
Test_356,0.40198158149025065,0.041236212336432564,0.20446038194697125,0.3523218242263455
Test_357,0.4030952767761574,0.050816183308942345,0.22297247044431176,0.32311606947058874
Test_358,0.7295654985090646,0.016744561735252957,0.06474042256257152,0.18894951719311062
Test_359,0.22527453003996742,0.026717873837709,0.10774872054546122,0.6402588755768625
Test_360,0.44430385579506754,0.01058018725011111,0.34037124791898266,0.20474470903583863
Test_361,0.5857844304955369,0.020992492988187565,0.20678005490192944,0.1864430216143463
Test_362,0.3307003383271046,0.007748070928478954,0.37340574914278096,0.28814584160163587
Test_363,0.24222889073083279,0.02868104603072835,0.3986348611828418,0.33045520205559714
Test_364,0.21324758192097018,0.05250607266724286,0.5242488896723602,0.2099974557394269
Test_365,0.16009871703661466,0.08560423453335608,0.6076074508335166,0.1466895975965129
Test_366,0.11996238598617093,0.06385661904212274,0.58699881579197,0.22918217917973588
Test_367,0.4045925138816508,0.013478529122124258,0.20902520235930216,0.3729037546369226
Test_368,0.43998173703851196,0.0033964322716292213,0.12303830658767503,0.4335835241021837
Test_369,0.2492372541170363,0.03811130009161953,0.17633596812995536,0.5363154776613889
Test_370,0.12305454761343794,0.010699759456516784,0.6547222044787597,0.21152348845128546
Test_371,0.2016089227047048,0.10382726979891578,0.4815355382350012,0.21302826926137813
Test_372,0.2638462158339688,0.018984639832430043,0.174047507362369,0.543121636971232
Test_373,0.0965217157571883,0.09129271607467182,0.5076502190099131,0.3045353491582265
Test_374,0.13829024555407168,0.05558629839821717,0.5928015521979645,0.21332190384974672
Test_375,0.3610669560248086,0.08597522354932223,0.12528495886160754,0.42767286156426154
Test_376,0.3991627939994981,0.06000047315151209,0.29081071589027296,0.2500260169587172
Test_377,0.5584370068473583,0.019950111237253466,0.205563584421947,0.21604929749344112
Test_378,0.21546106116812033,0.09710777058824198,0.5708766195992193,0.11655454864441811
Test_379,0.15960929562396572,0.04986567537298115,0.4819508931231328,0.30857413587992
Test_380,0.25884917251885103,0.1496977999931252,0.11809879269846982,0.4733542347895541
Test_381,0.5329765988962748,0.042230357877838944,0.17544393841152783,0.24934910481435846
Test_382,0.5123534111532313,0.059477530286575,0.10467349235591435,0.3234955662042795
Test_383,0.5533516011370062,0.008689723059770452,0.17050597310187218,0.2674527027013513
Test_384,0.1638606499727654,0.016014235078572404,0.7426025115709687,0.07752260337769358
Test_385,0.3583944130430001,0.05778173501603696,0.2160870129777513,0.3677368389632119
Test_386,0.06792501914100936,0.11450393521489821,0.6160272681291693,0.20154377751492297
Test_387,0.3509757824918499,0.09185054037922198,0.19798874151794552,0.3591849356109828
Test_388,0.44636356387229537,0.04576273529383285,0.10364153381734309,0.4042321670165288
Test_389,0.4183092191151355,0.03411600749127442,0.2632744641102978,0.2843003092832923
Test_390,0.18482725326217006,0.038542022805494805,0.3661923099468329,0.4104384139855022
Test_391,0.11320587039916444,0.08192222603649277,0.6152746832788525,0.18959722028549003
Test_392,0.10330553350400981,0.04407196643579951,0.633386743532848,0.21923575652734265
Test_393,0.1546552955294608,0.11427589309746237,0.2808752967356808,0.45019351463739604
Test_394,0.25769882625147095,0.06654737151942157,0.335739550099121,0.3400142521299863
Test_395,0.27469708088653844,0.06236200851862721,0.5158443461796757,0.14709656441515873
Test_396,0.1946935884176686,0.0029008443084777556,0.40115549244787585,0.401250074825978
Test_397,0.10537988067008476,0.006221398519994286,0.08341635597409848,0.8049823648358221
Test_398,0.12021104149144718,0.03912372874715533,0.5831761999165959,0.2574890298448018
Test_399,0.3735755480467812,0.022733549529632503,0.1233708204693065,0.4803200819542799
Test_400,0.09806505506383158,0.09076325569426698,0.5521889281680089,0.2589827610738923
Test_401,0.1605971379538889,0.0657029119506846,0.4516226973689721,0.32207725272645416
Test_402,0.3109341522684538,0.021876602572725466,0.15957667346020935,0.5076125716986114
Test_403,0.10357875694322531,0.12039217682769913,0.48662807837093713,0.28940098785813834
Test_404,0.1384444081256985,0.029386742621650905,0.43190563019584777,0.40026321905680284
Test_405,0.17571828913935789,0.03497321316004695,0.1808831672269646,0.6084253304736303
Test_406,0.09366899533281368,0.09186354507091003,0.12760485058493773,0.6868626090113386
Test_407,0.15594722256267482,0.04864233057659146,0.0952763705794342,0.7001340762812993
Test_408,0.2494226192386132,0.04418270390169117,0.14091032383027763,0.565484353029418
Test_409,0.13459827861184,0.07963991614660262,0.5813653355918819,0.20439646964967564
Test_410,0.20210614717639283,0.07659674584551394,0.128379041964779,0.5929180650133143
Test_411,0.7734303917009562,0.004781928307400112,0.044461258283858614,0.1773264217077851
Test_412,0.12337096381165387,0.11232416454665752,0.42151450704614474,0.34279036459554396
Test_413,0.3559992252900962,0.07648281396887949,0.39362264563698196,0.17389531510404269
Test_414,0.2716997286519391,0.08214866310574871,0.5184894913046703,0.12766211693764176
Test_415,0.07670829087020264,0.0789836375642387,0.7012057765470358,0.143102295018523
Test_416,0.19529442705381714,0.0502855134897571,0.41195488535158703,0.3424651741048388
Test_417,0.02408557987271719,0.04481073562006405,0.9035193212052881,0.027584363301930565
Test_418,0.3460163243323427,0.05660181730229024,0.2824872886748212,0.31489456969054547
Test_419,0.45478048578086916,0.03392649195353809,0.21481948466486764,0.296473537600725
Test_420,0.041627780756447484,0.11943016442024895,0.6937464583200317,0.14519559650327216
Test_421,0.17116636777965968,0.03774753540878392,0.40324949700182733,0.3878365998097292
Test_422,0.10225415152324344,0.01855663106256449,0.34495735658664606,0.5342318608275459
Test_423,0.15318717744576008,0.12142548719917191,0.46213805957126025,0.26324927578380763
Test_424,0.14867476493495,0.0700366264713121,0.6060401284298693,0.17524848016386851
Test_425,0.5142590390754844,0.017986922484015302,0.10463059777655649,0.3631234406639436
Test_426,0.31048825090786214,0.03031419175543573,0.40294474627360644,0.2562528110630958
Test_427,0.12060997985442169,0.024407210749995693,0.20927551507907258,0.6457072943165102
Test_428,0.12359247127410247,0.04545230820406418,0.10497093671721498,0.725984283804619
Test_429,0.13475939309564558,0.07335492177053488,0.6339030388593698,0.15798264627444936
Test_430,0.10589369061546065,0.09448160343903327,0.6314464982095163,0.16817820773598974
Test_431,0.3801361867096346,0.024129015241513528,0.23659579731338012,0.35913900073547134
Test_432,0.33846283404250516,0.05194832110792307,0.16023623631775818,0.4493526085318137
Test_433,0.185898595278127,0.032107100364329434,0.07491219496414993,0.7070821093933934
Test_434,0.3310223874210456,0.027983174075236917,0.22025082752066338,0.4207436109830541
Test_435,0.41992654061655954,0.04004362030573867,0.23573345898644182,0.3042963800912598
Test_436,0.4736993998561143,0.027097260754057495,0.20180413106760903,0.29739920832221933
Test_437,0.08981633759875418,0.02397013533025432,0.6182494393711795,0.2679640876998117
Test_438,0.09974535714947375,0.08915602378333322,0.532764218860199,0.27833440020699407
Test_439,0.23366778203497182,0.025183496855064786,0.5872204223022192,0.15392829880774428
Test_440,0.0435913011022373,0.11775389285808674,0.7236596002650587,0.11499520577461714
Test_441,0.4658216865910747,0.03130422663979961,0.14892997277262718,0.35394411399649867
Test_442,0.5931506196136743,0.005100725685017542,0.15305226136367356,0.24869639333763502
Test_443,0.11841113598869465,0.048161297519792,0.22437937554415577,0.6090481909473575
Test_444,0.4404081366471588,0.060335292035770434,0.20979743503339196,0.2894591362836786
Test_445,0.10773506569729599,0.06611548786544427,0.6417472353532152,0.18440221108404478
Test_446,0.40317487246914085,0.05208715572809725,0.28266338889280984,0.262074582909952
Test_447,0.36859254279145787,0.06015348451697131,0.3852793920208745,0.18597458067069658
Test_448,0.09752673156144535,0.11511282485891777,0.5726994233903839,0.21466102018925287
Test_449,0.42240134345734665,0.0357495609789821,0.24424787406056112,0.2976012215031102
Test_450,0.3924637377255443,0.011960813658187202,0.291957786364734,0.30361766225153447
Test_451,0.08112889100046564,0.08882616427140178,0.65132790275623,0.17871704197190275
Test_452,0.24007422207021473,0.053585867992835386,0.5319211560433564,0.17441875389359346
Test_453,0.2017060296871803,0.10559994917286596,0.26507967278559114,0.4276143483543628
Test_454,0.1229503027188821,0.03630870941606367,0.438866053647116,0.40187493421793846
Test_455,0.540796514637048,0.02572376655879215,0.1592988975885122,0.2741808212156474
Test_456,0.17060325762297424,0.06289572093578016,0.6070959949219016,0.15940502651934393
