image_id,healthy,multiple_diseases,rust,scab
Test_0,0.010288856375948044,0.10896791844481624,0.8779653134887287,0.00277791169050695
Test_1,0.06593441051454271,0.07267911573449097,0.7476595730563661,0.11372690069460051
Test_2,0.46637430337436936,0.03549330088435506,0.20905829966349843,0.2890740960777769
Test_3,0.3632905626572127,0.04217408947225003,0.05821889396316406,0.5363164539073729
Test_4,0.013470573914324326,0.07825523921044525,0.9039611733601731,0.004313013515057384
Test_5,0.1701348750771206,0.012180509531120645,0.8066491908324196,0.011035424559339094
Test_6,0.42028233969274975,0.07896389237542449,0.05672510348625634,0.4440286644455693
Test_7,0.0547965565954861,0.13082429807565069,0.5891441392693878,0.22523500605947594
Test_8,0.436263709569056,0.08340354239566565,0.05935294499864191,0.4209798030366363
Test_9,0.2458410553436214,0.06516405582114468,0.6330482994789624,0.0559465893562714
Test_10,0.010219581545303709,0.046018406055762996,0.9359706644253462,0.0077913479735869364
Test_11,0.3753457490040085,0.03520890459123089,0.27683907203196556,0.3126062743727947
Test_12,0.1428085972440826,0.07213826786058215,0.048250841694978286,0.7368022932003567
Test_13,0.43337141875167157,0.022616713317235866,0.4870050977979053,0.05700677013318704
Test_14,0.002450722223518622,0.01220700183783217,0.9852426726656109,9.960327303834279e-05
Test_15,0.4969489401131451,0.0872318652674864,0.27356594248625427,0.14225325213311432
Test_16,0.3720868030737431,0.0635169428175831,0.04677467944708843,0.5176215746615859
Test_17,0.017201608085022597,0.13808335186015877,0.6605369059504769,0.18417813410434197
Test_18,0.3758534594474522,0.10443308694145272,0.09710238104995697,0.42261107256113833
Test_19,0.008400400988978438,0.04189654700325669,0.9334565143219056,0.016246537685859114
Test_20,0.8290455458190937,0.0033643463526506776,0.07035552724880235,0.09723458057945399
Test_21,0.4750283456753109,0.03150975925232671,0.1982450588435039,0.2952168362288584
Test_22,0.37470630655353643,0.040189350885170734,0.28072969425630123,0.3043746483049915
Test_23,0.014163532231198076,0.02536955010249997,0.017631692289272874,0.9428352253770285
Test_24,0.36748758241932566,0.06134853915882214,0.2767294652971436,0.29443441312470875
Test_25,0.4728633262694305,0.03205527047583143,0.20178185010376523,0.2932995531509726
Test_26,0.18866005728414423,0.04741875538430564,0.08133577426936259,0.6825854130621876
Test_27,0.14570444349805148,0.1716603532828381,0.6191758768902512,0.06345932632885921
Test_28,0.5605028388628972,0.03773755909321962,0.23999351970512278,0.16176608233876058
Test_29,0.622890930781498,0.07038461428008767,0.23240949854803625,0.07431495639037808
Test_30,0.37563494106264317,0.04830088967805456,0.2067101093029296,0.3693540599563727
Test_31,0.008179297533558236,0.25140125009690967,0.7244023677515457,0.0160170846179865
Test_32,0.6061433460802305,0.04577623073307874,0.027517889847740142,0.32056253333895063
Test_33,0.0038271154166247333,0.01223240483693163,0.0025812104553888915,0.9813592692910547
Test_34,0.4763378185021831,0.031295647964082456,0.19219086048223344,0.30017567305150084
Test_35,0.4577895512501619,0.03292120831050862,0.19665507813562635,0.312634162303703
Test_36,0.0114169642821384,0.06773129907894021,0.9126336016232098,0.008218135015711982
Test_37,0.48164950959624714,0.033825070644239286,0.19951145910031545,0.285013960659198
Test_38,0.02094016838373346,0.0313998138403583,0.013510887844522751,0.9341491299313857
Test_39,0.13933560364933548,0.04039743259960559,0.47528235007354264,0.3449846136775166
Test_40,0.4757025237749935,0.031526406446510453,0.1997733659136631,0.2929977038648332
Test_41,0.026472195801265305,0.08209706754760072,0.8655316346448155,0.025899102006318425
Test_42,0.012458345313741894,0.01697682861779577,0.0038334794184847545,0.9667313466499774
Test_43,0.48837259965608704,0.010855230945012525,0.4565625167146859,0.04420965268421472
Test_44,0.2535567984604428,0.10399711705287257,0.05395357906130758,0.588492505425377
Test_45,0.4032130541470818,0.10126788841147613,0.32135217482963396,0.17416688261180807
Test_46,0.20444675254166025,0.031091570521797864,0.04139240403173987,0.7230692729048017
Test_47,0.023456805886339156,0.0850501456798589,0.8776200600211855,0.013872988412616244
Test_48,0.007816327565019477,0.07114151924586139,0.9123025468274129,0.008739606361706677
Test_49,0.010044204918336084,0.055202445336422226,0.9234826743349385,0.011270675410302957
Test_50,0.004806738314521742,0.022602756389773934,0.9708157266741972,0.0017747786215068656
Test_51,0.028959385542723464,0.07072645506313505,0.8359073492798804,0.064406810114261
Test_52,0.39752322747799734,0.07005825392340465,0.3137098723309758,0.21870864626762243
Test_53,0.004787332463835304,0.027137497278198485,0.9674550799020103,0.0006200903559557542
Test_54,0.008422731369318058,0.10610380217566175,0.8729886050434851,0.012484861411535285
Test_55,0.22820872598997327,0.03455215250207955,0.05981705474808868,0.6774220667598583
Test_56,0.043500061118455995,0.07818965529842462,0.5513047108260278,0.3270055727570913
Test_57,0.47946496918127707,0.03275779492564556,0.18661902557579893,0.3011582103172788
Test_58,0.02242612769613189,0.01757298509698725,0.0042860972154708955,0.9557147899914101
Test_59,0.01806819124143704,0.15951311254652842,0.7354281526600399,0.0869905435519943
Test_60,0.0034804791723705053,0.14761595372846484,0.237391646612768,0.6115119204863965
Test_61,0.7852605879192386,0.020734067952831683,0.15417231822046043,0.03983302590746931
Test_62,0.5506153803685857,0.0054948218658128324,0.2749388742043526,0.16895092356124908
Test_63,0.32760681437198824,0.06201945017780661,0.2876738906949454,0.32269984475525976
Test_64,0.5535657139576899,0.02636752299382386,0.1915848944504629,0.2284818685980236
Test_65,0.033717477816559316,0.09238251117121143,0.7842643477099552,0.08963566330227393
Test_66,0.6992928467462544,0.03749452914283421,0.17165076391145623,0.0915618601994552
Test_67,0.014159565799055921,0.06541730684914057,0.9003579388605226,0.020065188491280955
Test_68,0.07309852871836353,0.04220459264102593,0.0138077858481324,0.8708890927924784
Test_69,0.009455508254252284,0.04611436051781407,0.9414775049466343,0.002952626281299689
Test_70,0.04622145603564089,0.18187806314323146,0.305590127326312,0.4663103534948153
Test_71,0.02880073236833698,0.022011265590807422,0.9320661696870725,0.01712183235378308
Test_72,0.10512845078795524,0.13790346768291703,0.4922186046826915,0.26474947684643674
Test_73,0.8995105978512605,0.003922082434671445,0.07304806078742714,0.023519258926641123
Test_74,0.45608477699500166,0.03232692966678402,0.2940905754845287,0.21749771785368552
Test_75,0.4737792992088413,0.03184037370516512,0.19785800142322507,0.29652232566276804
Test_76,0.08555353722816475,0.10682057313044455,0.09086056342756463,0.7167653262138262
Test_77,0.2790791754871572,0.03403161967856738,0.38930388029879637,0.2975853245354788
Test_78,0.06416292043490275,0.20089371331595599,0.18176739278808218,0.5531759734610593
Test_79,0.4476833167292105,0.05145283959348023,0.4396595000188485,0.06120434365846069
Test_80,0.19339598173926872,0.09160736637734641,0.38316620804312795,0.33183044384025706
Test_81,0.00685940796989444,0.05675900583166271,0.9303018755080471,0.006079710690395648
Test_82,0.4769624642941259,0.030950703019552456,0.19990524745124938,0.2921815852350722
Test_83,0.43633867043328195,0.1331124249952031,0.15570482933443242,0.2748440752370821
Test_84,0.4802304331438287,0.03199447807805564,0.20149488914815067,0.2862801996299652
Test_85,0.491500244047376,0.024835833114757712,0.18985541621447,0.29380850662339647
Test_86,0.07619134669759861,0.12889378560668793,0.7114942055101106,0.083420662185603
Test_87,0.5046453870951151,0.01684586634487956,0.1890194557697706,0.28948929079023483
Test_88,0.06286672482193033,0.07414300967884495,0.016317280966063732,0.8466729845331612
Test_89,0.5443056621679878,0.03740476620820537,0.20991131236946747,0.20837825925433945
Test_90,0.09029607277383324,0.10495463196879551,0.7742397988014125,0.03050949645595871
Test_91,0.7205408401073229,0.012460972360369091,0.059867596672625104,0.20713059085968283
Test_92,0.23792654822603626,0.052025889941580236,0.12327903696171215,0.5867685248706711
Test_93,0.09167741492913879,0.15900668791706718,0.6098110762316539,0.13950482092214048
Test_94,0.1087462236669806,0.03967077118399828,0.0793671182705755,0.7722158868784459
Test_95,0.3223901562406067,0.08792078136612401,0.3800667160841129,0.2096223463091562
Test_96,0.4559328250933665,0.03795876731093556,0.2012636376459328,0.3048447699497648
Test_97,0.4729652279202604,0.07864223414698389,0.26623172037143555,0.18216081756131988
Test_98,0.38944887432170494,0.20256483407409664,0.18478880030898812,0.2231974912952099
Test_99,0.2955085697789617,0.07931294619165986,0.41334428588460764,0.21183419814477095
Test_100,0.020142045986510468,0.0770890693592216,0.011944681590292406,0.8908242030639756
Test_101,0.5871696481305824,0.043843411829140304,0.1777402159660288,0.19124672407424867
Test_102,0.12034504826519289,0.10405193210444734,0.07872341540292085,0.6968796042274388
Test_103,0.40047250321079564,0.05974649217710406,0.21869741330069015,0.3210835913114105
Test_104,0.3860256347514822,0.053270624258824936,0.15077675599947035,0.4099269849902221
Test_105,0.43667479727171055,0.02449150914919532,0.17063626016878441,0.3681974334103098
Test_106,0.6140050517021417,0.024126471842083858,0.25160923298750704,0.11025924346826747
Test_107,0.0067894573492527106,0.11910112318294534,0.8621360994260787,0.011973320041723138
Test_108,0.13461175008169032,0.0207859310105465,0.020459005477488856,0.8241433134302739
Test_109,0.5423220416653821,0.12776775181838249,0.19546327965974825,0.1344469268564869
Test_110,0.5179868544819579,0.03449061557331187,0.0454585878538005,0.4020639420909299
Test_111,0.4768946919715706,0.03140792244245777,0.19931979567714017,0.2923775899088314
Test_112,0.014795477361732992,0.1196341416867164,0.7994776378789422,0.06609274307260855
Test_113,0.4079165506607795,0.09179411368502316,0.19545209944483619,0.30483723620936115
Test_114,0.2530291425989992,0.12740448367819113,0.08649451588298478,0.5330718578398249
Test_115,0.41671625168050563,0.04704644360348892,0.13825305557556702,0.39798424914043856
Test_116,0.056110378076338785,0.1771590206822178,0.733055981549106,0.03367461969233725
Test_117,0.0052623991862857655,0.10090828868005307,0.8853656867318583,0.008463625401802802
Test_118,0.010252627823137928,0.06134077403542668,0.9203687922309355,0.00803780591049993
Test_119,0.4536360594647308,0.06815250995422739,0.22453932393481255,0.2536721066462293
Test_120,0.027470893777386245,0.021477062155666544,0.9455329193518089,0.005519124715138432
Test_121,0.2329097883464278,0.10690369637607297,0.15556836072299107,0.5046181545545081
Test_122,0.11214068041668195,0.07690740229292711,0.5817669906084636,0.229184926681927
Test_123,0.15563688340327728,0.045877324520033076,0.7217753833366897,0.0767104087400002
Test_124,0.8825931174853252,0.019854715418594997,0.051405111531067756,0.046147055565012224
Test_125,0.08282419369039669,0.19579302748083727,0.07703376036141912,0.6443490184673468
Test_126,0.6389327085133417,0.07316774684426428,0.22600961205758477,0.06188993258480945
Test_127,0.1402956137463548,0.08958645483305268,0.024859702817648047,0.7452582286029446
Test_128,0.4115870546058897,0.03210593021080042,0.189795033224282,0.36651198195902795
Test_129,0.007895306021095057,0.10700257246638781,0.8630211404647397,0.022080981047777337
Test_130,0.49311205590130386,0.04406975395046272,0.11666786635854515,0.3461503237896883
Test_131,0.020659526806848905,0.020222588873659283,0.008553771166534377,0.9505641131529576
Test_132,0.5508405505547181,0.10173662202809117,0.23011525698336083,0.11730757043382972
Test_133,0.01941647295777617,0.02425746475176577,0.01777726324156434,0.9385487990488938
Test_134,0.47416612196058444,0.0316723018098887,0.20131533462834555,0.2928462416011814
Test_135,0.281041235110119,0.05638002938336896,0.20091933309812557,0.46165940240838627
Test_136,0.05908610475657615,0.023718751720674135,0.057165547967506496,0.860029595555243
Test_137,0.30779798045758255,0.04532593952923944,0.3573180778286595,0.28955800218451844
Test_138,0.004536302273279134,0.036289439260917045,0.9584375202172563,0.0007367382485471466
Test_139,0.6463394168474197,0.04048155154446278,0.15784731639955507,0.15533171520856212
Test_140,0.13410517070777178,0.06154723965857089,0.7053334341924128,0.09901415544124476
Test_141,0.4768546559650506,0.03150651174193425,0.1994119123144467,0.29222691997856853
Test_142,0.39079746729348236,0.08847149778318915,0.14830998448642313,0.37242105043690543
Test_143,0.3451085703239126,0.04714160604325502,0.05133913501811462,0.5564106886147179
Test_144,0.2468071041569566,0.16010625334805603,0.18917254888715487,0.4039140936078327
Test_145,0.6123496921199675,0.07166145230468074,0.09651852237753415,0.2194703331978174
Test_146,0.02716553889960597,0.04765658253365612,0.9005454881188996,0.02463239044783815
Test_147,0.004440068602263732,0.06463794982658093,0.9194605093867729,0.01146147218438232
Test_148,0.531106156280791,0.017751552442072223,0.34585134748164714,0.10529094379548962
Test_149,0.018292615651945242,0.16635558172669687,0.6915242043384651,0.12382759828289312
Test_150,0.42373504839815407,0.043436872675071674,0.23731917559569252,0.29550890333108176
Test_151,0.007624818101482943,0.062371981077973225,0.9266779696906413,0.003325231129902609
Test_152,0.02423455870281162,0.07978515403510807,0.8462707473201063,0.049709539941974384
Test_153,0.5408120693747391,0.036945484608311444,0.16452947638925658,0.25771296962769297
Test_154,0.3273228674408105,0.0386765476998889,0.5716840812223508,0.06231650363694921
Test_155,0.005966203073901859,0.039568346737889656,0.9503083618176537,0.004157088370554647
Test_156,0.00422907123461113,0.00749573412077022,0.0023991134141591345,0.9858760812304597
Test_157,0.02558303627486188,0.06425257075241465,0.8902711368223872,0.01989325615033625
Test_158,0.07371696573725725,0.01101756397171744,0.007397348430679185,0.9078681218603464
Test_159,0.47111898152920356,0.019805321016780356,0.20250834413636937,0.30656735331764684
Test_160,0.6253125519015771,0.04507906085988626,0.17894051832305294,0.15066786891548392
Test_161,0.14342808622329223,0.03877875396186322,0.12672850378681855,0.691064656028026
Test_162,0.21124708031803527,0.020181585333077325,0.7447992402045105,0.02377209414437699
Test_163,0.001653838740096715,0.05998752146159292,0.9377461375721571,0.000612502226153239
Test_164,0.7557979495531308,0.04642616976320389,0.11993640470411165,0.07783947597955373
Test_165,0.16739942892779958,0.025738983130756513,0.04303339271383311,0.7638281952276114
Test_166,0.5566751166515126,0.020391126279806358,0.1684372977135176,0.2544964593551632
Test_167,0.11603886514914517,0.02298106179853039,0.8095271285273103,0.05145294452501388
Test_168,0.05155870105924693,0.08308749527822981,0.8315087716352187,0.033845032027304454
Test_169,0.17786937617843768,0.04176070171471718,0.7645061421924075,0.015863779914437465
Test_170,0.4556250396193365,0.03407540941362672,0.2121284706964737,0.298171080270563
Test_171,0.0063970918024960875,0.11048541054900834,0.8521512719142139,0.030966225734281618
Test_172,0.22358907734663402,0.0647068523040975,0.582281642244002,0.12942242810526672
Test_173,0.008827036508624621,0.0444704154680804,0.9347112380097099,0.011991310013585435
Test_174,0.6872383362371873,0.023579699664201925,0.16514446466621224,0.12403749943239836
Test_175,0.4157623363808939,0.02176532404037749,0.03652585640836907,0.5259464831703596
Test_176,0.5303817826278739,0.054023304655170766,0.16749881114053186,0.2480961015764233
Test_177,0.010699107414098831,0.010623344387740414,0.006658128253461865,0.972019419944699
Test_178,0.0028947987398021176,0.00586975042894282,0.0024984939058585857,0.9887369569253965
Test_179,0.05261381584000733,0.048878856886543226,0.7986348908390916,0.09987243643435757
Test_180,0.4343218063434289,0.04113882652965319,0.1495183258400284,0.37502104128688957
Test_181,0.03691249361827958,0.10005858134945272,0.09258718195930311,0.7704417430729648
Test_182,0.0046512320668446894,0.09988379632541178,0.8774378728060463,0.018027098801697245
Test_183,0.37539740218986595,0.05150396431719121,0.4309319959905362,0.14216663750240618
Test_184,0.5857890079075934,0.016450952562507656,0.1598461212928394,0.2379139182370594
Test_185,0.1740693669617723,0.07422015740358687,0.25716123656630513,0.4945492390683359
Test_186,0.24094095107548455,0.0325075809471119,0.06180978223313409,0.6647416857442695
Test_187,0.48779527276894796,0.06635100111352185,0.2440706491120949,0.20178307700543507
Test_188,0.5231929757324382,0.02197408465213635,0.13636560558787444,0.31846733402755123
Test_189,0.47760029025274914,0.042012983184557026,0.24344012063075343,0.23694660593194058
Test_190,0.30593569070446386,0.022118515849232797,0.23141952557458875,0.4405262678717145
Test_191,0.017320324881828837,0.05857703483049371,0.813245812443336,0.11085682784434155
Test_192,0.6218515210280249,0.015880066267179492,0.15486635262227602,0.20740206008251968
Test_193,0.054511915206259906,0.04771864836298123,0.8919886134832975,0.005780822947461632
Test_194,0.02344656328307828,0.10419185514569977,0.8383163107954934,0.03404527077572844
Test_195,0.2537803205923668,0.13628706083334705,0.40224424529628233,0.20768837327800382
Test_196,0.32767138477351937,0.06420523890206255,0.303820788763159,0.3043025875612593
Test_197,0.01288265904010971,0.023403612174886245,0.954452041499685,0.009261687285319127
Test_198,0.003427686885505968,0.008471668239354638,0.0014268051981767586,0.9866738396769628
Test_199,0.10359156826587708,0.06806615430216593,0.7907535766124192,0.03758870081953773
Test_200,0.008645344975954983,0.07841408466827975,0.8985232042794916,0.014417366076273919
Test_201,0.3963826160565494,0.050116307194284025,0.11350646056926786,0.43999461617989866
Test_202,0.005963521580942909,0.05754063795577715,0.9356701643563853,0.0008256761068946911
Test_203,0.31414584219970226,0.049331514085846226,0.2923348815645848,0.3441877621498666
Test_204,0.33649891485881467,0.0727687494158633,0.37071060493220803,0.2200217307931138
Test_205,0.15244551665466974,0.04261634403778093,0.056392245823621616,0.7485458934839281
Test_206,0.2361750870453155,0.02987890618745189,0.07113625369954817,0.6628097530676843
Test_207,0.029408209107630628,0.10815083094814512,0.7849452379097205,0.07749572203450406
Test_208,0.7000985976097068,0.08296739162734396,0.03990874613477737,0.177025264628172
Test_209,0.009351642518235245,0.15164741523755776,0.8062581385249062,0.03274280371930086
Test_210,0.2488623056462518,0.08117307462940189,0.39121561646758035,0.27874900325676566
Test_211,0.006248373149029076,0.07047592006857709,0.9195427667360927,0.003732940046301445
Test_212,0.1729220184139398,0.04358423652445677,0.7801946543099368,0.0032990907516666176
Test_213,0.12576875846817132,0.15414697858067306,0.4041406096267962,0.3159436533243596
Test_214,0.030014407092374917,0.07374394765341057,0.6152590883437975,0.2809825569104168
Test_215,0.3247957717777477,0.02596841996837846,0.1321310196148157,0.5171047886390583
Test_216,0.6502758628453762,0.052843596410416034,0.06066951792238102,0.23621102282182718
Test_217,0.011845995947861083,0.11455932649616231,0.7701394556982136,0.10345522185776301
Test_218,0.6222949284523254,0.07201079647107896,0.24161756221197275,0.06407671286462305
Test_219,0.26001624358817016,0.039353387911046374,0.6770487605699068,0.023581607930876495
Test_220,0.10640891008886522,0.04276264579387518,0.03034982790686218,0.8204786162103976
Test_221,0.4754772542790536,0.03163720852432736,0.20067715591812274,0.2922083812784963
Test_222,0.25868485012521625,0.08013669234960044,0.3947696472547652,0.2664088102704182
Test_223,0.006997320342366539,0.09506290514736222,0.8717059505581247,0.026233823952146577
Test_224,0.4725244445565062,0.031928640519946,0.20090103762759218,0.29464587729595526
Test_225,0.4667371574130429,0.0678219171295881,0.11425775683322131,0.3511831686241477
Test_226,0.15258711077444723,0.09689256228331698,0.5457219931231855,0.20479833381905027
Test_227,0.20208870727795955,0.029162394604503088,0.09594441727223181,0.6728044808453055
Test_228,0.4845452505329578,0.03169806582018427,0.3491578350969314,0.13459884854992665
Test_229,0.028461142556952805,0.09645628666316049,0.7568014419671936,0.11828112881269298
Test_230,0.45033785921001906,0.03227793164489812,0.2179627830366895,0.2994214261083933
Test_231,0.0758069556900826,0.03870378925328387,0.11416741629571514,0.7713218387609182
Test_232,0.5333078910056387,0.016464612897140178,0.4126647369564992,0.03756275914072198
Test_233,0.41849756032528324,0.04338853517375008,0.17635594267955668,0.3617579618214097
Test_234,0.32722424439849496,0.06669368538093821,0.28007267412193076,0.3260093960986359
Test_235,0.06200615498283195,0.17115210198683842,0.5122531333908148,0.2545886096395152
Test_236,0.5078807734675178,0.018552077893277605,0.17381929638442079,0.2997478522547831
Test_237,0.13399232227302696,0.030137907637856468,0.059727786122019386,0.776141983967097
Test_238,0.4739504859954451,0.03188142536416329,0.20285431050425842,0.2913137781361329
Test_239,0.016018975209230967,0.07361588686219325,0.8813055001477432,0.02905963778083251
Test_240,0.010133192664395649,0.07355991196032909,0.9059360393207981,0.010370856054477287
Test_241,0.2137235539028237,0.09156034027831958,0.20337969752444804,0.4913364082944086
Test_242,0.20458570214427238,0.1529352836068724,0.048254904398638894,0.5942241098502165
Test_243,0.8675884440263957,0.026392415155663096,0.0635107283275672,0.04250841249037411
Test_244,0.09384039209190087,0.13586654253113617,0.6003653223891726,0.1699277429877904
Test_245,0.017639727134418068,0.08900038408626312,0.8667458129517436,0.026614075827575103
Test_246,0.1608626764750486,0.11491708613883043,0.060796219063817936,0.663424018322303
Test_247,0.0032736660535960644,0.02215510833544343,0.003014746391434985,0.9715564792195256
Test_248,0.3499642934646178,0.07519487985146774,0.24637171181988984,0.3284691148640248
Test_249,0.3032903534804879,0.01688519963176415,0.22872945061348085,0.451094996274267
Test_250,0.018576079843701795,0.039391709853637415,0.9332515648847505,0.008780645417910168
Test_251,0.44194036432109957,0.06481284126399625,0.09711630646169918,0.39613048795320477
Test_252,0.02543094355418945,0.039326821062482885,0.8622535847238176,0.07298865065950987
Test_253,0.01100121560488976,0.02990443683001839,0.0058472243470071555,0.9532471232180847
Test_254,0.15915233982847107,0.02881160164438606,0.06312417079929607,0.7489118877278469
Test_255,0.3012416581848157,0.08825120309317547,0.24019928860377068,0.37030785011823797
Test_256,0.019380687202613597,0.06218589552442214,0.035704709321319535,0.8827287079516447
Test_257,0.010226369860991211,0.04030307453800942,0.9405163047175915,0.008954250883407972
Test_258,0.0731540961880109,0.06116056536482286,0.7662380915668939,0.09944724688027214
Test_259,0.07671628653834556,0.09405596764617015,0.6184696833424324,0.21075806247305218
Test_260,0.1352493596826379,0.012768893806754654,0.11283302542334132,0.7391487210872663
Test_261,0.02527770431690888,0.0824454539398277,0.8888331936045478,0.0034436481387160847
Test_262,0.13604898894325246,0.14743581331856023,0.5395695054952896,0.17694569224289766
Test_263,0.471954151850397,0.0354986052792038,0.1943738304999535,0.29817341237044565
Test_264,0.06768564664920822,0.07571813168590753,0.8229171112440279,0.03367911042085637
Test_265,0.4690967622290325,0.03231400747810875,0.183760543235613,0.31482868705724565
Test_266,0.005474505536055485,0.012273608648840296,0.003108909308030976,0.9791429765070736
Test_267,0.7436742053805953,0.018534301372443433,0.06876849276829125,0.16902300047867014
Test_268,0.004068501562519563,0.11682803868173659,0.7898619982472095,0.08924146150853418
Test_269,0.47321222522685136,0.029384649646745087,0.22233787764930535,0.2750652474770981
Test_270,0.15128647198063186,0.044592283684602226,0.04005661655394637,0.7640646277808196
Test_271,0.5492434813782013,0.025897635753675135,0.15937390860127615,0.26548497426684725
Test_272,0.007151611175519369,0.11213371976718213,0.8549895436083431,0.025725125448955326
Test_273,0.3972463024999219,0.06605310031475214,0.11405899257344754,0.4226416046118781
Test_274,0.0017655738887808524,0.057495592736841385,0.9381875236783395,0.0025513096960382616
Test_275,0.03690570877690424,0.1437334897138297,0.5144290299382916,0.30493177157097434
Test_276,0.020039027657287503,0.11675371142984231,0.5378170037436715,0.32539025716919884
Test_277,0.47794730637463384,0.04822712401289155,0.15074101477974455,0.3230845548327301
Test_278,0.06917543934344574,0.04946556033496951,0.039840144639190805,0.8415188556823942
Test_279,0.12322460035245932,0.04197652153082289,0.7962414216779742,0.038557456438743455
Test_280,0.4017824643740266,0.03705354137263291,0.2291898583731559,0.3319741358801845
Test_281,0.6090139304650933,0.025404293829675736,0.2638267228017,0.10175505290353098
Test_282,0.10267358749489568,0.09488667949998693,0.1569916282033924,0.6454481048017248
Test_283,0.0029082039622589408,0.11276871187708086,0.8734743664643938,0.010848717696266892
Test_284,0.0026067087636340086,0.18627147269119979,0.7722865158174153,0.03883530272775087
Test_285,0.4774544536944528,0.031838933316190254,0.20089259528378997,0.2898140177055675
Test_286,0.4648102671685402,0.01302671734353403,0.3232371695714189,0.19892584591650675
Test_287,0.7588058657457324,0.02650765069252094,0.20313704674292785,0.011549436818818449
Test_288,0.05722381556574266,0.1036615072284058,0.050768505837906555,0.788346171367945
Test_289,0.005140638443805071,0.006551193155387938,0.00258735416236412,0.9857208142384428
Test_290,0.420184765666208,0.07611129523257924,0.25635002111709987,0.24735391798411308
Test_291,0.055776867239178775,0.05645889077800542,0.8653847683865344,0.022379473596281587
Test_292,0.2600022521614669,0.04725745731091826,0.582154967617899,0.11058532290971608
Test_293,0.0028443872447385704,0.04776245513119881,0.9490920703394289,0.00030108728463394056
Test_294,0.16085323084814226,0.07444342877448935,0.646325977016121,0.1183773633612471
Test_295,0.38593450227600135,0.02721563393736661,0.46138020492108545,0.12546965886554665
Test_296,0.5880600995881873,0.0064945410472609915,0.2669024765834358,0.13854288278111582
Test_297,0.06745017034825161,0.2038409667822003,0.07003808457186704,0.658670778297681
Test_298,0.09389119900017981,0.10906866939736687,0.47385934892750103,0.3231807826749523
Test_299,0.027471725931292615,0.05073745757240717,0.21010550631309272,0.7116853101832075
Test_300,0.8668238013052347,0.01799080177314897,0.045037088837009256,0.07014830808460684
Test_301,0.3961449966983178,0.015501425770327398,0.11530831569458204,0.47304526183677265
Test_302,0.021757664807632963,0.06660807974494544,0.849144693543737,0.06248956190368453
Test_303,0.43189110336779934,0.06717600336546822,0.2096896328114847,0.29124326045524784
Test_304,0.6780687716536428,0.030157467515336205,0.1342073406727526,0.15756642015826802
Test_305,0.4159012437097869,0.09844626989087975,0.3071031044315177,0.17854938196781553
Test_306,0.4204238331710745,0.01206541117114657,0.2197074552103117,0.34780330044746754
Test_307,0.5150188623144702,0.029391256665150217,0.19359016011511282,0.26199972090526674
Test_308,0.10420266979351626,0.2292990272674795,0.057461571733739496,0.6090367312052646
Test_309,0.3259641064540489,0.059006131068428606,0.336418243088687,0.2786115193888352
Test_310,0.01629674899808148,0.11279394430147005,0.8306823861326288,0.04022692056781955
Test_311,0.00920359115702405,0.1365777254586686,0.8419720511053224,0.012246632278984955
Test_312,0.010852773110998361,0.013371751472024202,0.0029109956152610834,0.9728644798017164
Test_313,0.0998810102032618,0.04429756502670358,0.05115000255140044,0.8046714222186342
Test_314,0.511720759476879,0.010522739761769628,0.16565637327568103,0.3121001274856704
Test_315,0.09077428589710829,0.030513282267525733,0.016514676976826164,0.8621977548585397
Test_316,0.5010604525231966,0.05389540385968995,0.34466573066551154,0.10037841295160173
Test_317,0.028341397816120124,0.11118530090835486,0.8205146305827986,0.03995867069272621
Test_318,0.08517680782390118,0.04338412101865867,0.018895901039894473,0.8525431701175459
Test_319,0.010938280982518558,0.12048546988519074,0.8637095327184829,0.004866716413807844
Test_320,0.011088795699919517,0.05599270436838276,0.9173566808281433,0.015561819103554553
Test_321,0.3320365893008908,0.07106101522781463,0.2796565963954685,0.3172457990758261
Test_322,0.15922144269289637,0.06001721405184859,0.14375825710941748,0.6370030861458379
Test_323,0.3025623357454345,0.03380971633535643,0.49818803524493355,0.16543991267427535
Test_324,0.043544703995319,0.13608194964585088,0.7439012286630583,0.07647211769577185
Test_325,0.12291876236128021,0.06977930683530313,0.07870718443398148,0.7285947463694352
Test_326,0.00389461458222753,0.08056605282504914,0.90534998762258,0.010189344970143606
Test_327,0.04202685143569115,0.08949781098756102,0.04479943433472953,0.8236759032420183
Test_328,0.12247458414510587,0.06027061171868489,0.722856917676521,0.09439788645968805
Test_329,0.008239974207450866,0.025978322424563688,0.9642199290689872,0.0015617742989980502
Test_330,0.03337201793520045,0.07746514117395746,0.7422588774907596,0.14690396340008235
Test_331,0.40662163535317225,0.060940883634338125,0.23657953813840743,0.29585794287408224
Test_332,0.6125040715613886,0.05724814201856651,0.26727611976000815,0.06297166666003678
Test_333,0.07730232380205754,0.03972494578242052,0.861176174655447,0.021796555760074877
Test_334,0.005292991049342166,0.01648379020320343,0.9745048329267435,0.003718385820711025
Test_335,0.7307991154450937,0.01540774693800402,0.07131079197102397,0.18248234564587829
Test_336,0.2631490576715294,0.0469151764779826,0.4983101751172628,0.1916255907332254
Test_337,0.5174720993504632,0.02686045311196706,0.04931612989324977,0.40635131764431986
Test_338,0.5083939688170854,0.02110691081617473,0.05825705832253725,0.4122420620442023
Test_339,0.32629116191647817,0.055891848116643786,0.3027234865261731,0.3150935034407051
Test_340,0.17998154868079927,0.04996760835003166,0.7276147984347298,0.042436044534439304
Test_341,0.5012163324972206,0.062388835563584266,0.17543829438895095,0.260956537550244
Test_342,0.8129114020644482,0.03986775845524733,0.07884277409361345,0.06837806538669079
Test_343,0.47310173993141746,0.03223313148656882,0.19770780069027832,0.29695732789173535
Test_344,0.00587012074244224,0.08055084151819467,0.9115252119624687,0.0020538257768946415
Test_345,0.0924203784068983,0.06453838920574369,0.39253217060454837,0.4505090617828095
Test_346,0.003445980102593569,0.08089475721523993,0.9070242021851646,0.008635060497002259
Test_347,0.4553600177687315,0.022321954898580253,0.1718648818964184,0.35045314543627
Test_348,0.39760627074424476,0.03225097419819233,0.21755925221944256,0.3525835028381204
Test_349,0.48098185006529176,0.07690530625412308,0.19073352937219964,0.2513793143083858
Test_350,0.04216770713148972,0.01931986803197648,0.017952797714376606,0.9205596271221573
Test_351,0.006158411449160683,0.08640921270424352,0.9012522341120445,0.006180141734551048
Test_352,0.17415742319389804,0.10098101005692625,0.1090547296915792,0.6158068370575964
Test_353,0.4580967941449117,0.05576295503330505,0.10936979674471843,0.3767704540770651
Test_354,0.49847249958903517,0.024516594185290383,0.20113171808434346,0.27587918814133094
Test_355,0.2875895953755533,0.05563610725260165,0.1579392949060624,0.4988350024657827
Test_356,0.5444350124484281,0.03406134080624244,0.22306210976161372,0.1984415369837156
Test_357,0.547420689911347,0.052245174349700114,0.24235643668172704,0.15797769905722578
Test_358,0.4791440424265541,0.032819279343912926,0.1987221729756666,0.28931450525386654
Test_359,0.024161486166988596,0.019822567648006998,0.014564448204158673,0.9414514979808458
Test_360,0.4966214158190944,0.02778141732961698,0.218851347192309,0.2567458196589793
Test_361,0.7778434456902297,0.03135009984045805,0.15842556937667862,0.03238088509263387
Test_362,0.36033577612973533,0.037163000569469286,0.2700966906026764,0.3324045326981191
Test_363,0.03490070368426746,0.04411349884343064,0.8342647927227285,0.08672100474957362
Test_364,0.12505966413213324,0.04515845592040886,0.7992354291090076,0.030546450838450305
Test_365,0.10746990112128217,0.09775016417032256,0.7644170206475509,0.030362914060844258
Test_366,0.036209844005483445,0.055649622484358285,0.8157372769627202,0.09240325654743788
Test_367,0.09740656094883127,0.08701602550576085,0.6836456256863961,0.1319317878590118
Test_368,0.5364412345110634,0.01819972015074493,0.18121390811217353,0.26414513722601835
Test_369,0.01977708768369168,0.07115419256742966,0.07286444252913431,0.8362042772197442
Test_370,0.05154891522848247,0.019662889747293025,0.8894560644462675,0.03933213057795715
Test_371,0.05400401230060879,0.06057632458901109,0.8636600921396544,0.021759570970726037
Test_372,0.1487634875634434,0.0767208757897781,0.2899051747583618,0.4846104618884171
Test_373,0.016065682195762734,0.12273595153790628,0.813514596726885,0.047683769539446114
Test_374,0.0832156143630142,0.10390043208876773,0.6361829477805847,0.1767010057676335
Test_375,0.498339157674011,0.054468381869848856,0.021909661159015246,0.425282799297125
Test_376,0.5868064690811977,0.07810343405770767,0.10669074693472011,0.22839934992637476
Test_377,0.7776094861114733,0.02839262339180763,0.05876658164243584,0.13523130885428356
Test_378,0.3194767408841682,0.05467320396683529,0.43565220605211835,0.19019784909687804
Test_379,0.14177063220988204,0.053934153204532174,0.7869089332779744,0.01738628130761147
Test_380,0.023001655072286895,0.1963803691548834,0.5851957650083547,0.19542221076447508
Test_381,0.47369245667243504,0.07191412576009745,0.05644502005595456,0.39794839751151295
Test_382,0.544600009892038,0.05263892659758983,0.05206082607787715,0.350700237432495
Test_383,0.4910490526945811,0.037901848683596334,0.1981233642634125,0.2729257343584101
Test_384,0.2547505351762879,0.00987548659389581,0.7202244569390445,0.0151495212907721
Test_385,0.1581267991577044,0.10368807267085761,0.35793802362982663,0.38024710454161165
Test_386,0.002749326862639926,0.18791504288783945,0.7902356251934225,0.019100005056098223
Test_387,0.12000789428386778,0.12256235265220973,0.1082961977589107,0.6491335553050118
Test_388,0.49827132364748894,0.023886923289402853,0.1362038965502708,0.34163785651283735
Test_389,0.25915417407362545,0.04253715734307967,0.6466092974119401,0.05169937117135502
Test_390,0.28027998591731396,0.054135482768480334,0.12658452961295008,0.5390000017012554
Test_391,0.011506760100583923,0.09939149045294746,0.8703983526778288,0.018703396768640034
Test_392,0.010231281401485279,0.037996700552166765,0.9431650087339294,0.008607009312418637
Test_393,0.05191048915066727,0.14520836551967384,0.12342052034461695,0.6794606249850416
Test_394,0.46154373735521437,0.0335082531495707,0.21685365699895107,0.2880943524962638
Test_395,0.4523422474333902,0.03710350241468673,0.1703387149639749,0.34021553518794817
Test_396,0.48184773921282303,0.023556880803520447,0.1959947582607834,0.29860062172287294
Test_397,0.1565779122736785,0.03581675564683313,0.07093904861967407,0.7366662834598144
Test_398,0.14753885676028541,0.07524390218718274,0.49463169109717275,0.282585549955359
Test_399,0.36637143025080426,0.01757156491310713,0.15748026960042305,0.45857673523566567
Test_400,0.012151187183931506,0.0677897482650044,0.8904640185953785,0.02959504595568554
Test_401,0.013887886265086287,0.07995435322339155,0.868395882043976,0.03776187846754605
Test_402,0.1814324704869431,0.05153916273147032,0.07885521730864238,0.6881731494729441
Test_403,0.02062083370410984,0.07851230155286174,0.8679036563387452,0.032963208404283316
Test_404,0.10013858322689494,0.042809597838540284,0.052463793489819145,0.8045880254447455
Test_405,0.0002710968617205236,0.002041890369413195,0.00019689991135763945,0.9974901128575084
Test_406,0.0025620367652355925,0.036598440656076994,0.00846716373475116,0.9523723588439363
Test_407,0.0014847928718748175,0.006823764715917969,0.0006842531487633385,0.991007189263444
Test_408,0.011632732534873562,0.009054172023659877,0.0054390277706648955,0.9738740676708015
Test_409,0.015424578387145485,0.0844342775845872,0.8690025985180695,0.031138545510197974
Test_410,0.007974807847421076,0.01513425372600956,0.0034694352005243704,0.9734215032260448
Test_411,0.5337076794004333,0.03895501383551817,0.14551755450006212,0.28181975226398626
Test_412,0.005890328280171426,0.33127148978885174,0.588937906078068,0.07390027585290893
Test_413,0.49639830203098484,0.050407979690821336,0.22164824454828405,0.2315454737299098
Test_414,0.29258527884507324,0.09316262430262137,0.2721422458685884,0.3421098509837171
Test_415,0.0039346949777473985,0.05746441014485786,0.9330996122342018,0.005501282643193393
Test_416,0.09500419663927229,0.05694249403702805,0.1233413035653853,0.7247120057583145
Test_417,0.012612661086136127,0.031054396305198444,0.9550620074174614,0.0012709351912040256
Test_418,0.6245285983581849,0.04005863309445822,0.14681637975879522,0.18859638878856164
Test_419,0.47349341788218435,0.06573748285334795,0.1546550268873591,0.3061140723771088
Test_420,0.007473396469463698,0.11953654866562359,0.8643966137511131,0.008593441113799727
Test_421,0.26148037195785434,0.047922363488230015,0.062114378243938145,0.6284828863099772
Test_422,0.4552975044073151,0.03352419159390723,0.20619130472050126,0.3049869992782765
Test_423,0.07428585500519613,0.2600729220013415,0.37123113585069406,0.2944100871427682
Test_424,0.030052950219839558,0.046703163704686516,0.9164550551666847,0.006788830908789516
Test_425,0.21466831241971004,0.04251230238288758,0.04318577416204353,0.6996336110353587
Test_426,0.2998511477574739,0.06421933681748287,0.5275153645591025,0.10841415086594075
Test_427,0.04202607978572924,0.019512698718025922,0.008199054848429912,0.9302621666478149
Test_428,0.013109866148395717,0.022398235782713743,0.004293939221451242,0.9601979588474393
Test_429,0.15883165894462578,0.04719870546063267,0.6872109084486692,0.10675872714607267
Test_430,0.014674808460620341,0.07942181603268003,0.8946309305351793,0.01127244497152075
Test_431,0.45766800057797136,0.030957597957992387,0.1641676361046535,0.347206765359383
Test_432,0.17353731562872055,0.16091986987202467,0.05477268851457721,0.6107701259846774
Test_433,0.05512028887201763,0.03834106266126242,0.06240533907996938,0.8441333093867507
Test_434,0.3496989536066718,0.05780093719349179,0.13728805148842155,0.4552120577114151
Test_435,0.6532293986916474,0.02638598150673644,0.14586331784339146,0.1745213019582253
Test_436,0.5611988783770425,0.1836260313313568,0.07822991286205062,0.17694517742955
Test_437,0.29200257580502925,0.02126521354693507,0.40608958521734095,0.2806426254306946
Test_438,0.04714841162162898,0.1379439246084838,0.5926126244288367,0.2222950393410507
Test_439,0.2012020143928128,0.08626348495882295,0.6532835931763398,0.05925090747202452
Test_440,0.005577602927904467,0.091564796903563,0.8961015880275052,0.006756012141027469
Test_441,0.243324188697095,0.05400709274813927,0.09163617411733999,0.6110325444374258
Test_442,0.4606911253701177,0.03365781670756118,0.18939869633583029,0.3162523615864907
Test_443,0.009650409582317552,0.06692659299819946,0.008949322266540128,0.9144736751529426
Test_444,0.4088042608763352,0.10932305826653493,0.1888929757206121,0.2929797051365179
Test_445,0.008457307200807946,0.1151627430255048,0.8550979643108099,0.021281985462877295
Test_446,0.3902029703591794,0.0666144617678128,0.11204499849313178,0.4311375693798763
Test_447,0.6963180654391579,0.04476474320997879,0.23315954927090307,0.02575764207996035
Test_448,0.010243940905565713,0.1483899848607437,0.8185322659572135,0.0228338082764772
Test_449,0.5177178492349851,0.06857599046155692,0.171067431127308,0.24263872917614976
Test_450,0.5031230150878581,0.00785195822063335,0.21109840951019498,0.2779266171813138
Test_451,0.022505690609903702,0.06188412872949122,0.8656607964241638,0.049949384236441345
Test_452,0.36531374769387653,0.023705192826687496,0.314523569487557,0.29645748999187893
