image_id,healthy,multiple_diseases,rust,scab
Test_0,0.002655748370652062,0.030573153262726176,0.9612381985707652,0.005532899795856872
Test_1,0.15818771031475784,0.0905409855952319,0.5194125460730689,0.23185875801694147
Test_2,0.29938787254732097,0.03376441664921591,0.2845008210668721,0.3823468897365909
Test_3,0.48634969628687147,0.09346042817510508,0.2437107445749418,0.17647913096308182
Test_4,0.2155865860372755,0.057389692547093064,0.6342267836928287,0.09279693772280286
Test_5,0.790083659638188,0.009395833802275811,0.06279662202826389,0.13772388453127232
Test_6,0.2919781708483299,0.019019499195458884,0.025701314675531068,0.66330101528068
Test_7,0.06623482691859738,0.2922618496814155,0.3280026884726025,0.31350063492738456
Test_8,0.10211271839265323,0.05062331892087723,0.006796401865391644,0.8404675608210778
Test_9,0.3642940371672362,0.0380695559122525,0.49127613892023664,0.1063602680002748
Test_10,0.0033534297788535513,0.009275626323773493,0.9832613751706952,0.004109568726677696
Test_11,0.353413353581269,0.021115844855165544,0.5191543522277923,0.10631644933577292
Test_12,0.2803156989506227,0.12158560186420182,0.02145658661809612,0.5766421125670793
Test_13,0.5882412218530535,0.025694974876662287,0.3116428103617654,0.07442099290851877
Test_14,0.0001256549496852839,0.01422226739783714,0.9849562093428482,0.0006958683096294483
Test_15,0.1925029198991894,0.054073789541928576,0.7299955538507562,0.023427736708125698
Test_16,0.5789511050714362,0.031686644801492886,0.046431487452589716,0.3429307626744809
Test_17,0.00926791399119102,0.11282611522887166,0.05418029038729779,0.8237256803926395
Test_18,0.5853500011594424,0.08881721102802353,0.0603167706493241,0.26551601716321
Test_19,0.013688318096511868,0.01976172633079921,0.9543021844986561,0.012247771074032812
Test_20,0.340744843892371,0.019442313750383498,0.16318015550236747,0.476632686854878
Test_21,0.36272228558535646,0.03667809915012088,0.2681416524942753,0.3324579627702471
Test_22,0.3846936033639272,0.03188185584527604,0.49282264005574417,0.09060190073505248
Test_23,0.023669671043843446,0.049336922429528335,0.025892543837638355,0.9011008626889896
Test_24,0.08254071449949112,0.09588298668154803,0.3653786098119902,0.4561976890069708
Test_25,0.3764836122790705,0.03269245745988965,0.2026345727916354,0.3881893574694044
Test_26,0.2809475383742729,0.0987280429500446,0.2306609489727247,0.3896634697029577
Test_27,0.005110938400696297,0.045415706906366766,0.9290206742367039,0.020452680456233004
Test_28,0.5209820928873945,0.0774355295853264,0.10828768612512428,0.2932946914021543
Test_29,0.8612520116931489,0.053921361939323724,0.04405404842646536,0.040772577941062
Test_30,0.2606085307780743,0.02835167313383153,0.046306991442409316,0.6647328046456847
Test_31,0.004394438150372258,0.1751601592199383,0.790425126351992,0.03002027627769742
Test_32,0.5335673061814842,0.02437184399946741,0.02480888524543433,0.41725196457361413
Test_33,0.08877462335159379,0.03087792045678794,0.00660628368302388,0.8737411725085943
Test_34,0.3394688234543177,0.030094532989991762,0.33317173234302033,0.29726491121267024
Test_35,0.27043227208473347,0.06406089449479495,0.22898988233978532,0.4365169510806861
Test_36,0.00542159842349605,0.05860725250923714,0.9304524319060686,0.005518717161198203
Test_37,0.5294097589265541,0.049196281887649344,0.1615461965041655,0.25984776268163107
Test_38,0.042183314682305226,0.03787533479437873,0.007402587568581412,0.9125387629547348
Test_39,0.12297972472193962,0.024590618209193806,0.5533297215799872,0.29909993548887925
Test_40,0.08488034556671656,0.08014363102457292,0.6747740379044139,0.1602019855042969
Test_41,0.02849240778371386,0.06449662904439411,0.8941226024307346,0.012888360741157191
Test_42,0.01599583779160731,0.029220381352404446,0.015568753177435132,0.9392150276785529
Test_43,0.04566194666517348,0.034340145037000405,0.8991469341469476,0.0208509741508786
Test_44,0.5307298171668904,0.2455497011378978,0.031445668917296075,0.19227481277791603
Test_45,0.4026526202129126,0.03670858793246754,0.22939793765065872,0.3312408542039611
Test_46,0.6227268598807957,0.014770432543194968,0.03066265752871359,0.33184005004729583
Test_47,0.012058179819260204,0.10172960121464839,0.8697550028428399,0.01645721612325137
Test_48,0.0027329583875639997,0.09460313278304397,0.8885910722258044,0.014072836603587872
Test_49,0.004622249841890817,0.043972566816141374,0.9425555049696008,0.008849678372367135
Test_50,0.003926710207761265,0.03788955921431913,0.9527951854059182,0.0053885451720011735
Test_51,0.0519341580873998,0.06673639657392669,0.8174385175491805,0.06389092778949304
Test_52,0.2589155379591433,0.09595113301109495,0.5724014214945196,0.07273190753524213
Test_53,0.010869478962682998,0.0390915211839587,0.9395632614481801,0.01047573840517796
Test_54,0.008248331985735938,0.06396768169872466,0.9033928768807113,0.024391109434828192
Test_55,0.2810769261284706,0.031152150817949118,0.039592288933539124,0.6481786341200411
Test_56,0.022840312739166133,0.03497809543455778,0.21648114271938018,0.725700449106896
Test_57,0.32677677629941826,0.040027508487795564,0.2134617599903149,0.4197339552224712
Test_58,0.11515306245193481,0.015656622717156884,0.05667360232666336,0.8125167125042451
Test_59,0.25536043533848884,0.12930207713227665,0.4822252931396385,0.133112194389596
Test_60,0.004695727044963944,0.0721269942487542,0.06033935613457474,0.862837922571707
Test_61,0.7726248485201604,0.027652337564284393,0.11600438288335115,0.08371843103220415
Test_62,0.13039428682161752,0.0054684027357517736,0.7954021433676397,0.06873516707499124
Test_63,0.1278351115686399,0.06270944689908506,0.567065294057395,0.24239014747487983
Test_64,0.5188002633916515,0.0753472569218298,0.18445801985117524,0.22139445983534345
Test_65,0.057708463642548,0.012261986343553816,0.7198804837744134,0.2101490662394847
Test_66,0.5469591842787296,0.02884196143934074,0.1743730879686523,0.24982576631327788
Test_67,0.011211715613380274,0.25831717424600215,0.6670507001608573,0.06342040997976035
Test_68,0.09381488288553205,0.13141999810325053,0.04601153925104673,0.728753579760171
Test_69,0.008462063699984212,0.013808995242046077,0.975562759294451,0.002166181763518976
Test_70,0.02017648459271411,0.0614018299191292,0.10459160971164583,0.8138300757765109
Test_71,0.1696588513148383,0.12494787848393103,0.6550124547016742,0.05038081549955629
Test_72,0.013733557168546075,0.1586428381851654,0.044275099304256306,0.7833485053420323
Test_73,0.7681707354671327,0.020950172102688708,0.0910841763595868,0.11979491607059167
Test_74,0.2543956163142503,0.0578506957428164,0.6071223311825448,0.0806313567603885
Test_75,0.1762954909976532,0.032612800273302836,0.343689638563223,0.44740207016582073
Test_76,0.024448519445277005,0.09707406820867065,0.02790975263580207,0.8505676597102502
Test_77,0.08796864623676867,0.014735965135664398,0.17675420965929178,0.7205411789682753
Test_78,0.016789278177520524,0.12306856591986763,0.03243968902246254,0.827702466880149
Test_79,0.317715270855351,0.051297091239651475,0.38247675198781406,0.24851088591718362
Test_80,0.19824640088994253,0.04131264079471951,0.44580110171577847,0.3146398565995595
Test_81,0.002996918140029886,0.021810380119844684,0.9708626599842064,0.004330041755918967
Test_82,0.24681903877648578,0.04546901287604629,0.28135610659515103,0.4263558417523167
Test_83,0.3280604797293024,0.12224054920958893,0.1912389560673414,0.35846001499376734
Test_84,0.3793442301933145,0.030907633343899652,0.2810590506430642,0.3086890858197218
Test_85,0.43059268641813486,0.026433646571284764,0.26752350040564876,0.2754501666049309
Test_86,0.024377479039673192,0.10443638157117127,0.5458269602182139,0.32535917917094165
Test_87,0.5666970286661452,0.03750982490687069,0.11378077207755403,0.2820123743494299
Test_88,0.09136462890927906,0.0601504311122857,0.011038842563059984,0.8374460974153752
Test_89,0.3161339274216572,0.011813523821167595,0.560691305818106,0.11136124293906922
Test_90,0.00956554229742661,0.09096960663358222,0.8785157838017593,0.020949067267231492
Test_91,0.6124739358156512,0.048216899592987084,0.13287319085231977,0.20643597373904188
Test_92,0.4792855861784635,0.1391139499034975,0.10717747857793945,0.27442298534009973
Test_93,0.04055543884698553,0.03870089900737941,0.6384489039486458,0.28229475819698924
Test_94,0.1279795890189036,0.008144838502861804,0.011088664925374784,0.8527869075528598
Test_95,0.3382366585101444,0.11388771941349488,0.32692909757864896,0.2209465244977118
Test_96,0.3653136354635603,0.07511031367023405,0.07272621980954563,0.4868498310566599
Test_97,0.8578572320157755,0.019726802997150326,0.07312989728994525,0.04928606769712899
Test_98,0.22093185536128324,0.14922896756702136,0.30273535182881167,0.3271038252428838
Test_99,0.21032071518766043,0.16419553360248226,0.3425013667789386,0.28298238443091894
Test_100,0.0724734724288245,0.11161677556056612,0.01450671820970774,0.8014030338009016
Test_101,0.6181931689939435,0.0380639641793697,0.07017883623244892,0.27356403059423823
Test_102,0.10993287570800063,0.04334855499125011,0.019661846023191265,0.8270567232775581
Test_103,0.41738353295694025,0.04332911039865342,0.199270063911535,0.3400172927328712
Test_104,0.2806394103706848,0.10534847524129115,0.07393466745329148,0.5400774469347324
Test_105,0.06376728564130602,0.009223969207975736,0.02394906382307675,0.9030596813276416
Test_106,0.8136046077118357,0.02050947862106652,0.10668538023759462,0.05920053342950289
Test_107,0.029518028464547697,0.11825251669652798,0.8158586108913851,0.036370843947539054
Test_108,0.1826818559480958,0.021949801618906268,0.05573833287614721,0.7396300095568508
Test_109,0.5238472303724235,0.08088347886433955,0.09197492260090516,0.3032943681623318
Test_110,0.5518737296955055,0.014416061163180246,0.01760723077873795,0.4161029783625761
Test_111,0.3379825740565248,0.035803618007050564,0.3360507063932203,0.29016310154320435
Test_112,0.016910620363924926,0.07522972724505662,0.8704673524673319,0.03739229992368662
Test_113,0.6177188017590224,0.04103174549186725,0.11641204289846255,0.2248374098506482
Test_114,0.7135796973640035,0.042320777415583676,0.009057828272695806,0.23504169694771723
Test_115,0.3185522011804342,0.02980840101556905,0.28121346569034905,0.37042593211364766
Test_116,0.5039877162417027,0.12079467387596608,0.2630217596796997,0.11219585020263134
Test_117,0.003215666252133196,0.1055660561393465,0.8813052040470786,0.009913073561441709
Test_118,0.015281265355017122,0.117397028150635,0.8513027253582025,0.01601898113614527
Test_119,0.7621022932420695,0.03334036427046962,0.0738640641038255,0.13069327838363576
Test_120,0.004586313247802084,0.058852067907241755,0.9272875545787408,0.00927406426621548
Test_121,0.06547125372796318,0.04893966388250369,0.84685373922753,0.038735343162002965
Test_122,0.032148416128296504,0.06559474650422141,0.8843471065694513,0.017909730798030623
Test_123,0.015225554258020116,0.13793362736742665,0.821973312397015,0.024867505977537983
Test_124,0.9341755411863274,0.009300703573453493,0.005122019241840609,0.0514017359983783
Test_125,0.03902860905230631,0.26001419367469913,0.03807426554234228,0.6628829317306523
Test_126,0.539544369795189,0.046637213634324555,0.37107899002859845,0.04273942654188786
Test_127,0.08628445719064658,0.04190657927943557,0.013302044291220942,0.858506919238697
Test_128,0.14658290385600545,0.038588213056546875,0.08656451247613765,0.7282643706113103
Test_129,0.002732509523525924,0.03960345226671435,0.9486040107968945,0.009060027412865362
Test_130,0.040047683651810065,0.058316672202738666,0.030604497416351392,0.8710311467290999
Test_131,0.13394563401662765,0.12191396314533161,0.036106193332226096,0.7080342095058145
Test_132,0.5563521651484596,0.04883811355046014,0.0490406214920506,0.3457690998090295
Test_133,0.08580268728078853,0.11404145551614134,0.021408330909586982,0.7787475262934832
Test_134,0.29073257686254833,0.03701616167498578,0.189951790653105,0.48229947080936103
Test_135,0.6119439468368008,0.02181540494014775,0.182287252211539,0.18395339601151217
Test_136,0.02645341025238833,0.011655591247610354,0.05672206705924174,0.9051689314407593
Test_137,0.34032350429035857,0.07441051579452602,0.512234087763862,0.07303189215125336
Test_138,0.00037875423028628605,0.06269872318656253,0.9348466777543947,0.002075844828756296
Test_139,0.899585259427546,0.01266115764886477,0.02864169586806199,0.05911188705552734
Test_140,0.01404757335375856,0.022947370287060693,0.9522756183365593,0.010729438022621355
Test_141,0.3165076628823142,0.03678658444434276,0.2365640670574896,0.41014168561585346
Test_142,0.13325600509816612,0.10141376899691486,0.5531340457092722,0.2121961801956468
Test_143,0.5156865706371754,0.08786043592042948,0.011971323793542541,0.3844816696488526
Test_144,0.26990036618871843,0.09355887005734644,0.30115473300551193,0.33538603074842305
Test_145,0.7618327527272043,0.056798100804183294,0.07950267486998218,0.1018664715986302
Test_146,0.0036734624018748183,0.04004779698552326,0.9503083594528973,0.005970381159704394
Test_147,0.011282918134293506,0.010358590977489817,0.973056681117701,0.005301809770515374
Test_148,0.29498394293952745,0.04844427729868896,0.6243829453413106,0.03218883442047315
Test_149,0.015719751533594572,0.2442907448602002,0.28583364048039583,0.4541558631258092
Test_150,0.25967689778289443,0.034528886476239196,0.13191503863233225,0.5738791771085342
Test_151,0.0007934160361679771,0.038386952813429874,0.9579012629121744,0.002918368238227897
Test_152,0.022232141348687274,0.06652686557482053,0.8865981407562342,0.024642852320258056
Test_153,0.597766369588666,0.04867543964687529,0.14707858831997345,0.2064796024444853
Test_154,0.3347762934763468,0.05226619386043286,0.5587014709823456,0.054256041680874764
Test_155,0.0013743096575628854,0.1268482354930742,0.8572563865693977,0.01452106827996536
Test_156,0.11526089814428621,0.01789753902463864,0.04373070058702184,0.8231108622440534
Test_157,0.7373485159445162,0.01968488450810319,0.13737571711434957,0.1055908824330311
Test_158,0.10647908525904376,0.042579090896680834,0.023378849744393793,0.8275629740998819
Test_159,0.3725642253465775,0.022544368177785365,0.4287821192376697,0.17610928723796754
Test_160,0.6267584485513435,0.03982382517614001,0.13465922220710186,0.19875850406541462
Test_161,0.08789693756032152,0.12900775391806737,0.08809181951396751,0.6950034890076434
Test_162,0.17856192996992654,0.04119708286225136,0.48602478051875214,0.2942162066490699
Test_163,0.006552990645421542,0.05358849363231321,0.9240443349707216,0.015814180751544133
Test_164,0.6297482622091801,0.028632297823732757,0.15425642886459992,0.1873630111024875
Test_165,0.17542567858941657,0.07553636230984227,0.08704750781414614,0.661990451286595
Test_166,0.25445686032021203,0.025046564131566633,0.5465178004891669,0.17397877505905457
Test_167,0.05408357146680655,0.019705541208349955,0.9084976408132945,0.017713246511549055
Test_168,0.028238403260677825,0.12427892306059071,0.7956221157055555,0.051860557973176374
Test_169,0.2058635318289882,0.04475391885482128,0.2367135723865604,0.5126689769296302
Test_170,0.2921427492685239,0.03569145080222456,0.4500255838936492,0.22214021603560222
Test_171,0.012566678776100858,0.1108147994235097,0.8387324107216425,0.03788611107874694
Test_172,0.22499943694251479,0.031176094559546,0.729302781161521,0.014521687336418307
Test_173,0.00360485244947399,0.007092559795163638,0.9863618737217423,0.0029407140336199476
Test_174,0.9303904995045769,0.021836622672291126,0.01843594837511275,0.029336929448019383
Test_175,0.5703041550543727,0.09174415205481849,0.04401347060822385,0.2939382222825851
Test_176,0.12641871767926235,0.04220202353274972,0.7568321681611259,0.0745470906268624
Test_177,0.0944195814764117,0.02338474758762908,0.09800781632188703,0.7841878546140721
Test_178,0.2963411686626205,0.023429290041689924,0.04364112374062713,0.6365884175550621
Test_179,0.062338142934709254,0.07234515501685128,0.788496974603162,0.07681972744527757
Test_180,0.11499564249947451,0.04217891740307506,0.286861091753466,0.5559643483439844
Test_181,0.011918343209608245,0.06826044413187281,0.011754586299229562,0.9080666263592895
Test_182,0.007593199668449232,0.07046010959383875,0.9085628586640133,0.013383832073698499
Test_183,0.9420268508445199,0.006571748533871264,0.01251721204224151,0.03888418857936715
Test_184,0.47991233443673875,0.009350098468187388,0.4332332214207074,0.07750434567436677
Test_185,0.22920792114249774,0.2250397859087819,0.11364915257545873,0.4321031403732616
Test_186,0.09761666709407181,0.03686986158319134,0.039192672294654805,0.8263207990280824
Test_187,0.05230979706252947,0.12531321776180981,0.7832494139718685,0.03912757120379253
Test_188,0.6010138364260499,0.04175169411936514,0.14421988236028335,0.21301458709430218
Test_189,0.4069915139748756,0.02576144277692204,0.4533948913493259,0.11385215189887653
Test_190,0.25472991930415717,0.025081614397602123,0.49631722511960036,0.22387124117864043
Test_191,0.03600800255062,0.029401349041012607,0.4441189605739569,0.4904716878344105
Test_192,0.2548180016909317,0.027464889424106204,0.12824549752038866,0.5894716113645735
Test_193,0.0029179100074832897,0.0315705098655633,0.9630995248216911,0.00241205530526195
Test_194,0.023840387640083817,0.11000259633298382,0.7139942741329981,0.1521627418939342
Test_195,0.19118360421427033,0.10392203182672084,0.3791280213605016,0.3257663425985072
Test_196,0.5008129449958141,0.05043152312087778,0.20310144448886697,0.24565408739444122
Test_197,0.313457793897825,0.030171400345794658,0.5585575399100837,0.09781326584629643
Test_198,0.041645497690409934,0.00915575399153882,0.004453443721507961,0.9447453045965434
Test_199,0.08147894180833967,0.06379206882609038,0.7665998626126777,0.08812912675289233
Test_200,0.006677729914076833,0.016816425107544494,0.9726578410457856,0.0038480039325932093
Test_201,0.058303202006499404,0.014417602185442068,0.005405564855703653,0.9218736309523548
Test_202,0.006462235255736249,0.03772580805629384,0.9478581299160841,0.007953826771885934
Test_203,0.23217665580927396,0.03301892561100585,0.3313960846779158,0.40340833390180425
Test_204,0.1695440995754659,0.07923297291577575,0.3909475933817746,0.36027533412698365
Test_205,0.04989986616819832,0.055465031820958216,0.03808817494289783,0.8565469270679453
Test_206,0.01394667489352544,0.024651449617752317,0.0052493860336127,0.9561524894551097
Test_207,0.04761587270485243,0.029846975619793256,0.17532272703396387,0.7472144246413905
Test_208,0.6367613893580746,0.10883450229314179,0.06668566166857456,0.18771844668020923
Test_209,0.02816269589141523,0.042000036981708254,0.7746382545833058,0.15519901254357069
Test_210,0.3497881228167779,0.11185416554633923,0.08566853785102044,0.4526891737858626
Test_211,0.0014977822888730347,0.08776677531010575,0.9001605654897357,0.010574876911285691
Test_212,0.03263372409011801,0.05977413223620967,0.8950402590394126,0.012551884634259112
Test_213,0.1720223976166564,0.1281644020243774,0.352525917300427,0.3472872830585391
Test_214,0.19239383675089688,0.0489203085681063,0.5421470178874658,0.21653883679353078
Test_215,0.3213744849328244,0.026167693313169083,0.054437419926050605,0.598020401827956
Test_216,0.30529270289885685,0.07764218144330459,0.09261074353059118,0.5244543721272474
Test_217,0.006955925053649299,0.024543932689538837,0.9175577682891389,0.05094237396767301
Test_218,0.8388431371640662,0.009864921624855685,0.025556289811203628,0.12573565139987436
Test_219,0.030822533433335447,0.041094738075777966,0.9129292660003011,0.015153462490585475
Test_220,0.08533649819994511,0.012567288657038298,0.017050401060979735,0.885045812082037
Test_221,0.35152827989970054,0.04080561929681928,0.29041340862341597,0.31725269218006413
Test_222,0.01271395943009605,0.023493319433503444,0.9310904298757221,0.032702291260678994
Test_223,0.025377242007372482,0.2071646673701502,0.7037756866928717,0.06368240392960572
Test_224,0.3836473358734683,0.06254907310552818,0.19216077304171392,0.3616428179792897
Test_225,0.7057500964699697,0.01807599549464663,0.20770742880902998,0.06846647922635372
Test_226,0.04980972587355027,0.13110617004605996,0.6540815521792039,0.1650025519011857
Test_227,0.4493875072639541,0.04486847940344965,0.01083506578400081,0.49490894754859555
Test_228,0.24071471363852398,0.035292725751401174,0.1497292569888937,0.5742633036211812
Test_229,0.022330387071819714,0.04686164342443508,0.9241892201283783,0.006618749375366858
Test_230,0.6164627419397881,0.042012276899649335,0.0960298347031564,0.2454951464574059
Test_231,0.04504937664432089,0.03351914014713056,0.01106682100963704,0.9103646621989114
Test_232,0.7845664909366136,0.023279145005941287,0.07573666126999187,0.11641770278745298
Test_233,0.2668403431630816,0.0304583294171208,0.140664369907541,0.5620369575122569
Test_234,0.6416515807671309,0.09444940146881647,0.02942135887344048,0.2344776588906124
Test_235,0.016475624601461465,0.08087597053100043,0.0268321840986067,0.8758162207689316
Test_236,0.39439632541365316,0.02308045238342431,0.1606600542858586,0.4218631679170638
Test_237,0.0713146208088032,0.038689176500591525,0.01817057747929778,0.8718256252113075
Test_238,0.329218658189911,0.04124421542397428,0.1979942526704196,0.43154287371569483
Test_239,0.006323035328050287,0.04012573262250297,0.883479100903753,0.07007213114569383
Test_240,0.0014184951565204796,0.05556740752680234,0.9393874909129423,0.0036266064037349145
Test_241,0.3579398177810457,0.04673771224478156,0.29028091982815896,0.3050415501460137
Test_242,0.36420711732277516,0.043559436291388164,0.01794358328931963,0.5742898630965171
Test_243,0.8175743158592679,0.04093616641044862,0.06774829496089173,0.073741222769392
Test_244,0.04804207914346755,0.029920065573121497,0.14100098736834343,0.7810368679150673
Test_245,0.0026135417916795032,0.03669643004292214,0.9451195101310389,0.0155705180343595
Test_246,0.09285574686732143,0.038872346733542874,0.01299047120017414,0.8552814351989617
Test_247,0.024034451539223067,0.0414166036161395,0.010935172406240272,0.9236137724383973
Test_248,0.44453156686381323,0.18352822631308474,0.0672184179399854,0.3047217888831167
Test_249,0.14049770830832953,0.052504135210587784,0.4913357830571345,0.3156623734239477
Test_250,0.9495005973898558,0.009979371476938165,0.007604826606247892,0.03291520452695829
Test_251,0.5245609486238751,0.038282779002145266,0.05026175856793406,0.3868945138060455
Test_252,0.12522419101405602,0.02611840969934976,0.6592453977544304,0.18941200153216387
Test_253,0.006637286842369552,0.030303235319632575,0.003351115784504735,0.9597083620534934
Test_254,0.28181210922286987,0.023555807146803005,0.03770689176966649,0.6569251918606606
Test_255,0.38052082231832796,0.08439098312862411,0.10807785387049783,0.42701034068255034
Test_256,0.02535778966724074,0.047382125680938476,0.011104629389434417,0.9161554552623864
Test_257,0.0013826629740330124,0.047535042886376624,0.9449998430709384,0.0060824510686519825
Test_258,0.03374607915803562,0.058349272635424256,0.7890624448295798,0.11884220337696048
Test_259,0.23759021743589404,0.029396296105672362,0.5988257378515804,0.13418774860685323
Test_260,0.3745720322621589,0.019047663226473905,0.06440960302484001,0.5419707014865273
Test_261,0.008212188895750368,0.04025261579655922,0.9433916230552745,0.008143572252415797
Test_262,0.0681106770561848,0.11949697565336044,0.044019775487345536,0.7683725718031092
Test_263,0.4593017750432625,0.028391551893695462,0.053469843173199263,0.45883682988984287
Test_264,0.08955809552687298,0.0807446479699133,0.7804780808431676,0.04921917566004613
Test_265,0.33780115994944016,0.035876366684454056,0.2325269100794169,0.39379556328668885
Test_266,0.025058471090826696,0.007581163018520237,0.0017482955965807073,0.9656120702940724
Test_267,0.6736362809156019,0.033657474402835764,0.1206281697419347,0.1720780749396275
Test_268,0.008999999323861085,0.13675267043587708,0.7728405585682045,0.08140677167205752
Test_269,0.6407665570406154,0.019511327745387913,0.06566119631343047,0.27406091890056644
Test_270,0.07692689005000632,0.03155168800229213,0.0036129297270596663,0.8879084922206419
Test_271,0.6301475879834385,0.028299933036028797,0.08743077169057926,0.25412170728995354
Test_272,0.012135818401768002,0.03309928511312665,0.9379859532104439,0.016778943274661454
Test_273,0.43759252618131367,0.052476542087345326,0.046017023984908915,0.463913907746432
Test_274,0.001116336064939988,0.0639312898242194,0.9288779617477991,0.006074412363041397
Test_275,0.02957666329177163,0.0732825292496998,0.8460145093520419,0.05112629810648675
Test_276,0.01561825616766205,0.19176812425584125,0.2843488673876241,0.5082647521888727
Test_277,0.46304176132913494,0.062093142478310416,0.099592955566292,0.37527214062626285
Test_278,0.0967734421629734,0.051908781229014225,0.020998448378574053,0.8303193282294384
Test_279,0.02286923910708797,0.011962037609121769,0.958442694515757,0.006726028768033232
Test_280,0.2695764691320171,0.06739892304052332,0.20852674393674292,0.4544978638907166
Test_281,0.20933004293852361,0.18676740969306266,0.11343679869397824,0.4904657486744358
Test_282,0.0661659429274157,0.27267226089122504,0.11190242840201732,0.5492593677793421
Test_283,0.0005869094285905348,0.04726784633483346,0.937036740524656,0.015108503711920141
Test_284,0.0059361567843166044,0.11289935469660052,0.8040167029221472,0.07714778559693536
Test_285,0.2988462606316107,0.031288610096647365,0.3905548771710898,0.27931025210065186
Test_286,0.2863072232434892,0.01948353344511242,0.11679726653493883,0.5774119767764596
Test_287,0.9697261477444818,0.005825818718237125,0.015565404009979205,0.008882629527301593
Test_288,0.025249272929124364,0.02998185754675187,0.009465973814597763,0.935302895709526
Test_289,0.06424052231543256,0.053950399431186936,0.033822925292204695,0.847986152961176
Test_290,0.24773943832886067,0.344874820856998,0.22352482853591732,0.18386091227822413
Test_291,0.015190307029553506,0.04271289456157042,0.9342415505193763,0.007855247889499704
Test_292,0.7990966127812673,0.0178927028455335,0.03160020324901172,0.1514104811241877
Test_293,0.000739489479525924,0.0367022181845342,0.9610058090654788,0.0015524832704608372
Test_294,0.036710891210254795,0.02073565637278088,0.8682694511048918,0.07428400131207251
Test_295,0.2751946161604488,0.01816997732803277,0.5841525886032629,0.12248281790825524
Test_296,0.156122576306224,0.005346426659872353,0.7995012587034735,0.039029738330430185
Test_297,0.004912967786808614,0.15909891162188602,0.02452629024312028,0.8114618303481852
Test_298,0.17568655103835024,0.08485925094593448,0.6542138737890911,0.08524032422662434
Test_299,0.2505002796984499,0.03924185880903512,0.24956478002370647,0.4606930814688086
Test_300,0.631431208021104,0.21006796231763028,0.04709487176169245,0.1114059578995732
Test_301,0.6626788683315341,0.01855794783654847,0.03880858932660633,0.2799545945053111
Test_302,0.0064514157833753475,0.012546520203874326,0.9751508243700433,0.005851239642707182
Test_303,0.24558983057849465,0.03220247293715551,0.3920992874551111,0.33010840902923877
Test_304,0.8907469011758894,0.026953880345949033,0.032286784344530056,0.05001243413363156
Test_305,0.14862041528467268,0.05748379031282999,0.7667985607097262,0.027097233692770787
Test_306,0.3701043421402457,0.017772333039298,0.40975233348977425,0.2023709913306823
Test_307,0.39972284056967494,0.033991967714865255,0.2222760641546132,0.3440091275608466
Test_308,0.20039461745328022,0.2276500481925135,0.04501162469467447,0.5269437096595321
Test_309,0.33248205532647374,0.04388953720214885,0.3481652278405284,0.27546317963084904
Test_310,0.020432113376337782,0.10087850738688013,0.8326388220822197,0.04605055715456197
Test_311,0.02242620852703184,0.021185178171112495,0.9173077534584009,0.039080859843455114
Test_312,0.12677067175789705,0.03325486383038183,0.020642073953144303,0.8193323904585771
Test_313,0.15297830257343134,0.023772617109455343,0.08439550601992028,0.7388535742971931
Test_314,0.21455569067665475,0.06665649039004327,0.4027004047804668,0.3160874141528349
Test_315,0.06341270781589027,0.04585037345899414,0.00906723912013051,0.8816696796049851
Test_316,0.27363537725809106,0.01424755706811944,0.6886506996990468,0.02346636597474309
Test_317,0.041189265826762814,0.06691153258464093,0.8698559514556611,0.022043250132934896
Test_318,0.08123189134502228,0.11296433492448574,0.025260475014363626,0.7805432987161286
Test_319,0.0019394812540714141,0.03417559709418316,0.958024281228991,0.005860640422754227
Test_320,0.03777451617412039,0.02265631201030369,0.9253429385187079,0.014226233296867962
Test_321,0.6998578898031151,0.046493715734558586,0.11505559606380764,0.13859279839851882
Test_322,0.27901958665654725,0.07790361474767801,0.1240008536262984,0.5190759449694767
Test_323,0.2575896929692547,0.10939839674773191,0.4553134319120345,0.17769847837097902
Test_324,0.005475718634434326,0.015453919310138429,0.9720025707034241,0.0070677913520034805
Test_325,0.12139592294925675,0.03658205755724217,0.018331890396707854,0.823690129096793
Test_326,0.007517212401030424,0.02861346531633694,0.9447578889808561,0.019111433301776663
Test_327,0.08000269142969181,0.03405920772608195,0.06346614292278599,0.8224719579214403
Test_328,0.11265629378960239,0.045364727944480564,0.8234177716965708,0.01856120656934622
Test_329,0.22768525016878347,0.1493795785285783,0.5574434168607912,0.06549175444184704
Test_330,0.08775758644277946,0.1354592809637719,0.646076617648998,0.1307065149444505
Test_331,0.37767239843939965,0.05160481562743715,0.09229253432214857,0.47843025161101466
Test_332,0.8325654029863498,0.04908239941164626,0.03176184622446856,0.08659035137753505
Test_333,0.638203839504402,0.06580144418625056,0.15053662269517265,0.14545809361417536
Test_334,0.015303661848328088,0.016018874885407666,0.9640483586223938,0.004629104643870707
Test_335,0.7885387979711888,0.02932408912405676,0.07658943665973411,0.10554767624502022
Test_336,0.443992885693474,0.020402898083574622,0.32559896589874976,0.2100052503242015
Test_337,0.7191046566317271,0.028222073553070878,0.01184488490256516,0.24082838491263692
Test_338,0.41303099676236116,0.021426657705108394,0.2429917891250488,0.32255055640748154
Test_339,0.2529735062261272,0.049521948322564374,0.4272032652462064,0.2703012802051022
Test_340,0.5617158130346565,0.039801516380999165,0.14850506228950586,0.24997760829483856
Test_341,0.804635866150901,0.06909579059000805,0.014097696906532337,0.11217064635255856
Test_342,0.8324412984106768,0.05882187269118742,0.02647161843293567,0.0822652104652001
Test_343,0.3888551482669731,0.0361896899964952,0.15806839201532047,0.41688676972121125
Test_344,0.007874954446625209,0.10584278829181612,0.8782133613056013,0.008068895955957254
Test_345,0.10439570513998575,0.07188759165741468,0.24915217684452978,0.5745645263580698
Test_346,0.0010270277422022155,0.021571990779548,0.9739299329092204,0.0034710485690296606
Test_347,0.06602545439963692,0.04351965261620028,0.3456721153847827,0.5447827775993802
Test_348,0.4389304529568706,0.0062225912095684,0.08538516131431848,0.4694617945192425
Test_349,0.1901160799688598,0.023993581533828943,0.009858689422412813,0.7760316490748983
Test_350,0.027705283349577302,0.12151628838822676,0.24982741505406994,0.6009510132081262
Test_351,0.0006396909680574254,0.08787001275319002,0.9041419606053153,0.007348335673437354
Test_352,0.055877879732106575,0.33963067300822014,0.05680787324086127,0.547683574018812
Test_353,0.3839204663990187,0.052221194278423935,0.16324755736944757,0.40061078195310945
Test_354,0.24247472139953558,0.04164508819346078,0.4041336115195428,0.31174657888746077
Test_355,0.6611245866536618,0.010857428551036823,0.049719932255253785,0.2782980525400476
Test_356,0.5523747842670108,0.06363720581457673,0.22490650874527465,0.15908150117313768
Test_357,0.8343012673658995,0.01845473789562789,0.06081437192035961,0.08642962281811307
Test_358,0.34017244855273354,0.03691027037996017,0.3189748020828824,0.3039424789844237
Test_359,0.34130913314394196,0.013958959636678965,0.013521665462837309,0.6312102417565416
Test_360,0.09411370357395822,0.03449746266174321,0.7198896517918183,0.1514991819724805
Test_361,0.7004763650702754,0.026722420726388665,0.2110921348464291,0.061709079356907184
Test_362,0.3231571383502562,0.01532686896473385,0.5623477392406019,0.09916825344440829
Test_363,0.2853783217858252,0.03917086338339351,0.2925517203614851,0.3828990944692961
Test_364,0.016761170887707715,0.018794282633948754,0.9494143756831632,0.01503017079518013
Test_365,0.024422471846553436,0.011320559521236407,0.9592660037171105,0.004990964915099651
Test_366,0.03893121284033796,0.11022571429795167,0.8279075210914677,0.022935551770242667
Test_367,0.1766439889828075,0.028912987138189728,0.3824841580632542,0.4119588658157485
Test_368,0.3586407834298053,0.03303198046674557,0.3036005686780675,0.30472666742538146
Test_369,0.062395607468788826,0.15054165083500676,0.04641344721590411,0.7406492944803005
Test_370,0.04501212143603735,0.013634392519512241,0.9170607360944216,0.024292749950028805
Test_371,0.01897350692355923,0.08714623024739801,0.8727503989017874,0.021129863927255726
Test_372,0.0681396709365063,0.02662641952030228,0.4535559029654274,0.45167800657776397
Test_373,0.030001544651665622,0.07761590556524176,0.797493314222821,0.09488923556027176
Test_374,0.06108514266671767,0.3327774957584777,0.5529978460213821,0.053139515553422355
Test_375,0.14918475217274255,0.040701092545424505,0.008256939334091285,0.8018572159477416
Test_376,0.453983143880766,0.05270102201192638,0.07751062465155943,0.41580520945574817
Test_377,0.8836305518711202,0.008582578909044196,0.04647925218969247,0.06130761703014329
Test_378,0.10959601477794836,0.0749272030638172,0.7914540563985958,0.024022725759639166
Test_379,0.6555672080225632,0.032774504226960696,0.157296757258399,0.154361530492077
Test_380,0.025057332768963107,0.11013263578593147,0.7697498545862375,0.09506017685886811
Test_381,0.5867111758656336,0.005988336373405755,0.004347964272300099,0.4029525234886607
Test_382,0.702112298698024,0.05942052197076454,0.014468476588095356,0.223998702743116
Test_383,0.6589837484531796,0.0368838377715782,0.06137114659985978,0.24276126717538246
Test_384,0.04865322252022776,0.012281354905906419,0.9330110845966051,0.006054337977260587
Test_385,0.21467152629318545,0.15269862898746542,0.1919150373313491,0.44071480738799984
Test_386,0.012083591877084694,0.07535179773554836,0.6593863067051609,0.25317830368220634
Test_387,0.21684902221136979,0.08617785286203053,0.08071163775617649,0.6162614871704232
Test_388,0.7058403575389537,0.020780224967761343,0.008783187510166596,0.2645962299831184
Test_389,0.4723205811362069,0.11610739975503931,0.29817472624826036,0.11339729286049335
Test_390,0.21331187032803112,0.12768829105774404,0.298656676434496,0.3603431621797289
Test_391,0.014632130190235182,0.056362118528887895,0.9168170200577382,0.012188731223138504
Test_392,0.023927026199000948,0.0996836875836803,0.8541925690800742,0.022196717137244564
Test_393,0.2170697465160254,0.11783993138102182,0.14054546668297044,0.5245448554199823
Test_394,0.5076685842309363,0.01632270581621868,0.11310873924703194,0.3628999707058131
Test_395,0.3768429871504754,0.03873751666894393,0.4838052795351339,0.10061421664544648
Test_396,0.39699528166250525,0.020135155717780562,0.36703909494338294,0.21583046767633132
Test_397,0.13860438178590423,0.07206676364173654,0.02721504204445805,0.7621138125279012
Test_398,0.16040063365420945,0.020628825183167644,0.7032956747289685,0.11567486643365411
Test_399,0.6749803739769726,0.016097539527298813,0.041384376396346095,0.2675377100993827
Test_400,0.004196710841636945,0.04726444492041224,0.9407988323097322,0.007740011928218846
Test_401,0.026057175281837056,0.06754417665906501,0.888775784701146,0.017622863357952184
Test_402,0.33398726085872293,0.03113951198870187,0.12085961552546831,0.5140136116271068
Test_403,0.019107402104170453,0.06295959131549052,0.8165709477970053,0.10136205878333394
Test_404,0.020264099002520953,0.01438876687116341,0.026347638650229672,0.9389994954760862
Test_405,0.01763722354355996,0.011446088839956807,0.008264270149207206,0.9626524174672757
Test_406,0.0014719854806450063,0.03953089773828923,0.006047541172334146,0.9529495756087317
Test_407,0.006563995184037944,0.030046076454464412,0.0028963495244069878,0.9604935788370904
Test_408,0.06620216481984934,0.061471955922691154,0.005404491516828383,0.8669213877406312
Test_409,0.11741163092232244,0.18428238541971262,0.6195499096362148,0.07875607402175022
Test_410,0.008910856772390549,0.029044084545311873,0.0026510354729413,0.9593940232093563
Test_411,0.22407024929903685,0.04728640384803158,0.6713291054325539,0.057314241420377755
Test_412,0.048979963585252966,0.21993242800795124,0.24697914095785514,0.48410846744894087
Test_413,0.12226491877753176,0.07201908688439963,0.6646991913980176,0.141016802940051
Test_414,0.07434314109198514,0.1135293332654138,0.6901633207401434,0.12196420490245741
Test_415,0.0016033975252757798,0.05005997814584495,0.9391629071682688,0.009173717160610507
Test_416,0.055252082718972535,0.05126239296244943,0.5061890822928089,0.38729644202576907
Test_417,0.0005795779637464262,0.029393171261088036,0.9676601573680111,0.002367093407154196
Test_418,0.5895478186303782,0.016442285208023252,0.2300443201240341,0.16396557603756437
Test_419,0.627836597202029,0.04739923826434284,0.15013422307871405,0.17462994145491395
Test_420,0.0027700904777559925,0.049391644348207996,0.9420344063982642,0.005803858775771856
Test_421,0.1945744442572515,0.023027275518822308,0.16125417108278536,0.621144109141141
Test_422,0.37143471424761537,0.0238179367021207,0.22532310744915052,0.3794242416011133
Test_423,0.06191122265691154,0.2951853919023187,0.35368388364303355,0.28921950179773626
Test_424,0.011119161629899106,0.0650121997010549,0.908100130338422,0.01576850833062389
Test_425,0.40667756078988193,0.0275081657324118,0.007517044090462623,0.5582972293872438
Test_426,0.19699007098442214,0.041639704567018355,0.6740015872149446,0.0873686372336145
Test_427,0.09816104849328454,0.019542969361140375,0.016271487800242318,0.8660244943453329
Test_428,0.028739693047917226,0.026647598158113253,0.004968901942335591,0.939643806851634
Test_429,0.24384845996225854,0.10501427032011221,0.23506681927016448,0.41607045044746477
Test_430,0.004058933151794767,0.10032108409474076,0.8841998311371986,0.011420151616265778
Test_431,0.34567348630333583,0.026484950043196117,0.27647687113496183,0.35136469251850644
Test_432,0.10246596919950714,0.1730580191155867,0.03597900513245612,0.6884970065524499
Test_433,0.015001009208958289,0.02016881426401617,0.008393977967452802,0.9564361985595725
Test_434,0.2377993845484053,0.05896438930205238,0.023108737531602325,0.6801274886179399
Test_435,0.7820814537063985,0.030626226532902083,0.04393948572252023,0.14335283403817892
Test_436,0.3885535244634377,0.1520641530940544,0.05425507265946059,0.405127249783047
Test_437,0.0719310747737508,0.033249758277824386,0.8755712163389018,0.019247950609522984
Test_438,0.05083238056189661,0.1171956245079568,0.7198994961241052,0.11207249880604166
Test_439,0.07104964068601258,0.3659473748997143,0.3761825619740798,0.18682042244019353
Test_440,0.0011446128287294212,0.04542725269485806,0.944369551653869,0.00905858282254341
Test_441,0.2825898657939564,0.06732237586861645,0.02469587212566925,0.6253918862117579
Test_442,0.4977143756888484,0.022120960766427385,0.19773780524931994,0.2824268582954045
Test_443,0.004458535432478238,0.029307116680189736,0.005170851062267776,0.961063496825064
Test_444,0.5497336419396683,0.09410016583259852,0.1331965415209695,0.22296965070676356
Test_445,0.020797277076967328,0.05908017141510537,0.9063383238280833,0.013784227679843967
Test_446,0.07198418271542632,0.030651586410676036,0.11849129742710932,0.7788729334467882
Test_447,0.3466696200332351,0.03624623489028449,0.5902522564612255,0.02683188861525449
Test_448,0.0073689100558492196,0.1379450531197489,0.8339827168923208,0.02070331993208127
Test_449,0.21075249241353197,0.0874438868616387,0.2180887381644055,0.4837148825604241
Test_450,0.27595230400285353,0.010110256242059244,0.30755057470097846,0.4063868650541086
Test_451,0.0028825340323261383,0.13061408144079303,0.8554164529816749,0.01108693154520557
Test_452,0.037533512067233085,0.012916513696176985,0.9355372444385814,0.014012729798008727
