image_id,healthy,multiple_diseases,rust,scab
Test_0,0.0033919476660890365,0.05756626413906552,0.9387273735137276,0.0003144146811179207
Test_1,0.1361015437244767,0.06400750042070805,0.5553136265580961,0.2445773292967191
Test_2,0.35109921288583823,0.01877310499179703,0.07965964685117374,0.550468035271191
Test_3,0.47672426237809806,0.07567966444869262,0.027638840108348932,0.4199572330648604
Test_4,0.00281081620144838,0.02532541545324516,0.9706139005997846,0.001249867745521947
Test_5,0.24148990189689018,0.0035674632453513828,0.12137823035357301,0.6335644045041854
Test_6,0.5173794494316994,0.0057472162899765925,0.04350594041616635,0.4333673938621576
Test_7,0.030971357503072765,0.11137709164654094,0.01986480929468676,0.8377867415556995
Test_8,0.5443365829182075,0.26469013234219746,0.0008596696704900325,0.19011361506910485
Test_9,0.4319560352071967,0.018398400119410675,0.5116353645993735,0.03801020007401897
Test_10,0.001547250800634108,0.0318590948733402,0.9656219943121409,0.0009716600138848377
Test_11,0.0353091881685647,3.544533737314565e-05,0.9623195288923092,0.002335837601753108
Test_12,0.23450091428490794,0.05248120776574791,0.008400508152269198,0.704617369797075
Test_13,0.1701555029350954,0.021980721539532472,0.7742671144998002,0.03359666102557188
Test_14,8.592478955362966e-05,0.001653297767857274,0.9982575581698389,3.21927275013411e-06
Test_15,0.06088239946666128,0.03732766235338246,0.8886776616402067,0.013112276539749555
Test_16,0.47638814133774066,0.04153745405049612,0.0838041851430313,0.39827021946873203
Test_17,0.0032680167232563865,0.14318188162167184,0.5636278818340174,0.2899222198210544
Test_18,0.6429321168053035,0.10861013238520477,0.1095156286341195,0.13894212217537216
Test_19,0.02144093268119882,0.09466283904348335,0.7758258541975036,0.10807037407781425
Test_20,0.49927509191601954,0.034314963182948875,0.027785771103753652,0.4386241737972781
Test_21,0.7886115747347076,0.005758473706775068,0.028467446917812354,0.17716250464070504
Test_22,0.5237657033967326,0.021602866874204273,0.44897903577101644,0.005652393958046601
Test_23,0.006898493790966983,0.010363447041518948,0.009719510649109527,0.9730185485184045
Test_24,0.6210547584246146,0.07355040372732236,0.010252370078936424,0.2951424677691267
Test_25,0.05637419743653046,0.0002615901568083593,0.02337184968891094,0.9199923627177503
Test_26,0.060086246194347076,0.012521838605059345,0.15585066179540638,0.7715412534051872
Test_27,0.018202181626593615,0.052081892973696226,0.908065880527986,0.021650044871724186
Test_28,0.7512518075789857,0.04682488053410745,0.1506955862033196,0.05122772568358723
Test_29,0.675286314253567,0.0809088730704043,0.1930854391496936,0.05071937352633504
Test_30,0.03402247118802872,0.0016073258719308153,0.013511775317500354,0.9508584276225401
Test_31,0.0015968575413957194,0.09157554433948663,0.9048646021486104,0.0019629959705071485
Test_32,0.43343270570353226,0.005106789441302184,0.03975540961493323,0.5217050952402323
Test_33,0.014664462980743908,0.0029979815778894458,0.0017073789671671615,0.9806301764741995
Test_34,0.5745690720876888,0.0009144579093144616,0.0774350611181181,0.34708140888487865
Test_35,0.06306132066618847,0.11885440061510483,0.1001011255810233,0.7179831531376833
Test_36,0.0033482324023798287,0.0838488026821391,0.9060505590394496,0.006752405876031561
Test_37,0.039668402267563234,0.0006221201517622197,0.008050734701875307,0.9516587428787993
Test_38,0.03286555398861077,0.014750904534242652,0.007859058479173833,0.9445244829979728
Test_39,0.00039733624704623317,1.364554474747911e-05,0.03613545492617715,0.963453563282029
Test_40,0.2110806853557268,0.03343994838462597,0.4270489783757699,0.3284303878838773
Test_41,0.05902359977392998,0.15022166375849583,0.7646650815422097,0.026089654925364397
Test_42,0.011860398032547114,0.02750509403623287,0.014339179245687131,0.9462953286855329
Test_43,0.08267316380321167,0.013609573974150422,0.897335451343758,0.00638181087887983
Test_44,0.7972715618679915,0.027585161038665193,0.003475397796063247,0.17166787929728003
Test_45,0.22878554463626974,0.07602455992454023,0.2722233957089883,0.4229664997302018
Test_46,0.8746127359381323,0.00508229365395561,0.0009596636977087969,0.1193453067102033
Test_47,0.031347883599069974,0.08313648983334723,0.8608935905607352,0.024622036006847595
Test_48,0.0007321623590452687,0.01985410615146313,0.9775116350678501,0.0019020964216414165
Test_49,0.004081329071928516,0.05570851768605231,0.9331601774617263,0.007049975780292922
Test_50,0.0008778058198278453,0.004659931208851536,0.9932206048538083,0.001241658117512299
Test_51,0.015998012217898552,0.04024993785048279,0.9068313818107593,0.03692066812085931
Test_52,0.029834297359969453,0.20984996647582776,0.7529793416183259,0.007336394545876801
Test_53,0.0071913073148578985,0.0184427145751258,0.9701574764528718,0.004208501657144551
Test_54,0.0010658778996383196,0.043800364654349284,0.9535993311541776,0.0015344262918347978
Test_55,0.5304509171325269,0.0057867778361806056,0.0427477141174234,0.42101459091386906
Test_56,0.009087030726578392,0.0027293313583875525,0.18118108341707806,0.807002554497956
Test_57,0.9423827534587206,6.819885115946505e-05,0.0008322764243229537,0.05671677126579701
Test_58,0.10912719394811422,0.010848131685216518,0.0239179860473356,0.8561066883193336
Test_59,0.06123163944870947,0.2615361110589109,0.32391080137552597,0.3533214481168536
Test_60,0.0015990413558753952,0.1576463503193964,0.04078584844055025,0.7999687598841779
Test_61,0.703504633730183,0.04603525016044367,0.14254279451008994,0.10791732159928333
Test_62,0.40329682481247875,0.0020745649533450553,0.5498734707428958,0.04475513949128037
Test_63,0.09349678111516493,0.4785283020303805,0.3191997391378311,0.10877517771662353
Test_64,0.31185971234159415,0.02115576914974815,0.25978067910905583,0.4072038393996018
Test_65,0.009262011222663515,0.029958258420009643,0.8839765584571491,0.07680317190017784
Test_66,0.9601623993475782,0.003772343217472697,0.029025059776321426,0.00704019765862756
Test_67,0.007339243342872634,0.02066227655482644,0.9621808870650157,0.009817593037285213
Test_68,0.14100180731541506,0.07103898744643387,0.06860985514982496,0.7193493500883261
Test_69,0.010893557167594508,0.016555782253464976,0.9671280711837028,0.0054225893952376016
Test_70,0.03733182046533429,0.05181719504751297,0.2421687413923788,0.668682243094774
Test_71,0.022266092380443962,0.002975481728015046,0.9718353661118365,0.0029230597797043896
Test_72,0.12594007281785055,0.23415948601856476,0.24917612554805038,0.3907243156155343
Test_73,0.8429752443277092,0.007748623010904029,0.11738427985390655,0.031891852807480206
Test_74,0.2772335660912424,0.017509976215360473,0.3152433931772567,0.3900130645161404
Test_75,0.3312235689934392,0.0187287412347008,0.29850393363460387,0.3515437561372562
Test_76,0.06936253140366262,0.23293382623676923,0.17929709535677665,0.5184065470027915
Test_77,0.03579087322543379,0.019565275431697084,0.22994146049791175,0.7147023908449573
Test_78,0.030256609397636688,0.19314720307951141,0.13926870256256205,0.6373274849602899
Test_79,0.4551247546991344,0.05402198675333846,0.3575322762769878,0.13332098227053935
Test_80,0.09051016202052978,0.054516769875169235,0.5886736328864489,0.266299435217852
Test_81,0.003288462805412265,0.031090473329261684,0.963509049949667,0.002112013915659036
Test_82,0.01694845857108584,0.005479907219080616,0.33354483478235664,0.644026799427477
Test_83,0.19854011936627042,0.18938716666762598,0.41109210509759886,0.2009806088685048
Test_84,0.009185093630126767,0.00015649479261921378,0.49793915222790053,0.4927192593493535
Test_85,0.22347267695021322,0.005262656012229185,0.7288936121001458,0.042371054937411626
Test_86,0.01878388485062139,0.05397764636895607,0.8317829361291998,0.09545553265122272
Test_87,0.6032984629492241,0.06998592874897527,0.11172209956484179,0.21499350873695888
Test_88,0.10589360173267033,0.02514444840793094,0.0023265481025930216,0.8666354017568058
Test_89,0.27793636337015515,0.030412286441384117,0.35847243399912687,0.3331789161893338
Test_90,0.03338776588891092,0.04963545691492717,0.9045156728968841,0.012461104299277728
Test_91,0.7852930356837542,0.005626340349049985,0.08652933046677637,0.12255129350041934
Test_92,0.5641698620656223,0.035707321118927764,0.07996568491307604,0.320157131902374
Test_93,0.015297775412316155,0.2541215517131091,0.7003849894686401,0.030195683405934523
Test_94,0.048179686159146244,0.006278653694202371,0.006130412408461574,0.9394112477381897
Test_95,0.4881881935084306,0.053043548791890216,0.28644257265984535,0.1723256850398338
Test_96,0.2618123282708147,0.002910922404337602,0.02127438349289196,0.7140023658319556
Test_97,0.7879173200919788,0.048128992519173415,0.056581052694972885,0.1073726346938749
Test_98,0.548977193200077,0.20269259482582858,0.19132246025276237,0.0570077517213321
Test_99,0.23293355315303796,0.022333188209774084,0.3774721151125859,0.3672611435246021
Test_100,0.06493436104783527,0.04913042468928592,0.011104091420656161,0.8748311228422226
Test_101,0.21236828137232935,0.03773616658436923,0.2449205957699532,0.5049749562733482
Test_102,0.24147169695526827,0.041315344541188084,0.09967650170239448,0.6175364568011491
Test_103,0.3058096983628995,0.3246974882972122,0.08344963297354693,0.2860431803663414
Test_104,0.18509891555135574,0.02210108742735708,0.025940286095163665,0.7668597109261236
Test_105,0.007593401156767752,0.0016048973792220408,0.0040136766051825845,0.9867880248588276
Test_106,0.5866605538303031,0.05151520523634342,0.21802732801278066,0.14379691292057287
Test_107,0.013646722443075717,0.17861068373293898,0.7051590818565212,0.10258351196746397
Test_108,0.36558048484306255,0.009350196468693617,0.04003249320719158,0.5850368254810522
Test_109,0.652858837536871,0.11508547346903113,0.076977096170489,0.15507859282360886
Test_110,0.2907019509055732,0.033866194044689234,0.03948311661310341,0.6359487384366342
Test_111,0.9810638696194219,6.601103911676754e-05,0.007444725311522829,0.011425394029938377
Test_112,0.008174006619080292,0.11959709956874691,0.7928396231605055,0.07938927065166726
Test_113,0.9019787260859037,0.0038570988249334924,0.06365673337653191,0.030507441712631037
Test_114,0.5310765536985439,0.07695081948142987,0.06320802445027413,0.32876460236975213
Test_115,0.6552592635784442,0.025448419492225132,0.08213432044472807,0.2371579964846027
Test_116,0.3399647164115954,0.09374013886432292,0.29125995803919197,0.27503518668488963
Test_117,0.001434378342924499,0.10510684172093436,0.8909055019762296,0.0025532779599115106
Test_118,0.007104886730413911,0.023286387276053984,0.9664035341848292,0.003205191808702958
Test_119,0.5512754394750038,0.02547994633825552,0.19277301974648234,0.2304715944402583
Test_120,0.00030173003835926596,0.001785530644018438,0.9971715800875611,0.0007411592300611806
Test_121,0.26969044913460033,0.059451560658148474,0.38099454444709774,0.28986344576015355
Test_122,0.03282751814065585,0.094362493511802,0.8249960650536369,0.047813923293905276
Test_123,2.492659849315752e-05,0.023199733776068276,0.9767710923573759,4.247268062564419e-06
Test_124,0.9475844597889205,0.012321509550499904,0.012534237317705343,0.027559793342874284
Test_125,0.05670410720217474,0.1584505313558632,0.02707153065821668,0.7577738307837454
Test_126,0.47781892429085826,0.18316109432152766,0.2935377097142702,0.045482271673343955
Test_127,0.09470175336543972,0.03159869047817633,0.025058423338350927,0.848641132818033
Test_128,0.029881766492759844,0.0008650651901192347,0.002683768582632282,0.9665693997344887
Test_129,0.001888174820053555,0.03525932326847341,0.9517188713408408,0.011133630570632285
Test_130,0.06633893234624795,0.0048617900475743485,0.012237554102606785,0.9165617235035708
Test_131,0.08971583427642733,0.003301228433183315,0.02138698808258353,0.8855959492078057
Test_132,0.7277581421469422,0.03725227769976827,0.18076198509612615,0.05422759505716325
Test_133,0.15364071591086667,0.13028720110691033,0.15600625522351466,0.5600658277587083
Test_134,0.0885542723397203,0.5025235984287276,0.008649562107248288,0.4002725671243039
Test_135,0.4042475156464955,0.08743877139326668,0.09170482461474408,0.4166088883454938
Test_136,0.0031634544882859013,0.012741375908423886,0.030266474625984058,0.9538286949773062
Test_137,0.2667089061723494,0.046735914173511,0.6847109788071809,0.0018442008469588878
Test_138,1.0280000869225397e-05,0.00471337003127078,0.9952700422859522,6.307681907733871e-06
Test_139,0.9893880934728054,0.0012502549917237382,0.0017337904693523448,0.007627861066118364
Test_140,0.19131423954462878,0.02174154989399666,0.7226053243794155,0.06433888618195897
Test_141,0.014167779648564773,2.8885376814054835e-05,0.030516539616358498,0.9552867953582627
Test_142,0.07117324127614812,0.4044551372335466,0.4672400539963632,0.05713156749394213
Test_143,0.45546774196852824,0.037233106369743425,0.03384307344900834,0.47345607821272007
Test_144,0.2660400948466809,0.16022751022543152,0.48400127145927196,0.08973112346861564
Test_145,0.5239719785939869,0.02701274285327083,0.2759839585749868,0.1730313199777554
Test_146,0.0020149689389374844,0.044101781080551655,0.9517487763919593,0.0021344735885515825
Test_147,0.027533059469643975,0.026864672350268872,0.819145186495344,0.1264570816847432
Test_148,0.8114407616074445,0.03516318633836424,0.10133788753364717,0.052058164520544015
Test_149,0.017766357149266672,0.3564651141013668,0.44545604107890957,0.18031248767045693
Test_150,0.2846644968689589,0.06576443792996951,0.16884726739676237,0.48072379780430935
Test_151,0.003788892398015084,0.015909272368263016,0.9800410610792496,0.00026077415447245405
Test_152,0.008152989448190416,0.0050045932699471695,0.9651719962749635,0.021670421006898834
Test_153,0.46074185194979633,0.021484125862525967,0.02815545528109652,0.4896185669065812
Test_154,0.0719814925788712,0.029315704484325546,0.8924443548372624,0.006258448099540801
Test_155,0.00027944601331574036,0.04092350856506828,0.9583496317904077,0.00044741363120846095
Test_156,0.024340244709793336,0.003939396818899097,0.0008060628472757726,0.9709142956240318
Test_157,0.06647271410249467,0.09632624521747696,0.8153212779698714,0.021879762710157003
Test_158,0.18504325625275317,0.008688632250646379,0.007486012727230193,0.7987820987693702
Test_159,0.036960499930192826,0.00016742015349310434,0.8111600778142563,0.15171200210205785
Test_160,0.48531223142700436,0.00997716131789305,0.020944356718467935,0.48376625053663486
Test_161,0.17129940559981408,0.14891219477607814,0.11974433874124144,0.5600440608828663
Test_162,0.06607425458747886,0.0015945217963412167,0.9290861107654238,0.0032451128507562086
Test_163,0.00048279382864028304,0.019057733049328732,0.9801518856908058,0.00030758743122512696
Test_164,0.6651687945728721,0.03326243325150363,0.08082852230828001,0.22074024986734414
Test_165,0.21630205052997273,0.03522973812149365,0.16124814554009723,0.5872200658084364
Test_166,0.5069111610517463,0.019285379227916916,0.2578610511518298,0.21594240856850694
Test_167,0.01440579076392479,0.005818185910042198,0.9693303180754386,0.010445705250594663
Test_168,0.012893302480818025,0.02993423710012588,0.9527057260986695,0.004466734320386656
Test_169,0.7038266910065032,0.00706103833122679,0.18796656131148842,0.10114570935078171
Test_170,0.010928891316590451,0.01552238599593174,0.7508588063512422,0.22268991633623553
Test_171,0.020635647570333246,0.10919969218387539,0.7748430598995353,0.09532160034625616
Test_172,0.08367708099969286,0.03644811703461102,0.7573867820664733,0.12248801989922267
Test_173,0.009400942718066865,0.027709282525241952,0.9386732670344471,0.024216507722243975
Test_174,0.8171333452730555,0.015172012149005782,0.03126242249297498,0.1364322200849638
Test_175,0.6445842577175375,0.03476191030438716,0.08257959799614747,0.23807423398192795
Test_176,0.31926331622263393,0.012747045530725276,0.6509268424981367,0.01706279574850417
Test_177,0.057398429941460605,0.003092582341167416,0.017399342743071592,0.9221096449743004
Test_178,0.04447087856456625,0.0035582617131719604,0.0037145508716046644,0.9482563088506571
Test_179,0.016963564336288425,0.02287389229209171,0.7389733896163319,0.221189153755288
Test_180,0.11866853328355922,0.02314883426605521,0.38907086655123185,0.4691117658991537
Test_181,0.003411238304361481,0.02942220647460342,0.02082479408394403,0.946341761137091
Test_182,0.0018338847117516887,0.04939247300105907,0.9433503285962163,0.005423313690972985
Test_183,0.8155207469554652,0.019569980475486227,0.09055826240563188,0.07435101016341666
Test_184,0.4527967405236318,0.02113759295365057,0.3308004798045299,0.19526518671818774
Test_185,0.24847300465977198,0.1460727405853132,0.16512066949565687,0.440333585259258
Test_186,0.26675819066437445,0.01167989440134211,0.05952620025907218,0.6620357146752113
Test_187,0.2936268475273377,0.02033236889354907,0.6459513471956163,0.04008943638349684
Test_188,0.5142942232605591,0.007345275069045172,0.40765074873297275,0.07070975293742297
Test_189,0.1080210686876711,0.003263393820289679,0.7461837160282746,0.14253182146376445
Test_190,0.08223423421041087,0.011696032568784846,0.6946703709297114,0.2113993622910928
Test_191,0.017463760424397415,0.0015048313787145444,0.5333755434911089,0.44765586470577906
Test_192,0.8707539506329295,0.013240310221141562,0.01666434280531709,0.09934139634061177
Test_193,0.00549106365129223,0.032326529420968225,0.9618643761598064,0.00031803076793300914
Test_194,0.01305155078459363,0.1740032851209553,0.7960540948350521,0.016891069259399077
Test_195,0.18367559839686132,0.11758226154809216,0.5081530139175706,0.190589126137476
Test_196,0.7604655377050834,0.01180013105346951,0.1722513014165116,0.055483029824935484
Test_197,0.09282950009344995,0.028085879397950826,0.6078116085347858,0.27127301197381337
Test_198,0.009208005914017901,0.0019743981502609665,0.0005239269850970396,0.9882936689506241
Test_199,0.07641627657558397,0.20945683214180294,0.6226907768102985,0.09143611447231469
Test_200,0.006868669619715931,0.05991239166598416,0.9265171340527072,0.0067018046615926865
Test_201,0.20361401690537279,0.0009138874691572622,0.0022274204444848347,0.7932446751809851
Test_202,0.0070902188231668295,0.020199101590101885,0.9700490318059573,0.0026616477807741385
Test_203,0.08479363593892023,0.0055641166956117,0.468304459138406,0.4413377882270621
Test_204,0.09039017511352088,0.022289791137469348,0.3641159545868645,0.5232040791621453
Test_205,0.08366572698649508,0.020227521921131114,0.022891137119212222,0.8732156139731616
Test_206,0.14906761155651774,0.02174288274078205,0.11773965890998361,0.7114498467927166
Test_207,0.08817763427884165,0.08238991006187983,0.2827357234798765,0.546696732179402
Test_208,0.6243726439690588,0.07128075766470197,0.06477093860257878,0.23957565976366063
Test_209,0.006286162027327271,0.10093748585188422,0.8481252227552265,0.04465112936556199
Test_210,0.37261450766852355,0.057994097830623925,0.30512718276696077,0.2642642117338917
Test_211,0.000348252380221129,0.012694454484564065,0.9867463350293169,0.00021095810589792264
Test_212,0.031513739236845105,0.07166205956224278,0.8942681494294745,0.002556051771437713
Test_213,0.036254306300781164,0.550127772347196,0.26158254481568094,0.15203537653634186
Test_214,0.05748317849142324,0.03729349853703989,0.5468041708061318,0.35841915216540515
Test_215,0.28677532192709543,0.035902029101601306,0.03094615860300427,0.6463764903682991
Test_216,0.9093840501958563,0.009314732453795032,0.016890293615010352,0.06441092373533826
Test_217,0.022035105472814735,0.05811796451152236,0.6194089141990471,0.3004380158166158
Test_218,0.6745208757385109,0.05106474559723308,0.12335916705014165,0.1510552116141143
Test_219,0.147260757683134,0.02120074351809336,0.7836023207490458,0.047936178049726844
Test_220,0.09549668703802842,0.005869779694957377,0.032685359102657845,0.8659481741643563
Test_221,0.9960692404515554,0.0003276454628336181,2.77431978318935e-06,0.003600339765827549
Test_222,0.04315889467413841,0.03966430374497688,0.832899122224451,0.08427767935643367
Test_223,0.0003280194732667941,0.028857716796579936,0.9694171223256295,0.0013971414045237402
Test_224,0.28287689200576505,0.19460933850780068,0.19176101837687437,0.3307527511095599
Test_225,0.6991345382973752,0.018786088586559817,0.1415569730492376,0.14052240006682742
Test_226,0.00322320273899512,0.10593579739857698,0.8904251291279619,0.0004158707344659574
Test_227,0.12680263513181936,0.021207868721052372,0.05516351401324532,0.796825982133883
Test_228,0.032588591081206125,0.002250740635120102,0.9623305639646629,0.0028301043190108407
Test_229,0.01079996692953698,0.13058866709882974,0.8540045967410657,0.004606769230567607
Test_230,0.2927023302247035,0.024216636318715207,0.520121836323139,0.16295919713344229
Test_231,0.3768845304035415,0.024949780330177786,0.08610146358130864,0.512064225684972
Test_232,0.2896366477930059,0.013905088466379069,0.6875920473380326,0.00886621640258253
Test_233,0.0865375622788354,0.0012729227936822526,0.1830016709921454,0.7291878439353369
Test_234,0.5083178439471339,0.05719778987170831,0.10095132891402685,0.333533037267131
Test_235,0.020082225987154444,0.022615314099665274,0.0815718095035792,0.875730650409601
Test_236,0.12507912030339302,0.00035632905508669433,0.7975138711658939,0.07705067947562637
Test_237,0.026120834256574705,0.00240960561756721,0.0021073933708745892,0.9693621667549835
Test_238,0.30501224687149414,0.29034780093170204,0.20146094491561026,0.20317900728119365
Test_239,0.0015552317222578627,0.12762268511393238,0.8676745376941009,0.0031475454697090796
Test_240,0.00023314380795748846,0.0033396218909657886,0.9961675820368527,0.00025965226422412573
Test_241,0.04154459087457776,0.035350092656286775,0.06084213188241315,0.8622631845867224
Test_242,0.5267075503617643,0.0476861743731914,0.01957901848860831,0.406027256776436
Test_243,0.768224193272724,0.027702212827245786,0.09584469835772236,0.10822889554230784
Test_244,0.09063634759485674,0.07392300734916904,0.6111191624315258,0.22432148262444848
Test_245,6.447115898950043e-05,0.03400162657094373,0.9654978175507076,0.00043608471935909263
Test_246,0.18031662076211014,0.045444930522287943,0.03733098925874523,0.7369074594568567
Test_247,0.01301926863722744,0.013786487193255204,0.006575962404445494,0.9666182817650719
Test_248,0.7611938607136224,0.08199841573875316,0.07199945687274528,0.08480826667487916
Test_249,0.10249869537674265,0.02366506584643699,0.34120518050162685,0.5326310582751934
Test_250,0.36438500697558757,0.06989199272090005,0.4312690614924605,0.13445393881105172
Test_251,0.3562733796806017,0.03230113418548728,0.05538622888289849,0.5560392572510126
Test_252,0.04020016504089145,0.08516106208735837,0.6245924862001475,0.25004628667160267
Test_253,0.03157382758670524,0.025124310619184863,0.0017512061890360502,0.9415506556050739
Test_254,0.29447818543000276,0.021733719016704595,0.13074071983662008,0.5530473757166725
Test_255,0.39324099113588984,0.0498115760910386,0.08743474586092266,0.46951268691214904
Test_256,0.002871706135566116,0.06164941033371964,0.00432689362424856,0.9311519899064656
Test_257,0.01761094700730577,0.05530120045848289,0.9116646934214538,0.015423159112757509
Test_258,0.0676664476805337,0.1061327533508929,0.7139763110298433,0.11222448793873009
Test_259,0.2230287892606996,0.08438242653005937,0.1241175577104116,0.5684712264988294
Test_260,0.14336733293328802,0.007497560817735693,0.015710505836774618,0.8334246004122016
Test_261,0.0018380747759454365,0.009121467179985153,0.9883751203189804,0.0006653377250891167
Test_262,0.47377687898056325,0.09963201458523699,0.04932752094491565,0.37726358548928407
Test_263,0.6871343175876801,0.000760185514516411,0.20456130789608384,0.10754418900171965
Test_264,0.30842421137402526,0.13605550093365526,0.4496414511458881,0.10587883654643133
Test_265,0.18741596471133784,0.009913504784169901,0.12249133734157198,0.6801791931629204
Test_266,0.009780866877815203,0.0030461622325673792,0.0017035156676182056,0.9854694552219991
Test_267,0.6571694323711283,0.02987598297111835,0.14736802559551426,0.1655865590622389
Test_268,0.0045298934407134415,0.07074781569775238,0.7890349346563411,0.13568735620519318
Test_269,0.5469053005468184,0.006669975399596816,0.014260929339576194,0.43216379471400856
Test_270,0.11477266146059559,0.010977852515254327,0.0054681789286153155,0.8687813070955348
Test_271,0.6574677318681179,0.050578325356407904,0.10806346181328483,0.1838904809621894
Test_272,0.006940811136165923,0.02834365982222742,0.9416754651053094,0.02304006393629729
Test_273,0.6090509947499575,0.027901644923203236,0.02960276463093321,0.3334445956959061
Test_274,0.001322241478354184,0.017401705716258754,0.9803621870441243,0.0009138657612626958
Test_275,0.031048495325490515,0.21387446027148715,0.7229085734189444,0.032168470984077886
Test_276,0.009428678666552212,0.14977755027966047,0.38194572044630165,0.45884805060748574
Test_277,0.4036720100942261,0.008386018729279103,0.04823379609102764,0.5397081750854672
Test_278,0.11500150157698846,0.0399744428485484,0.04104157919223499,0.8039824763822282
Test_279,0.028092067551440076,0.01251767492924136,0.9512634714969117,0.008126786022406835
Test_280,0.08458166403753546,0.02572332521035949,0.059601084563111216,0.8300939261889939
Test_281,0.5365366644314877,0.00811954993344744,0.07257041945696409,0.3827733661781008
Test_282,0.0032637584343199414,0.04904237578399663,0.03901183217949711,0.9086820336021864
Test_283,0.00031111171924712744,0.06026263259291265,0.9364710564791687,0.0029551992086713536
Test_284,0.0027564830071251257,0.28024173603224994,0.6113719013222012,0.10562987963842368
Test_285,0.8098392832621154,3.349052810657784e-05,0.0836785259748005,0.10644870023497736
Test_286,0.2542558405885279,0.002475035767923161,0.5216786974816442,0.22159042616190475
Test_287,0.9185865819041884,0.0064866947478412545,0.06909955921958005,0.00582716412839019
Test_288,0.012845063035116917,0.02135894378032269,0.005019184729462364,0.960776808455098
Test_289,0.06624273886510239,0.023269048393683617,0.020861656860679385,0.8896265558805346
Test_290,0.4848380976136776,0.06563198068449995,0.3434786775738995,0.10605124412792305
Test_291,0.005144741555418121,0.0008359666727827624,0.993442132924287,0.0005771588475121587
Test_292,0.823718873684656,0.020767060977037784,0.093772771895313,0.061741293442993256
Test_293,0.0012523558549992887,0.02215783315927076,0.976332171453121,0.00025763953260890527
Test_294,0.005185412037496244,0.013405039740987583,0.9625678935832058,0.018841654638310317
Test_295,0.07634811990096138,0.007908690697337878,0.7061999274750806,0.20954326192661996
Test_296,0.1430712473082114,0.0025961490663407544,0.8190417478799051,0.03529085574554292
Test_297,0.004023895239149452,0.3403757702882843,0.027110771582969675,0.6284895628895966
Test_298,0.017957728545931473,0.025650457964861022,0.1991775384648234,0.757214275024384
Test_299,8.062430146041738e-06,0.015039570435903149,0.000545298914486546,0.9844070682194643
Test_300,0.9276849230801789,0.006835063262873674,0.015117428198437442,0.050362585458509926
Test_301,0.8052724739069281,0.00750534032688108,0.023849128170993158,0.16337305759519777
Test_302,0.006686780387954721,0.04077829815366145,0.8571646166958995,0.09537030476248433
Test_303,0.21462429010008735,0.02734675516422408,0.18309403407674024,0.5749349206589482
Test_304,0.8291824679272248,0.04017116177692371,0.05760667851849331,0.07303969177735839
Test_305,0.28175399160222137,0.08039980324870316,0.5702246097298063,0.06762159541926926
Test_306,0.08109298381873645,0.003387047964537164,0.538521685184288,0.3769982830324384
Test_307,0.9910857193780827,0.0005868274547908093,0.0005134649992872504,0.007813988167839207
Test_308,0.16021751636394274,0.4756178136473865,0.10267533196434485,0.261489338024326
Test_309,0.019707119068257055,0.04601519066262312,0.8747510841647365,0.059526606104383394
Test_310,0.01048222400526592,0.24643944612424143,0.6737501078071392,0.06932822206335354
Test_311,0.009487078717592013,0.07341442841404737,0.9038182639359192,0.013280228932441435
Test_312,0.01758789097512855,0.006406051108492044,0.0038852449757368224,0.9721208129406426
Test_313,0.06359510934427308,0.004715252757375461,0.027419779744773796,0.9042698581535777
Test_314,0.5237900902500552,0.005474325059377266,0.35536154463636693,0.11537404005420049
Test_315,0.2527142418429658,0.008437041092733938,0.01735093378100046,0.7214977832832998
Test_316,0.30816753596778323,0.05007830684279297,0.6222421170299374,0.019512040159486457
Test_317,0.042104721094743315,0.028056769154869283,0.9194139621930694,0.010424547557318167
Test_318,0.2338002257995935,0.037666966096302254,0.007149458920231068,0.721383349183873
Test_319,0.0032250991313679048,0.04440503117078452,0.945782812109192,0.006587057588655487
Test_320,0.06533788519397035,0.028552647671729662,0.8591454488704919,0.046964018263807854
Test_321,0.46146354274363566,0.045113699409585685,0.10468603888044684,0.3887367189663317
Test_322,0.33911942090402447,0.05814991216616468,0.10499383765744713,0.49773682927236373
Test_323,0.1014669164043696,0.011734246564118145,0.7004417514786152,0.18635708555289698
Test_324,0.0028384831400481785,0.003859567946471833,0.9918926799911946,0.0014092689222853477
Test_325,0.1073659400944871,0.06781263555831987,0.08489234064534638,0.7399290837018466
Test_326,0.004684449995781654,0.023093005781294827,0.9611399949035714,0.011082549319352255
Test_327,0.08716097260860323,0.061748719504926296,0.07443991416439885,0.7766503937220717
Test_328,0.36122001145524374,0.06593889299675157,0.5264729077125518,0.046368187835452844
Test_329,0.1674446406752455,0.0965031436829826,0.6891474288481132,0.04690478679365865
Test_330,0.018382554418762305,0.06510729471998201,0.5774611632021436,0.3390489876591121
Test_331,0.7991891030029812,0.037079367230786524,0.010549011411960265,0.1531825183542719
Test_332,0.7191307939240734,0.0308081308112974,0.11985128123462013,0.13020979403000907
Test_333,0.06766642023046003,0.026497053901614213,0.8602949714458847,0.04554155442204084
Test_334,0.008351907423167031,0.0018770888192877868,0.9840588540242665,0.005712149733278664
Test_335,0.6519623978243307,0.01890159645632735,0.0809471435167749,0.24818886220256697
Test_336,0.2274362476864494,0.17141331446592506,0.5398805950648272,0.061269842782798414
Test_337,0.2102601570910827,0.015148638749698335,0.05502477389654842,0.7195664302626706
Test_338,0.2582760538267018,0.0024624165359857144,0.03283777265053915,0.7064237569867734
Test_339,0.2093258313085,0.06816413318015027,0.6392663949559726,0.08324364055537724
Test_340,0.2908502732492112,0.017799778945581587,0.4844999500027426,0.2068499978024645
Test_341,0.6496368757179807,0.026582466785062757,0.020754635409722968,0.30302602208723345
Test_342,0.8973341953235541,0.014905859524888147,0.0492486020888967,0.038511343062661095
Test_343,0.6348388729300719,0.0003999303908833384,0.02039681440526862,0.34436438227377614
Test_344,0.0004679639868490794,0.02541838847204794,0.9734546854734623,0.000658962067640755
Test_345,0.04510375956071359,0.09916292000282247,0.18582607701820278,0.6699072434182612
Test_346,0.0008903513891115329,0.00871733868769697,0.9894220777311121,0.0009702321920792246
Test_347,0.14531741708951576,0.02864836027103616,0.5910519904206448,0.2349822322188033
Test_348,0.21495461575934616,0.00022034398589758738,0.019457775132423,0.7653672651223332
Test_349,0.12341955352153366,0.03951683212655591,0.00674278722775755,0.8303208271241529
Test_350,0.017991858474119216,0.01672866253183214,0.03600642667391791,0.9292730523201308
Test_351,0.0007569439660300404,0.07514417991832151,0.9215350606710117,0.0025638154446368496
Test_352,0.30147396636448254,0.061609941871193445,0.024568296764832097,0.612347794999492
Test_353,0.6124330984491979,0.0027499808470279256,0.06673479812838361,0.3180821225753906
Test_354,0.15679191271619614,0.029558332809040737,0.724594331448142,0.08905542302662108
Test_355,0.49224602939938283,0.14522821972648423,0.005504779402962305,0.35702097147117073
Test_356,0.5034463651141038,0.1587184010752143,0.10979951607567175,0.22803571773501016
Test_357,0.6431633320812,0.029524895559820602,0.18473905281811248,0.1425727195408669
Test_358,0.725916773566599,0.06415088069066907,0.16089099868276388,0.04904134705996811
Test_359,0.0063408869111673365,0.002352993398594333,0.00183887977368583,0.9894672399165526
Test_360,0.2542478781106658,0.0023221489892961077,0.6943482610203512,0.04908171187968701
Test_361,0.7952930545300664,0.015334692081274389,0.11297765788380118,0.07639459550485804
Test_362,0.05895669540791419,0.004720396811856743,0.687186449444748,0.24913645833548104
Test_363,0.018491193792118117,0.07157963914329729,0.5024456006408238,0.4074835664237608
Test_364,0.03604106856737848,0.0635278912842848,0.868580815674723,0.03185022447361368
Test_365,0.017496224900136977,0.0694739586677613,0.9062492796231894,0.006780536808912373
Test_366,0.032328237751203553,0.09652667316962818,0.8397341097725591,0.03141097930660921
Test_367,0.18968877686884897,0.018660558062826103,0.14816170294710188,0.6434889621212231
Test_368,0.6985134485165119,0.015577022536380887,0.0220556673871299,0.26385386155997737
Test_369,0.07379891371604916,0.04831573129985843,0.02399446024393494,0.8538908947401576
Test_370,0.0015569971470670004,0.00021078831313845478,0.9932846059322682,0.004947608607526473
Test_371,0.003507457585988334,0.07080611890184249,0.9128984894976704,0.012787934014498747
Test_372,0.0894342406483154,0.006573316361517359,0.03280086559725001,0.8711915773929172
Test_373,0.010312736210281821,0.23973628237917063,0.6931142462816031,0.05683673512894428
Test_374,0.0631412748454213,0.07980196506761818,0.8252604433751164,0.031796316711844026
Test_375,0.7669378459041285,0.022096754083515132,0.06548583943094947,0.14547956058140693
Test_376,0.8713176922326343,0.06479333734695167,0.0540338225079417,0.009855147912472256
Test_377,0.6808681164486468,0.021547212168121846,0.1812750445922194,0.11630962679101206
Test_378,0.0474418322139509,0.05214518092461558,0.8964257381421118,0.003987248719321697
Test_379,0.06373811972736093,0.07041659243225551,0.7599038172661956,0.10594147057418794
Test_380,0.03527510434780133,0.27036648796109847,0.31802539075970065,0.3763330169313996
Test_381,0.6935701018208976,0.013016551522153676,0.011019046594173213,0.28239430006277544
Test_382,0.8013866934607006,0.030521333203382937,0.045645186821301406,0.12244678651461517
Test_383,0.9452113350854686,0.0015864671963103393,0.029689108603114273,0.023513089115106887
Test_384,0.010223582505402505,0.0009252427954718989,0.9883334907029213,0.0005176839962042707
Test_385,0.27375922541463005,0.07638480218715551,0.2383796034008544,0.41147636899736
Test_386,0.002291141151532783,0.20444020164077023,0.7671683030816256,0.026100354126071302
Test_387,0.4424294210891494,0.153465514541086,0.10971247135512449,0.29439259301464005
Test_388,0.29078196357570374,0.0161041121904104,0.0021662317241816394,0.6909476925097042
Test_389,0.1774442948074435,0.5029231163967353,0.24835727441415673,0.07127531438166458
Test_390,0.21625984534427514,0.057278725424402335,0.27548430352718556,0.4509771257041369
Test_391,0.014013242646650263,0.04924814253952333,0.9264494214917258,0.010289193322100555
Test_392,0.01167130086909806,0.014622294457543898,0.9691631242531786,0.0045432804201794375
Test_393,0.024554706308373107,0.31801239349483373,0.26593596811375586,0.3914969320830373
Test_394,0.29745484008739037,0.019238927339627843,0.3203620805065222,0.3629441520664595
Test_395,0.3649451427676708,0.009044073134319704,0.46295371445350275,0.16305706964450672
Test_396,0.057100011765029574,0.00012800846882605603,0.7913107158604811,0.15146126390566325
Test_397,0.05463546859110966,0.033523696346505434,0.007188327620012939,0.9046525074423719
Test_398,0.01530033323388025,0.031973509539428804,0.913813415004728,0.038912742221962726
Test_399,0.7239988363534309,0.002782761778010532,0.006238790961567937,0.2669796109069907
Test_400,0.0035121038346152935,0.0673787171148984,0.9238702263023086,0.005238952748177729
Test_401,0.047318539801613546,0.057090470013022594,0.8586165819593783,0.03697440822598556
Test_402,0.17625495529762775,0.033846242170699405,0.04498684137285141,0.7449119611588214
Test_403,0.009457531456050362,0.13192123213789927,0.7781228077602275,0.08049842864582293
Test_404,0.04328604278721425,0.01327366284129241,0.19353696374146379,0.7499033306300296
Test_405,0.03169706103401124,0.015205301807061242,0.021232966445373876,0.9318646707135535
Test_406,0.0022652030788468864,0.012486167992409022,0.0029576712167649574,0.982290957711979
Test_407,0.03205294691287857,0.013901031560431864,0.0029466221313731405,0.9510993993953165
Test_408,0.16485682746725455,0.03151602154873236,0.02195204506716851,0.7816751059168445
Test_409,0.009119447368670583,0.1237152577674317,0.8393561906548066,0.027809104209091277
Test_410,0.03008631281121747,0.020855140373553734,0.015967927260561166,0.9330906195546675
Test_411,0.6843345844397362,0.05754876541325281,0.010591361884024058,0.24752528826298692
Test_412,0.01804784052919729,0.29245279615339437,0.5728753951421018,0.11662396817530649
Test_413,0.2068998336114236,0.006980817447995881,0.4561277830534402,0.3299915658871404
Test_414,0.21610272411302323,0.06085987707648739,0.6759371059355246,0.047100292874964755
Test_415,0.0026673851496745405,0.039624926252957056,0.9545676485471094,0.0031400400502590658
Test_416,0.02984781736708749,0.03250472327583428,0.665605190613774,0.27204226874330417
Test_417,0.0001200796800338721,0.0009305834721792374,0.9989324673239687,1.686952381829897e-05
Test_418,0.3291167129859317,0.1529314560156131,0.23401170630234014,0.28394012469611496
Test_419,0.6807666461564429,0.030646756848914686,0.09011564018184508,0.19847095681279733
Test_420,0.0014269640406506402,0.04626995377625771,0.9505772523193335,0.0017258298637580635
Test_421,0.0678968342368568,0.005646381752855294,0.05247849628232019,0.8739782877279678
Test_422,0.002723251362262963,0.14156977084676622,0.19576728498987264,0.6599396928010981
Test_423,0.059035146872857054,0.4288812476715391,0.41419488927969345,0.0978887161759102
Test_424,0.03336864638624737,0.01838790288305065,0.9410160148805798,0.007227435850122332
Test_425,0.7558294311529441,0.005997266711343605,0.003746949803966792,0.2344263523317456
Test_426,0.21527907306981217,0.02506635134431034,0.6729479757543901,0.08670659983148735
Test_427,0.01731420334645979,0.002031765046241611,0.003725999610525004,0.9769280319967737
Test_428,0.041138068459638966,0.018349309826915367,0.004443095507919426,0.9360695262055262
Test_429,0.009200931967754294,0.013173291679058346,0.9702272030843766,0.007398573268810747
Test_430,0.009918985219984132,0.07691890618872546,0.9041047680319367,0.00905734055935379
Test_431,0.24228447100206876,0.03341663258407592,0.4340928463639268,0.2902060500499284
Test_432,0.2124255099163457,0.06268585637607625,0.01771169647246092,0.7071769372351172
Test_433,0.050780723856850535,0.02159776592006473,0.0022160529654876807,0.9254054572575972
Test_434,0.7758696249880799,0.017823249827416215,0.027587497658292055,0.1787196275262118
Test_435,0.2817543845933179,0.024986517249599473,0.3891510012888098,0.30410809686827267
Test_436,0.7629053939550474,0.04987391738561556,0.12410778854049445,0.06311290011884264
Test_437,0.030978884975801275,0.057377131258856094,0.8467067816498226,0.06493720211551995
Test_438,0.012314495405535697,0.6586491767209695,0.29838371619898857,0.030652611674506385
Test_439,0.0355735964775227,0.09498928082240912,0.8202378774605347,0.049199245239533645
Test_440,0.0008052703354269864,0.04241428986946849,0.953884628090062,0.0028958117050423534
Test_441,0.5272559930103768,0.04097476259519927,0.05982396191665632,0.37194528247776754
Test_442,0.48347991788043876,0.0019289535418406279,0.06666112181576646,0.44793000676195416
Test_443,0.010790712803509777,0.04214458851689254,0.006173434256549627,0.9408912644230482
Test_444,0.5284431079947925,0.05900280939699986,0.15587561341274547,0.2566784691954621
Test_445,0.0033181032193819932,0.011422932329412655,0.9801236291968483,0.005135335254357145
Test_446,0.4554851616903079,0.10243480311073117,0.24283046882934525,0.1992495663696158
Test_447,0.027365588264335685,0.009981821428233001,0.961720050256458,0.0009325400509733078
Test_448,0.009567700411325262,0.254045853188885,0.7220107354997243,0.014375710900065404
