image_id,healthy,multiple_diseases,rust,scab
Test_0,0.01682130574741565,0.04033402838265605,0.9330414122121339,0.009803253657794544
Test_1,0.22276445937730582,0.029952254954754023,0.6493486858586154,0.09793459980932483
Test_2,0.3010072104657296,0.033081506429772006,0.4486781373460672,0.21723314575843114
Test_3,0.7437308131906964,0.04709239711535578,0.07949855557640653,0.12967823411754145
Test_4,0.04904493676414332,0.15181687735156535,0.6325786412652962,0.16655954461899508
Test_5,0.32460892794592844,0.011878597048939952,0.47701061384641613,0.18650186115871545
Test_6,0.7093792568392695,0.00668756928037496,0.03458994527409409,0.2493432286062614
Test_7,0.05907984814790248,0.13626480184765657,0.11279024867979467,0.6918651013246464
Test_8,0.17915921758828426,0.11648965547353743,0.03254807879386535,0.6718030481443128
Test_9,0.35527153464159283,0.08885254593712091,0.3484804337848132,0.20739548563647298
Test_10,0.005759081310690373,0.020783463594981233,0.9682276440286169,0.005229811065711296
Test_11,0.13510953340053097,0.03449129043816889,0.6279888054355514,0.2024103707257488
Test_12,0.593402222357607,0.07868948612035259,0.030939221582301595,0.29696906993973904
Test_13,0.31185061278618975,0.02135614682357611,0.6227766839810739,0.04401655640916014
Test_14,0.0013990887241287636,0.006175973264112715,0.9920544130628929,0.0003705249488657753
Test_15,0.5134604852346255,0.039631017712658714,0.3229392208085163,0.12396927624419957
Test_16,0.407529083197387,0.03433796925928289,0.07251322345416014,0.48561972408916965
Test_17,0.009253449024993456,0.03478107359432148,0.06315504759228108,0.892810429788404
Test_18,0.8691586348440508,0.029356016311169242,0.0335337598582745,0.06795158898650565
Test_19,0.05439694909467007,0.02793147941407238,0.8878090659915482,0.02986250549970932
Test_20,0.4586533665518324,0.021218298010817555,0.14972873185805619,0.37039960357929363
Test_21,0.3545209951847901,0.03247532822950842,0.2937411203217042,0.3192625562639972
Test_22,0.5615813362401478,0.12471746000062361,0.0777817957940194,0.2359194079652094
Test_23,0.021664044629427243,0.018236904908826155,0.02203088176692404,0.9380681686948225
Test_24,0.32670481944323804,0.07782036291866819,0.03206385928441631,0.5634109583536775
Test_25,0.4068846706214746,0.05600627917046345,0.26484605006949435,0.27226300013856763
Test_26,0.6818657238460457,0.04645326814746422,0.15553235870980972,0.11614864929668041
Test_27,0.012178436663268065,0.027626198451601035,0.8946271569593998,0.06556820792573119
Test_28,0.6346983511808368,0.12267998836729266,0.036744182841120465,0.20587747761075006
Test_29,0.2842542348146083,0.1795605824667557,0.4064500901329202,0.1297350925857156
Test_30,0.48397200079539526,0.05142979882485132,0.042142921449754324,0.42245527892999885
Test_31,0.0050591130777397075,0.08295242423701452,0.8957901573320239,0.016198305353221892
Test_32,0.30647931384491045,0.03324966041059123,0.11177840570422999,0.5484926200402687
Test_33,0.04323686350208029,0.04883280995976215,0.013336254822749893,0.8945940717154076
Test_34,0.42866878424685345,0.03221070927355565,0.2996916133079125,0.23942889317167826
Test_35,0.12597061807042204,0.08586368950127157,0.4413764556586323,0.34678923676967405
Test_36,0.004530707204702439,0.09041135191368056,0.8794696518702148,0.025588289011402154
Test_37,0.3169321442956525,0.058185230905689264,0.18533536850220986,0.43954725629644825
Test_38,0.02731231124129463,0.040294604096784904,0.030418980244990144,0.9019741044169306
Test_39,0.04554255708421407,0.015379539861788243,0.818352719561066,0.12072518349293163
Test_40,0.29553780355463244,0.029578044182792175,0.23154632580584827,0.44333782645672726
Test_41,0.007626035057404585,0.08963017108552135,0.8869050963112249,0.015838697545849063
Test_42,0.03169628688687116,0.067385287746399,0.11858570003371378,0.7823327253330163
Test_43,0.14758371473279713,0.02208056122348047,0.7602433613667908,0.07009236267693153
Test_44,0.2287425480060134,0.1471696765470383,0.03060929263067885,0.5934784828162694
Test_45,0.26442823172421126,0.038044513548250974,0.15181791633284647,0.5457093383946912
Test_46,0.9065556444077603,0.020904507600361548,0.006656390269164433,0.06588345772271353
Test_47,0.012736485755333333,0.06214016962847992,0.8944178205034068,0.03070552411277998
Test_48,0.002298539753373447,0.03318395466138935,0.9528173903016132,0.011700115283624149
Test_49,0.005851406398966843,0.05325419610233982,0.9240542181436684,0.016840179355024586
Test_50,0.007036521428086028,0.05789227223166338,0.9221376594612527,0.01293354687899774
Test_51,0.05453216342596336,0.08682138231820952,0.6668997236663238,0.19174673058950345
Test_52,0.03670419689486764,0.3388919345247073,0.4154434635735126,0.2089604050069125
Test_53,0.031628879148837094,0.04127369022247146,0.9095028748241942,0.017594555804497404
Test_54,0.007885004902118806,0.04957644271988216,0.9366095483544277,0.005929004023571142
Test_55,0.5804127508329184,0.01564206305605044,0.03582676838258804,0.3681184177284433
Test_56,0.03368464832372817,0.0321083905426054,0.10222424275450914,0.8319827183791574
Test_57,0.4398421074315946,0.038002411873001594,0.18953842171542346,0.3326170589799803
Test_58,0.09910890410443184,0.05000579768811199,0.017860324218689043,0.8330249739887672
Test_59,0.051449692479063336,0.10469602565883553,0.21228683527138328,0.6315674465907178
Test_60,0.012378387261076033,0.058301631471895037,0.22676575220801173,0.7025542290590174
Test_61,0.882768944372229,0.019985858155069786,0.0469462728000995,0.05029892467260194
Test_62,0.12983623596199648,0.01699058760734774,0.5983727146864725,0.2548004617441835
Test_63,0.2517042115389506,0.1064557215309937,0.178381315665286,0.4634587512647694
Test_64,0.2601732137503262,0.04492796204510518,0.2958029743543991,0.3990958498501693
Test_65,0.0210962039632925,0.06385161565495023,0.8537310271122431,0.061321153269514136
Test_66,0.6954966347457533,0.05531258251326641,0.18827894918788368,0.06091183355309648
Test_67,0.023920367320356205,0.1379893722388162,0.699804769848969,0.13828549059185866
Test_68,0.05911997837717911,0.08373057620789603,0.04694729859638418,0.8102021468185405
Test_69,0.00811288439351649,0.04768754773833545,0.9373917710786291,0.006807796789518816
Test_70,0.08856908707040893,0.05536616724069413,0.13566946940330257,0.7203952762855945
Test_71,0.010158600964684737,0.024223211515264957,0.9594120000800545,0.006206187439995555
Test_72,0.03274972182774422,0.13110387725424077,0.5482303583619866,0.28791604255602865
Test_73,0.4763606717766977,0.007921640994481751,0.45478647910187603,0.06093120812694458
Test_74,0.33855681286179445,0.044851158045226554,0.36051480562391375,0.2560772234690652
Test_75,0.3433846156085019,0.03941902270672126,0.3209583578332066,0.2962380038515701
Test_76,0.05429454846098023,0.23384765901398336,0.05843547649966001,0.6534223160253767
Test_77,0.056141738117245474,0.025890276381687092,0.5662392253772601,0.3517287601238071
Test_78,0.03186085810144697,0.09330636753315717,0.04795126877973614,0.8268815055856596
Test_79,0.2361437896331813,0.07337153139633404,0.3347216455968463,0.3557630333736387
Test_80,0.39347382612220105,0.11990528120479362,0.11647557671954943,0.3701453159534561
Test_81,0.02090629471690271,0.04788079186420215,0.9179355403928096,0.013277373026085417
Test_82,0.3229980892179061,0.042941682473680166,0.381346989769489,0.25271323853892463
Test_83,0.3226864905989892,0.05471806419732018,0.4051465153794678,0.2174489298242229
Test_84,0.3265655392302352,0.03410702684514668,0.41450536765096185,0.22482206627365628
Test_85,0.34443881964526346,0.03772189651834123,0.33165731470106236,0.2861819691353332
Test_86,0.04776141534168057,0.16311142730438444,0.4561827127087549,0.3329444446451799
Test_87,0.6237560687324922,0.01938490496732324,0.07051791610743886,0.2863411101927458
Test_88,0.06389522126687441,0.09494706063531813,0.025381591197053695,0.8157761269007543
Test_89,0.5263403122682365,0.033585776858126394,0.11395150310898987,0.32612240776464724
Test_90,0.05806735272314623,0.08817446432215212,0.8224052880503231,0.03135289490437891
Test_91,0.8688900726505141,0.009685883222246922,0.0489097872158896,0.0725142569113496
Test_92,0.3186077470220242,0.05022744174359759,0.04232229382392102,0.5888425174104572
Test_93,0.02779313251613821,0.1871536954596914,0.6191654390810909,0.1658877329430798
Test_94,0.05221445919189218,0.01395854233537761,0.01728708428734779,0.9165399141853823
Test_95,0.39486217305638344,0.09628559180751893,0.24839676207440625,0.2604554730616917
Test_96,0.2502097938579786,0.02928162664759255,0.04732579117805452,0.673182788316374
Test_97,0.712529163199015,0.052977129320600065,0.06832097262552027,0.16617273485486447
Test_98,0.14649589510040584,0.23087237680157374,0.09995493938348043,0.5226767887145399
Test_99,0.05694717099263953,0.1312612529258327,0.5378368074808108,0.27395476860071694
Test_100,0.05318305491638418,0.09422936578006672,0.028847211300249025,0.8237403680033004
Test_101,0.4179214882745861,0.06027155601259532,0.1470919801942167,0.37471497551860194
Test_102,0.08260092430876025,0.0640693526081644,0.06538977466492221,0.787939948418153
Test_103,0.4436251676139909,0.07574797806421851,0.2700164978369938,0.21061035648479695
Test_104,0.5513218294844793,0.04575201690431694,0.11965458434563875,0.283271569265565
Test_105,0.3459797852932461,0.04543846017114634,0.13178342825831899,0.4767983262772886
Test_106,0.5555208263391481,0.035648325274329144,0.38690058156058305,0.021930266825939664
Test_107,0.01305437297796493,0.14080874642300917,0.7911600479363106,0.05497683266271526
Test_108,0.18745278818193098,0.022749265883613694,0.09094213240964732,0.6988558135248079
Test_109,0.3271882360424988,0.12403772810847127,0.19317903006729467,0.3555950057817351
Test_110,0.45624479836407106,0.019615475934271393,0.17060971937490316,0.3535300063267542
Test_111,0.34861404804807805,0.0385337121737947,0.33761591863049417,0.2752363211476329
Test_112,0.004432165215174405,0.04818754004595532,0.8588939763114417,0.08848631842742866
Test_113,0.37834796635934675,0.14420882273742303,0.140087123002148,0.3373560879010819
Test_114,0.4004917091280068,0.14395386114242423,0.03554387450268434,0.42001055522688463
Test_115,0.3956171564004192,0.058823420118799825,0.31813083583256313,0.22742858764821822
Test_116,0.254431796319959,0.1662511495384476,0.32693182381673136,0.25238523032486226
Test_117,0.0027798103947239273,0.05767725126545284,0.9307984837674148,0.008744454572408814
Test_118,0.011968173263772346,0.2691901321900118,0.6664288901306882,0.05241280441552776
Test_119,0.39847019755922364,0.0712239635695914,0.06700472001800833,0.46330111885317665
Test_120,0.010536599689206257,0.020848878408517874,0.9558203352446599,0.012794186657615916
Test_121,0.09954423292424318,0.09049371153707861,0.31893290322567175,0.4910291523130064
Test_122,0.0159811897898485,0.10383604826181299,0.7968958777843876,0.08328688416395058
Test_123,0.025252506794886723,0.09779623629621934,0.8438903049558929,0.03306095195300106
Test_124,0.7422336683340379,0.022620905254487653,0.03213259414523779,0.20301283226623656
Test_125,0.07747383907114429,0.15613391299358378,0.059149449943975266,0.7072427979912964
Test_126,0.7811469212180816,0.023974548917673883,0.11769796284530105,0.07718056701894369
Test_127,0.05499894354589895,0.10407000580987302,0.024230400462161763,0.8167006501820665
Test_128,0.14958301881878258,0.04218295482764021,0.2516414362173162,0.5565925901362612
Test_129,0.003092601883221567,0.04907661293055505,0.9052437302174173,0.042587054968806125
Test_130,0.23046275149900944,0.019934467535420688,0.14805918495135606,0.6015435960142134
Test_131,0.11022232938653552,0.023387006001412698,0.04528601846159238,0.8211046461504592
Test_132,0.8262566060526902,0.031633905330503476,0.013998910799882096,0.12811057781692414
Test_133,0.1800719309733644,0.13198983483318186,0.09026440745425456,0.5976738267391992
Test_134,0.2889754538280997,0.03123865428907902,0.2515081346718045,0.4282777572110167
Test_135,0.4786514308620022,0.022724533997555293,0.2329199297127041,0.2657041054277386
Test_136,0.10733458341978361,0.01321002989681858,0.1914219404324471,0.6880334462509505
Test_137,0.16802619270845867,0.08414577331835488,0.5772553546069121,0.17057267936627435
Test_138,0.003893811871986232,0.12757782112781257,0.8563728967987904,0.012155470201410983
Test_139,0.604862083269686,0.05680624686681938,0.2558640839508537,0.08246758591264067
Test_140,0.3321515568681936,0.02107564161495579,0.5573392431728295,0.08943355834402132
Test_141,0.32349629002722774,0.032184348245278147,0.29300473800281424,0.35131462372468014
Test_142,0.1929284328363943,0.11137624350827871,0.2624568959885146,0.4332384276668122
Test_143,0.6006036366551766,0.07873063444850953,0.012629468390143679,0.30803626050617006
Test_144,0.25564107958887106,0.11522860859224612,0.2940459674750522,0.33508434434383066
Test_145,0.728704621559512,0.038007809998968876,0.04155282771464802,0.1917347407268712
Test_146,0.002579819987315878,0.033356900366151965,0.9549425366677262,0.009120742978805961
Test_147,0.010101943928188705,0.047575327982488,0.9091796515304179,0.033143076558905256
Test_148,0.5319931817019823,0.021455683607238357,0.08324534098382326,0.3633057937069557
Test_149,0.020543577851418894,0.12247862421632219,0.08297548725178017,0.7740023106804785
Test_150,0.4095412410263246,0.02049417020174547,0.048924229578241336,0.5210403591936887
Test_151,0.008465923278111282,0.02612423389942356,0.9607586263166623,0.004651216505802938
Test_152,0.0031106096317966526,0.04832592852505947,0.9322184921625385,0.01634496968060508
Test_153,0.7191504066604326,0.014658543334988913,0.09404722772085178,0.1721438222837266
Test_154,0.2489022855459873,0.0676840606007608,0.6214217104801217,0.06199194337312998
Test_155,0.003570856419837052,0.044088823362203954,0.9453752750592291,0.006965045158729821
Test_156,0.23494620307427394,0.046197814368168263,0.04832989266016658,0.6705260898973912
Test_157,0.10001864872388189,0.07650732619254422,0.7551976267604821,0.06827639832309172
Test_158,0.39346293407653565,0.03122001809022099,0.013052259415634707,0.5622647884176087
Test_159,0.42573621080398727,0.028422579540965897,0.3997072237370669,0.14613398591798
Test_160,0.6431311996884183,0.039275513103706465,0.18770692098054845,0.12988636622732666
Test_161,0.093992983639752,0.05032190966865408,0.1281881950830831,0.7274969116085107
Test_162,0.05769240309909558,0.019466268094402644,0.9006567160574316,0.0221846127490702
Test_163,0.005673046161414789,0.10110545556728134,0.8799421290207233,0.013279369250580405
Test_164,0.6433300351432986,0.03821196793299891,0.08101438021265832,0.2374436167110444
Test_165,0.36090989781945343,0.06934917429615058,0.18646892287030337,0.3832720050140926
Test_166,0.3080370335004899,0.05978063943436222,0.31623669335864246,0.3159456337065054
Test_167,0.0861363746561352,0.02310258292635803,0.8436063937064262,0.047154648711080674
Test_168,0.028570202489259157,0.030046774363412274,0.9129487566592505,0.02843426648807833
Test_169,0.06229736761883335,0.06072611674063028,0.8509968388407692,0.025979676799767374
Test_170,0.37197333732168403,0.03740898011564665,0.36076929174292505,0.22984839081974445
Test_171,0.008358543102123587,0.07412904728786615,0.878698959300588,0.03881345030942201
Test_172,0.05002672631397028,0.03823206097728564,0.8757561676256993,0.035985045083044995
Test_173,0.0038088227006016617,0.022678890602025863,0.9420949798067606,0.031417306890612014
Test_174,0.8445076570961298,0.031480262614075216,0.019403616291955163,0.10460846399784007
Test_175,0.5306205111124461,0.11218394731538885,0.06195735227993516,0.29523818929223006
Test_176,0.6110974747555671,0.05225292287531296,0.15957721211858766,0.17707239025053198
Test_177,0.08419903192223956,0.02085981179903376,0.14378477587888344,0.751156380399843
Test_178,0.021781839598524106,0.012857612582485014,0.003189997592867437,0.9621705502261233
Test_179,0.03123526403500807,0.261845023571227,0.5038298417420006,0.20308987065176412
Test_180,0.08191220553970611,0.028426485096197298,0.34426550754579455,0.5453958018183019
Test_181,0.03549451879202947,0.15395830041405287,0.04301429324228485,0.7675328875516326
Test_182,0.002520204535455755,0.07881360506748862,0.8798164485206774,0.03884974187637821
Test_183,0.3472574901262965,0.03806204131304961,0.3319734198935493,0.2827070486671047
Test_184,0.40163808951364155,0.038027535335718086,0.29378281568783504,0.26655155946280523
Test_185,0.4241513877338106,0.1523944174323816,0.3004955808863516,0.12295861394745637
Test_186,0.23348928689060686,0.02425814652607056,0.15255124034065903,0.5897013262426637
Test_187,0.28896412520255643,0.03798645672017309,0.5184297741036045,0.15461964397366618
Test_188,0.5373738500455534,0.04697033670354108,0.028844282675505407,0.3868115305754001
Test_189,0.7430060242115774,0.039137241439265405,0.09858198252816751,0.11927475182098961
Test_190,0.47453159974912346,0.09343050332084274,0.12567865646148435,0.30635924046854957
Test_191,0.11116459776438711,0.023428911925328526,0.06849501936457891,0.7969114709457054
Test_192,0.161912161834583,0.029461859811809772,0.21346715324588286,0.5951588251077243
Test_193,0.020407155310826517,0.044787497017631725,0.9291127269996805,0.005692620671861799
Test_194,0.017425456375552123,0.1473373304795638,0.558935688718754,0.27630152442613026
Test_195,0.28252675854442716,0.07552861533334607,0.20639525519212834,0.43554937093009854
Test_196,0.3223028085140258,0.06202399794655486,0.20855790342467,0.40711529011474923
Test_197,0.13363572656875597,0.05756176364518936,0.5880686504578029,0.2207338593282519
Test_198,0.09124782732942688,0.01702593738171116,0.020124194031616808,0.871602041257245
Test_199,0.055603373360794045,0.06174033111514476,0.79162789540554,0.09102840011852123
Test_200,0.01166717201395934,0.05197032842740164,0.8975010855085328,0.038861414050106347
Test_201,0.23994381960894348,0.016216374348227217,0.01389481511891586,0.7299449909239133
Test_202,0.0032798154342262085,0.03979072418811395,0.9529144956114447,0.004014964766215542
Test_203,0.31659075218162,0.0611205037216893,0.06319625281539361,0.5590924912812972
Test_204,0.17934373669583298,0.013737924830440633,0.1283787300184144,0.6785396084553119
Test_205,0.11290930083984677,0.03892186396575924,0.02217550302868446,0.8259933321657096
Test_206,0.05266312374378963,0.04266404110586782,0.16285089717972587,0.7418219379706167
Test_207,0.03496746305789002,0.1077547747132515,0.6390116763799634,0.2182660858488951
Test_208,0.43453170094129323,0.10831519862036536,0.06826717197587667,0.3888859284624648
Test_209,0.010385806914784891,0.1440929111522797,0.6766982476747484,0.16882303425818718
Test_210,0.27307273403611804,0.059157574362899555,0.394484395244416,0.27328529635656595
Test_211,0.005019059455267814,0.11837056481195263,0.8512727887090855,0.02533758702369406
Test_212,0.20896781443588552,0.06266569870477152,0.7049534321740832,0.023413054685259855
Test_213,0.37233846715599106,0.05129326547245452,0.2993296300212233,0.27703863735033124
Test_214,0.04348608262686005,0.048433181686334474,0.5711999596899735,0.33688077599683175
Test_215,0.3460026517135036,0.024480417500910956,0.12107612706583795,0.5084408037197474
Test_216,0.4944366140154848,0.05550872691938812,0.059747708238692965,0.39030695082643424
Test_217,0.021971132115264837,0.07424052649535495,0.8146841944344066,0.08910414695497355
Test_218,0.638158429395612,0.038641152231906804,0.09041512239502716,0.23278529597745343
Test_219,0.10281694758087193,0.05789149206622426,0.8053020394980526,0.03398952085485101
Test_220,0.025124528860073728,0.0129067233281111,0.08916172406400918,0.872807023747806
Test_221,0.3310410890101109,0.03981668465077368,0.3106330153964002,0.3185092109427154
Test_222,0.1577389601919111,0.02738536538043418,0.7510819960443778,0.06379367838327682
Test_223,0.008705862627710725,0.10433431919675497,0.8402266300898525,0.04673318808568156
Test_224,0.2943744490986752,0.09024439310501435,0.23620088038453646,0.3791802774117739
Test_225,0.3440581654744977,0.02623615431129372,0.2969031841902031,0.33280249602400547
Test_226,0.0527749106668368,0.33923213224136267,0.524812103912854,0.0831808531789465
Test_227,0.282460011455617,0.032388144050417844,0.3320826318824694,0.3530692126114956
Test_228,0.46147944730694823,0.03287043121531289,0.2904604224725934,0.21518969900514542
Test_229,0.0036875699904034827,0.05811308090652977,0.9087907038813385,0.029408645221728157
Test_230,0.2987838702817312,0.06841276388396947,0.09530659519588747,0.5374967706384116
Test_231,0.04136047464230505,0.041901212915986745,0.008111818021838467,0.9086264944198698
Test_232,0.8625532396569909,0.027984100608174953,0.061987968385551,0.04747469134928287
Test_233,0.43132451417450685,0.019980149699113228,0.25519386131920213,0.2935014748071776
Test_234,0.5515444987016274,0.06456749380329566,0.08786768510231985,0.2960203223927572
Test_235,0.057513025122731064,0.06415038021436846,0.3091393801946284,0.569197214468272
Test_236,0.29616790232820334,0.03369453151299402,0.4369355714002607,0.23320199475854195
Test_237,0.10961140273490118,0.07012678193815307,0.032005415173996465,0.7882564001529492
Test_238,0.24005654110094843,0.06080488581575284,0.3640485305703367,0.33509004251296187
Test_239,0.023013288691394386,0.1250434234107282,0.4660100979382219,0.38593318995965536
Test_240,0.00016034361328853497,0.019108446424256922,0.9786489927568472,0.002082217205607201
Test_241,0.3039337187102474,0.07685415061501148,0.32843737992707983,0.29077475074766146
Test_242,0.05461229323859503,0.031968732314911534,0.08025312749003558,0.8331658469564578
Test_243,0.8812165556663659,0.03305737710569503,0.02070310198545599,0.06502296524248322
Test_244,0.08644728400676682,0.08860476066896864,0.23865511853997326,0.5862928367842912
Test_245,0.005539271139491325,0.08493010957922865,0.8472625095430572,0.062268109738223006
Test_246,0.1854132863763987,0.09219562261599612,0.07094847237459753,0.6514426186330079
Test_247,0.011417033882774374,0.03110936836317026,0.027740546343874135,0.9297330514101814
Test_248,0.45235449084802926,0.13647343811301763,0.07645683036199231,0.3347152406769608
Test_249,0.4883032075513486,0.03795047357636402,0.27095013257205874,0.2027961863002289
Test_250,0.7738189408639694,0.04837223899827056,0.097220934861549,0.08058788527621115
Test_251,0.28854708735074797,0.06027936496025201,0.09570689890078912,0.5554666487882108
Test_252,0.04275063408956644,0.05518674414611498,0.4430757251508974,0.4589868966134211
Test_253,0.08358638981185018,0.07664317383841669,0.057199399674081,0.7825710366756521
Test_254,0.11711174246421657,0.028534577773811003,0.0682479687823896,0.7861057109795828
Test_255,0.3559734002653971,0.10165785697680546,0.11355694452146484,0.4288117982363329
Test_256,0.06300677006022262,0.10638115495293587,0.050254721240592375,0.7803573537462491
Test_257,0.005729589240355144,0.06209399192497075,0.8931397320096613,0.03903668682501301
Test_258,0.09512216877217454,0.08033881927680014,0.6220346691004299,0.20250434285059532
Test_259,0.27521122901179096,0.06078421854583097,0.4361268653952993,0.22787768704707867
Test_260,0.25430157270065734,0.020042987582869765,0.1921493816905391,0.5335060580259338
Test_261,0.0138449492737148,0.014443351426867519,0.9641640338808339,0.0075476654185836775
Test_262,0.1777657754239856,0.17834928815149045,0.20092426759887497,0.44296066882564883
Test_263,0.4031629150175796,0.06284524017685561,0.18799708187938544,0.34599476292617914
Test_264,0.039094157366769126,0.05615109059526353,0.8667546595104418,0.03800009252752521
Test_265,0.4080997891781219,0.069262580575124,0.20518248442170983,0.3174551458250444
Test_266,0.019017759955018466,0.04730948238879083,0.014926333862135056,0.9187464237940556
Test_267,0.7430474077147438,0.03098174651786098,0.09593201178469654,0.1300388339826987
Test_268,0.011511152079185532,0.17662037446324128,0.6626878118252502,0.14918066163232302
Test_269,0.39943729570526654,0.010455849534753637,0.20168235119688988,0.38842450356308983
Test_270,0.10030564766418998,0.06072853614506137,0.0048750859411745605,0.834090730249574
Test_271,0.6166185722736599,0.01982766235352208,0.16256355285030244,0.2009902125225155
Test_272,0.007006391722129908,0.06425324845117693,0.8578661607043677,0.07087419912232527
Test_273,0.7307816309034294,0.019744123402421092,0.019001689313361568,0.2304725563807878
Test_274,0.005324919681895392,0.03829969868656497,0.9436396824425701,0.012735699188969529
Test_275,0.025411275834006205,0.2564850043791785,0.4532315857302186,0.2648721340565968
Test_276,0.021155311724599696,0.16997927641832994,0.2757313991424841,0.5331340127145862
Test_277,0.31866485389506033,0.05639991601495473,0.14013763777389762,0.4847975923160872
Test_278,0.14100552109024142,0.051066655174889244,0.09440078611991515,0.713527037614954
Test_279,0.07888177344111355,0.01138429461953614,0.885653798514394,0.024080133424956372
Test_280,0.16272558090921116,0.0428765178057786,0.20933676291711048,0.5850611383678995
Test_281,0.45877105122785133,0.04508379292095657,0.40605552914799203,0.09008962670320032
Test_282,0.053751744217198014,0.2747819435361205,0.08844315210362308,0.5830231601430587
Test_283,0.0025134795347862044,0.025569419863315335,0.9618835349544214,0.010033565647477153
Test_284,0.01129395111982025,0.11724584852510991,0.5369692441982872,0.3344909561567824
Test_285,0.4338240712581801,0.01695480130182593,0.4119602305471472,0.13726089689284704
Test_286,0.20799999760589202,0.024701869863708887,0.5582326700482922,0.20906546248210658
Test_287,0.8505771481350594,0.06746563655007923,0.06321898760835483,0.018738227706506645
Test_288,0.03666235049873397,0.04328518337245967,0.033666612768742846,0.8863858533600639
Test_289,0.03090062597321492,0.01505571336782215,0.00999622872024905,0.9440474319387139
Test_290,0.5076352232626958,0.09897880508941122,0.12771566375735774,0.2656703078905356
Test_291,0.02131254126523933,0.03182692303488665,0.936483348807967,0.010377186891906792
Test_292,0.6741506509539451,0.04952511477152062,0.13180292079637956,0.144521313478155
Test_293,0.008156865685959783,0.030329787690798228,0.9578284230264494,0.0036849235967924593
Test_294,0.03548799273026294,0.030721758655031406,0.8671385898870482,0.06665165872765776
Test_295,0.1034890891127712,0.03202649467237374,0.6078905952193169,0.2565938209955379
Test_296,0.0982905055987638,0.017241021591580412,0.7713179591500621,0.1131505136595935
Test_297,0.030239812377520665,0.10945170311127543,0.33250087156369945,0.5278076129475044
Test_298,0.07690777325591995,0.07859851480174743,0.4846699904956743,0.3598237214466584
Test_299,0.16868120480861853,0.0809883858118098,0.4067493244144583,0.34358108496511314
Test_300,0.747438990159866,0.04954822423834652,0.01833818095104011,0.18467460465074717
Test_301,0.7555450821710724,0.012799948818511344,0.03077044800693871,0.2008845210034774
Test_302,0.05440558394564785,0.08645606013634065,0.21550952918662167,0.6436288267313895
Test_303,0.4917900480970093,0.06744729965230904,0.10835316077596706,0.3324094914747146
Test_304,0.7795450721898088,0.02798759553758864,0.06171171269260833,0.13075561957999401
Test_305,0.34799481353602824,0.0388832607779896,0.41466955382374865,0.19845237186223352
Test_306,0.5059958267122528,0.011439963875703268,0.4049794633482622,0.07758474606378149
Test_307,0.4847338794544689,0.03832357289746518,0.15996031581288003,0.3169822318351857
Test_308,0.16382146422324573,0.19484345365006825,0.1052707145637496,0.5360643675629362
Test_309,0.016505843820215773,0.16572813106336318,0.7470863502037075,0.0706796749127136
Test_310,0.008014371939268555,0.16657244053304715,0.6988372741416614,0.12657591338602306
Test_311,0.01096662898280934,0.08274163510134587,0.8718412810610137,0.03445045485483093
Test_312,0.029880906225203518,0.02458210899142978,0.005563022839142081,0.9399739619442246
Test_313,0.12238074964820035,0.029612260288107213,0.20689122065641252,0.6411157694072795
Test_314,0.1475693137289128,0.039493281139463286,0.5994454461978083,0.21349195893381548
Test_315,0.26577977679009834,0.044383843685496555,0.023726874030684075,0.666109505493721
Test_316,0.492022397468981,0.017126778305147323,0.4482213266322587,0.04262949759361318
Test_317,0.049179646355417786,0.10401254425375699,0.8116065816574861,0.03520122773333914
Test_318,0.18629066962184182,0.06677304058082971,0.026441048581705515,0.7204952412156227
Test_319,0.00737844337986065,0.02050105678847268,0.9658408092079978,0.006279690623668916
Test_320,0.05000013442553684,0.04898289476867866,0.8300273527577031,0.07098961804808084
Test_321,0.577832136759991,0.07942505816037645,0.21137624774438427,0.13136655733524827
Test_322,0.38866631692795145,0.08263427131682073,0.11949067088219235,0.40920874087303566
Test_323,0.13478261895387098,0.058799567166427875,0.6098752642117203,0.19654254966798076
Test_324,0.022595709975843196,0.07239928269283841,0.7604596636229882,0.14454534370832997
Test_325,0.2762032933887159,0.03694579548929388,0.10851826786069974,0.5783326432612899
Test_326,0.011961792329417815,0.03440551261399709,0.9187901642185338,0.034842530838051396
Test_327,0.1595264532313943,0.11527182476495196,0.06037567499959609,0.6648260470040576
Test_328,0.4693957737850305,0.03225694465178332,0.4114977582544541,0.08684952330873191
Test_329,0.0682775091637658,0.023673312729643577,0.8911045885651009,0.01694458954148963
Test_330,0.029303226573352475,0.04595079188079326,0.4070276233136402,0.5177183582322138
Test_331,0.3294671236375714,0.026479081684380977,0.25755591299305686,0.38649788168499044
Test_332,0.779985597554905,0.08907328270938425,0.06714379634082353,0.06379732339488704
Test_333,0.23122400828512313,0.04541613917385742,0.6279546280219311,0.09540522451908831
Test_334,0.009820358130961996,0.026394628122516885,0.9539502440471517,0.009834769699369614
Test_335,0.7508334926834603,0.028446016273032372,0.12835178734190417,0.09236870370160284
Test_336,0.24965313545259515,0.03488955530535704,0.40605848783574466,0.3093988214063034
Test_337,0.5781484148877276,0.028510156321597837,0.069140163451945,0.32420126533872956
Test_338,0.5073065009845051,0.013210930370915867,0.03863454442633408,0.4408480242182451
Test_339,0.06603479024785822,0.19029168833216448,0.5572368170259091,0.18643670439406837
Test_340,0.04051061471113211,0.03230495790023498,0.16873300205710276,0.7584514253315301
Test_341,0.4119848349929476,0.03786466984211785,0.030424205174172235,0.5197262899907624
Test_342,0.7939267313102881,0.059791241997875,0.02258901071385511,0.12369301597798177
Test_343,0.24382664984228716,0.04635961631383557,0.27651056143390274,0.43330317240997435
Test_344,0.0019322603460963938,0.05795696579198607,0.9353891853229792,0.004721588538938458
Test_345,0.03297471578296384,0.05568293925236629,0.5050826453575037,0.40625969960716646
Test_346,0.0015428707945009206,0.05775996411949759,0.9251347821763571,0.015562382909644292
Test_347,0.48247648682731503,0.038063321821606134,0.01958881421045757,0.4598713771406212
Test_348,0.30074847468423005,0.03723228131050238,0.20500156760989513,0.45701767639537255
Test_349,0.3597332158102314,0.03795776622804547,0.01687487828542701,0.5854341396762961
Test_350,0.04060588605338707,0.04087792689223687,0.027935206009053238,0.890580981045323
Test_351,0.0028023652156993974,0.06154749965181817,0.9067666887898491,0.028883446342633436
Test_352,0.10882363833912453,0.08703192688556675,0.05135811322189081,0.752786321553418
Test_353,0.3828544188520473,0.037468336984788256,0.14887413139901715,0.4308031127641474
Test_354,0.12444573998187075,0.05404495773005262,0.5291493074443607,0.29235999484371594
Test_355,0.2892201977383281,0.050864823576689186,0.4024759491797901,0.25743902950519265
Test_356,0.4175658597313595,0.02647996202419699,0.2290506729929287,0.3269035052515145
Test_357,0.4481657013401793,0.036620916616191615,0.3636948480120791,0.15151853403154994
Test_358,0.3826373349518479,0.03817331089431005,0.1933025726519236,0.38588678150191824
Test_359,0.041469963816766785,0.05373812163141019,0.030153150685881938,0.8746387638659411
Test_360,0.36789986822567766,0.025989162432219375,0.3490547015421222,0.25705626779998064
Test_361,0.8455285372389023,0.014737877933035944,0.05186592013067305,0.08786766469738876
Test_362,0.2073083868878507,0.06105821958512073,0.20778808696482207,0.5238453065622066
Test_363,0.046986440406989856,0.0847003705751448,0.7546993654944818,0.11361382352338345
Test_364,0.037746574310884545,0.027561511833052485,0.8337247170901743,0.10096719676588872
Test_365,0.07771612782263036,0.040750888525369094,0.8492517594721897,0.03228122417981082
Test_366,0.021090778382644053,0.15985653980137837,0.6645737811464555,0.15447890066952222
Test_367,0.27145656097505094,0.018571793400729984,0.29983825802556874,0.4101333875986502
Test_368,0.22764802679254398,0.029363642967706754,0.4103658008829648,0.33262252935678455
Test_369,0.21809198774264407,0.027833155296457468,0.05789441797659358,0.696180438984305
Test_370,0.10811201438943106,0.018104030077306182,0.80494975996142,0.06883419557184277
Test_371,0.04441255975796408,0.10997777231666526,0.8021500047119872,0.043459663213383105
Test_372,0.17052191167056327,0.030859229895790378,0.2912326759661663,0.5073861824674799
Test_373,0.012900165276247174,0.14166665808969287,0.5639425477397584,0.28149062889430165
Test_374,0.08964923586868377,0.0942396326201984,0.7530115818931479,0.06309954961796974
Test_375,0.23013106723528415,0.04505681443294877,0.008110146960155128,0.7167019713716121
Test_376,0.38437472828585967,0.11005109841705529,0.16822972805097122,0.33734444524611396
Test_377,0.8999484412485962,0.019610249270650047,0.043308216114665184,0.0371330933660885
Test_378,0.05605224461212434,0.08067232576857464,0.8212991981102087,0.04197623150909253
Test_379,0.26917320588766586,0.11240366697924571,0.3621980846897369,0.25622504244335137
Test_380,0.06483934577276357,0.14556490702488054,0.41072588805046834,0.3788698591518877
Test_381,0.5539127989521242,0.06263000195307487,0.02535400088496435,0.35810319820983655
Test_382,0.5998401863701888,0.03034306162404379,0.019357638999552805,0.35045911300621463
Test_383,0.8373627032164586,0.03439630620485371,0.014400524883162246,0.11384046569552538
Test_384,0.2280783797063999,0.01657165263965815,0.7286973852960243,0.02665258235791749
Test_385,0.16386724156417967,0.12695658162751197,0.2256623870380204,0.4835137897702881
Test_386,0.0037169394556284346,0.09281686462235951,0.7755069812682398,0.12795921465377255
Test_387,0.24045745626039297,0.13415423372938975,0.0878183673676469,0.5375699426425705
Test_388,0.6280758259540553,0.039011057108011275,0.06692197429861524,0.26599114263931845
Test_389,0.4022203804980837,0.12033490274669469,0.3129554352276823,0.16448928152753958
Test_390,0.2671128402390365,0.13742646449714932,0.06072899448191522,0.5347317007818991
Test_391,0.007609057325197478,0.049294211719443475,0.9245828096121685,0.01851392134319052
Test_392,0.008595748886021074,0.024698607171118825,0.9501697490961051,0.01653589484675491
Test_393,0.010969905587069314,0.0888231083573164,0.12021954572323634,0.7799874403323779
Test_394,0.40233505347000015,0.031010269467252168,0.23605365039360707,0.3306010266691406
Test_395,0.5106137564140492,0.03598819782298221,0.30936993869525775,0.1440281070677107
Test_396,0.5014174347202006,0.0349620212782552,0.2771762998146968,0.1864442441868475
Test_397,0.24758366856326025,0.06884168655599544,0.06822300030075398,0.6153516445799905
Test_398,0.09996242259989403,0.035043610438425896,0.7099748462562187,0.15501912070546162
Test_399,0.268909133068712,0.06361249351087608,0.15248961039717726,0.5149887630232345
Test_400,0.008907806628756275,0.05044639235926088,0.8084990407168184,0.13214676029516456
Test_401,0.04171994382379996,0.13377942046138633,0.7838512009846574,0.04064943473015593
Test_402,0.20487764182389054,0.05501183787273729,0.13438490098040295,0.6057256193229695
Test_403,0.014307275582639391,0.16080937571728965,0.6332229550124926,0.19166039368757823
Test_404,0.05196023614542103,0.0141700033442878,0.03095931652100544,0.9029104439892857
Test_405,0.058139055175992015,0.030563073588643522,0.021004545350493148,0.8902933258848713
Test_406,0.0043959817815522936,0.02960593863082366,0.011913937120028239,0.9540841424675962
Test_407,0.018474806385205194,0.03845972492563373,0.003760235955078011,0.9393052327340832
Test_408,0.07398401615894265,0.09467875474716882,0.02973890060382362,0.8015983284900651
Test_409,0.006454331785899815,0.10063817668713713,0.862960073008266,0.029947418518696964
Test_410,0.03354691941264743,0.11384211530366592,0.022515544252767056,0.8300954210309196
Test_411,0.0630794575689194,0.02402085040467091,0.8631665856638956,0.049733106362513935
Test_412,0.017772959998630218,0.22294650927718712,0.48857214434265156,0.2707083863815314
Test_413,0.22720616292189197,0.046382003086296066,0.6033231489411931,0.12308868505061862
Test_414,0.10431918677165421,0.10662503639313411,0.582872175866878,0.20618360096833385
Test_415,0.006721994511724333,0.0712889181105351,0.9097496648281912,0.012239422549549307
Test_416,0.16298467468458636,0.07800945999697771,0.10528007667976186,0.6537257886386741
Test_417,0.004177463741360184,0.008373223440569587,0.9863056643892474,0.0011436484288228433
Test_418,0.655232634803177,0.024203145106781634,0.10000847233198609,0.22055574775805492
Test_419,0.6945079603921508,0.029354997660891245,0.05904030881661781,0.2170967331303396
Test_420,0.003592975913499335,0.0455247271742131,0.9149772630774051,0.03590503383488261
Test_421,0.36314300311985825,0.051301168192892675,0.1357174542855232,0.44983837440172575
Test_422,0.23800134425906938,0.03720253616387098,0.3023573147246801,0.42243880485237917
Test_423,0.020676454598512736,0.20524062570217302,0.655506599469605,0.11857632022970929
Test_424,0.031404522740952644,0.019386721733727512,0.9263574971665913,0.02285125835872896
Test_425,0.29430745391435437,0.1306090242522698,0.1440944920794658,0.4309890297539101
Test_426,0.39416455481301726,0.06577917617422073,0.4125286221649486,0.12752764684781323
Test_427,0.08673724887125595,0.042938636179999,0.05377756340149737,0.8165465515472476
Test_428,0.02557150163359866,0.059712381177575144,0.009470757271891435,0.9052453599169348
Test_429,0.04382307861235764,0.08401890059515049,0.7508151730134314,0.12134284777906051
Test_430,0.0076605625738658005,0.07691651140400371,0.8966247898426386,0.018798136179491883
Test_431,0.31835006695245704,0.04394969392950291,0.16025658486629027,0.4774436542517501
Test_432,0.2543193969395851,0.1326759192032827,0.18378099532032907,0.429223688536803
Test_433,0.022600421163378723,0.03884733120428603,0.018051188393060705,0.9205010592392743
Test_434,0.1834282967780589,0.07438415964783648,0.054457070398319804,0.6877304731757846
Test_435,0.22608771824272086,0.020171032466259023,0.4346100722471647,0.3191311770438555
Test_436,0.43499261641564185,0.02015420684780843,0.34935323150351083,0.19549994523303885
Test_437,0.13004278810302314,0.12990409987256715,0.5011416556672053,0.2389114563572046
Test_438,0.03896552764755273,0.15224158317762013,0.4985286382845885,0.3102642508902386
Test_439,0.047364228208891655,0.09439179834622292,0.8152212603359326,0.043022713108952435
Test_440,0.0032201409799700134,0.07080395302334243,0.9095151507433726,0.016460755253314707
Test_441,0.30841638991205156,0.07429311583768679,0.2010622308686271,0.41622826338163493
Test_442,0.23593038316352435,0.03333961632931207,0.19065052572969224,0.5400794747774715
Test_443,0.026998758178860608,0.05565363461918327,0.0549338158319013,0.8624137913700549
Test_444,0.7386777850438772,0.05169831674343196,0.05302659583674705,0.15659730237594352
Test_445,0.008176752223595578,0.044268038730614606,0.9267217278911215,0.020833481154668237
Test_446,0.20216886857126432,0.037311107140176186,0.09731148115503963,0.6632085431335196
Test_447,0.2854664237128084,0.03945859778464431,0.5759830064005986,0.09909197210194852
Test_448,0.011524317106552466,0.1684344299210649,0.7471738874576148,0.07286736551476802
Test_449,0.21406001816309841,0.2435238803224463,0.2580658181483497,0.2843502833661056
Test_450,0.05697313361603994,0.023510380214863586,0.3805735657667328,0.5389429204023638
Test_451,0.006610117891807875,0.13712149539633955,0.8066841114304251,0.04958427528142728
Test_452,0.5661050547272728,0.01502361913025241,0.22106743632344078,0.19780388981903418
Test_453,0.018401080872875016,0.04250355246428623,0.15305515128457767,0.7860402153782613
