image_id,healthy,multiple_diseases,rust,scab
Test_0,0.03743932990160815,0.08324468498905305,0.8584146970010376,0.02090128810830159
Test_1,0.39333642814165193,0.03180228903182797,0.40445434700987026,0.17040693581665012
Test_2,0.3536116382063327,0.06520936477939294,0.19531061053646315,0.3858683864778113
Test_3,0.5503103754868417,0.04859301949460011,0.11347106105548432,0.28762554396307394
Test_4,0.020980447510076473,0.04222460148020337,0.9234179649508715,0.013376986058848397
Test_5,0.4618852169368343,0.01145962814783143,0.37115552570812355,0.1554996292072105
Test_6,0.7230088556849266,0.03275495159006494,0.04436853378943514,0.1998676589355733
Test_7,0.027971852986587605,0.19367925078205445,0.4750956727798897,0.30325322345146843
Test_8,0.32597720817787934,0.05468091144873305,0.1768854747797655,0.44245640559362204
Test_9,0.1338821871698811,0.0517303499712546,0.7902993775851092,0.024088085273754875
Test_10,0.014201752422782018,0.06839448307323574,0.902455977842369,0.014947786661613479
Test_11,0.09475011189074845,0.03236825735262155,0.46615607261935044,0.40672555813727923
Test_12,0.47494295288347205,0.09670031479844508,0.11340294728080831,0.31495378503727467
Test_13,0.6956684135025483,0.01599966321704572,0.19525860310900137,0.09307332017140472
Test_14,0.006462422819913811,0.008294128634324306,0.9843850517129081,0.0008583968328539731
Test_15,0.48576156590530706,0.05982497676054462,0.35329636634323336,0.10111709099091452
Test_16,0.41150488388737266,0.029865764704175235,0.05226248538264547,0.5063668660258066
Test_17,0.041084381750261315,0.09136484220525934,0.19269855380503764,0.6748522222394421
Test_18,0.4378733483054617,0.08805996975070894,0.038561778022564025,0.43550490392126523
Test_19,0.10356211968975164,0.05331716357301378,0.8119279141380552,0.031192802599179177
Test_20,0.4773308289233847,0.01859279023052127,0.2206188549240247,0.28345752592206946
Test_21,0.3390569524763246,0.040438221082412136,0.27174676710454027,0.34875805933672294
Test_22,0.3450425338703309,0.048906067251161214,0.25845096773580306,0.34760043114270484
Test_23,0.048062622877126045,0.039456047119577606,0.03454628216860716,0.8779350478346892
Test_24,0.412167169179093,0.07900912226778614,0.16329484844502531,0.34552886010809536
Test_25,0.31472104420393404,0.03976270364599507,0.24669431602726405,0.3988219361228066
Test_26,0.49465648937627993,0.07168463361627872,0.10481758077273387,0.32884129623470765
Test_27,0.10534506918938542,0.08886499578575936,0.6840230762694438,0.12176685875541152
Test_28,0.49393952996749074,0.18782836935849367,0.10397484661661016,0.2142572540574057
Test_29,0.7690123978581708,0.033610466315729885,0.14740717766103015,0.049969958165069335
Test_30,0.5278558567845821,0.039173068249467834,0.03479283369106315,0.3981782412748871
Test_31,0.018529542887573202,0.20833502569671625,0.6749744299859319,0.09816100142977859
Test_32,0.1955460538008724,0.05177829867524238,0.023906853498509167,0.7287687940253758
Test_33,0.031135113988104857,0.039283135278955265,0.026277838204795366,0.9033039125281443
Test_34,0.23967623119441797,0.029938310749113687,0.15497276085532496,0.5754126972011431
Test_35,0.1755515286374991,0.1323361509934195,0.1505565367135831,0.5415557836554984
Test_36,0.013841256465234627,0.04503729386872617,0.8932164870363627,0.04790496262967617
Test_37,0.35350449535909917,0.07874180503862717,0.16129683158728841,0.4064568680149851
Test_38,0.07109871232214646,0.0381975804318123,0.04839739488331809,0.8423063123627232
Test_39,0.18810572751418644,0.09203782858705147,0.3818197620534462,0.33803668184531566
Test_40,0.7033407652091718,0.049653880925265154,0.0697825443541219,0.17722280951144165
Test_41,0.005759530495763124,0.05782025867249226,0.9209836713317492,0.015436539499995147
Test_42,0.03531214668558298,0.04346633325304504,0.02528386414769973,0.8959376559136725
Test_43,0.3726489609206717,0.013809582863170753,0.5015240332442723,0.11201742297188524
Test_44,0.38373898959291686,0.13659170812925492,0.08562936108647733,0.39403994119135094
Test_45,0.37065736410272254,0.035397219314668694,0.3526732848994686,0.24127213168314018
Test_46,0.5537440927873238,0.014890182226529824,0.09526940631193437,0.33609631867421197
Test_47,0.031228798747652355,0.11230486106129073,0.8089217875502369,0.04754455264082031
Test_48,0.00354336365513693,0.02554741419339193,0.950478213791606,0.02043100835986501
Test_49,0.030454065877462407,0.05631422908758253,0.8914185668638288,0.02181313817112624
Test_50,0.016098226785782422,0.08904247897576031,0.8712571431241597,0.023602151114297476
Test_51,0.05753583879027096,0.08806050743147295,0.6764991046369043,0.1779045491413517
Test_52,0.14724160820175936,0.1336902885770877,0.45595676688020925,0.26311133634094364
Test_53,0.09339795219091859,0.1456189606024117,0.7251910645487457,0.035792022657923896
Test_54,0.012021824587449645,0.034637994568526675,0.9385002330827943,0.014839947761229166
Test_55,0.6119554486615557,0.014573855181847851,0.07263264177509862,0.3008380543814979
Test_56,0.17404549099936145,0.09486761883146652,0.27638332396368026,0.4547035662054918
Test_57,0.3913031244826412,0.039332359264459105,0.30217819762596365,0.26718631862693604
Test_58,0.2302498162578884,0.032962590738372474,0.0630929254069077,0.6736946675968316
Test_59,0.07176986792099876,0.053437013207183214,0.5374536559578869,0.337339462913931
Test_60,0.01410635543171478,0.07411454140430222,0.268340034968705,0.6434390681952779
Test_61,0.73371744252483,0.02767967909272048,0.16685156817282207,0.07175131020962748
Test_62,0.20424422837360248,0.0156047552796749,0.5693041162500555,0.21084690009666715
Test_63,0.23376796272560066,0.180466759597995,0.387537313539008,0.1982279641373966
Test_64,0.5314275001376244,0.09190689261091467,0.10117363418863162,0.27549197306282874
Test_65,0.0720881258715542,0.07201864133734388,0.11144653232111867,0.7444467004699834
Test_66,0.23583565717414537,0.021512275541762705,0.6730792962215612,0.06957277106253028
Test_67,0.02627652844860542,0.17317852240001674,0.6214722541436839,0.17907269500769432
Test_68,0.21096992581172921,0.12243584420817732,0.09799858834868727,0.5685956416314061
Test_69,0.003404786284191765,0.028344318993323722,0.9615790262932266,0.0066718684292577605
Test_70,0.14406254604198895,0.10644992001997182,0.23624476347490422,0.5132427704631354
Test_71,0.035540609397541556,0.006297820574318465,0.9436436908506048,0.01451787917753522
Test_72,0.15743468724367704,0.12181173320020422,0.32649205124043457,0.39426152831568434
Test_73,0.436519888115763,0.016655262156405674,0.12515658686267908,0.421668262865152
Test_74,0.5357290191579651,0.031925048542228135,0.11969248655907821,0.31265344574072845
Test_75,0.2528829879641787,0.02913926650982275,0.5168893047349649,0.201088440791034
Test_76,0.056135447487713604,0.16293526986592036,0.2601502490704538,0.5207790335759119
Test_77,0.2687967521393346,0.10313068100919115,0.289907161912365,0.338165404939109
Test_78,0.11508565362759997,0.13595487904963832,0.11993438841248723,0.6290250789102748
Test_79,0.5327132448464466,0.045869607883316905,0.12155513004496767,0.2998620172252689
Test_80,0.3551378244365163,0.09831252486162993,0.1399760717007464,0.4065735790011073
Test_81,0.020450847508492603,0.015170969090999444,0.9595746881540234,0.00480349524648452
Test_82,0.4015351572586609,0.048108226301235964,0.29022308761088983,0.26013352882921315
Test_83,0.35592559939330237,0.08808384680067036,0.1595531065350642,0.3964374472709631
Test_84,0.3091882961785183,0.04055055572138619,0.304143090973122,0.3461180571269732
Test_85,0.29982059139215167,0.038958791953029946,0.3147983892968502,0.3464222273579682
Test_86,0.06428707918320323,0.2797128564437211,0.2215861034435771,0.4344139609294988
Test_87,0.4792393992998005,0.03883126176043445,0.20358191319590982,0.27834742574385546
Test_88,0.26394340023080576,0.107572746273876,0.026337927516744672,0.6021459259785734
Test_89,0.518539929648979,0.05114156856382522,0.07571676822570772,0.354601733561488
Test_90,0.17171619143192782,0.1010530713573621,0.6533615578011556,0.07386917940955441
Test_91,0.7348192192759295,0.04490769399432543,0.05302958350612382,0.1672435032236213
Test_92,0.3148136442277473,0.020283434596333607,0.05562645454500929,0.6092764666309096
Test_93,0.11289050615605574,0.1527260506911322,0.5229483840690187,0.2114350590837932
Test_94,0.09749967240948262,0.02298783509737402,0.013830781396734698,0.8656817110964086
Test_95,0.4776675112991501,0.04867008036316562,0.19312325919315426,0.2805391491445301
Test_96,0.27220079739504,0.03461898953637276,0.39346249897568064,0.299717714092907
Test_97,0.5616023368671923,0.040205848254873874,0.19247162382300614,0.2057201910549278
Test_98,0.2787624016289006,0.24941510649147472,0.11649943032057945,0.35532306155904525
Test_99,0.33744868232771147,0.027229299999542093,0.5177930116419531,0.11752900603079347
Test_100,0.11965744299133044,0.08628653628984213,0.026659979511113267,0.7673960412077141
Test_101,0.4598201155842678,0.07774842087696456,0.07476354275701233,0.3876679207817554
Test_102,0.09343344894380516,0.026693657479313206,0.04071037984214454,0.839162513734737
Test_103,0.2744056189678441,0.07974543226243343,0.4748157934080309,0.17103315536169178
Test_104,0.4365597649547037,0.06298169617086591,0.08153237014916165,0.4189261687252688
Test_105,0.1076390266443822,0.03897733584229266,0.36125055346306484,0.4921330840502603
Test_106,0.5898683031377251,0.012394301336179104,0.3460363080547893,0.05170108747130659
Test_107,0.019423458925100563,0.10824785686981751,0.7285767219944911,0.1437519622105908
Test_108,0.42369893513206064,0.01655294549732624,0.0832383810131968,0.4765097383574165
Test_109,0.5668035717203234,0.0683595675884646,0.1834138872069263,0.18142297348428568
Test_110,0.5710224233772877,0.02469739436813107,0.20794696460693857,0.19633321764764286
Test_111,0.3378268968424678,0.03921332500918953,0.3222408945170694,0.30071888363127336
Test_112,0.0428357478988832,0.09812284203280255,0.5048469716704576,0.3541944383978566
Test_113,0.15667482370179303,0.09936807490131115,0.2592037208411982,0.48475338055569783
Test_114,0.5801650535471389,0.08920340615984788,0.08146487872855245,0.2491666615644607
Test_115,0.4782911436789471,0.02371273908829884,0.04317579957587969,0.45482031765687425
Test_116,0.15722382214096497,0.2318876380378666,0.5102910619214468,0.10059747789972155
Test_117,0.0030713459253296914,0.03623023387721618,0.9401153354163149,0.02058308478113904
Test_118,0.03542415394240756,0.28032733057257675,0.6244466568163278,0.05980185866868801
Test_119,0.3170179618148617,0.06347214180380657,0.20841802736253254,0.4110918690187994
Test_120,0.1200403537258239,0.05471785006435261,0.7114060513428883,0.11383574486693554
Test_121,0.38423152731174726,0.049006240191139076,0.32776034625908324,0.23900188623803043
Test_122,0.029063854852306656,0.09248727954048834,0.7885024994661888,0.08994636614101637
Test_123,0.09500726600282021,0.052847368842423074,0.7225626219242569,0.12958274323049981
Test_124,0.5702161087454732,0.040060489156323445,0.08036000022355903,0.3093634018746441
Test_125,0.06353667846423366,0.18645351300920154,0.11256174157491171,0.6374480669516532
Test_126,0.5073759971579629,0.0405843140431866,0.39132727197981876,0.0607124168190319
Test_127,0.1395853743036177,0.02362608790774346,0.02454325589569408,0.8122452818929445
Test_128,0.18265264726462138,0.07367221615024701,0.49114001137141555,0.2525351252137161
Test_129,0.024621958979432076,0.15403526177814866,0.40973880016899156,0.4116039790734277
Test_130,0.44113782496534415,0.01955808183022316,0.08994092378080847,0.4493631694236243
Test_131,0.06586998296309034,0.05504466336505986,0.046009896524319756,0.8330754571475301
Test_132,0.7929357951700843,0.034862296752016846,0.03758893626392809,0.13461297181397086
Test_133,0.14631282982583596,0.04740436136520185,0.05281118490796109,0.7534716239010009
Test_134,0.19721650171573918,0.034437979351755535,0.21015113178311795,0.5581943871493875
Test_135,0.36524265218077284,0.039601886010220036,0.276853087195275,0.31830237461373206
Test_136,0.14434487963033094,0.02500149403464975,0.5632167386010598,0.26743688773395974
Test_137,0.19527301189375657,0.029274924157815675,0.7247348833220506,0.05071718062637721
Test_138,0.02757021129945515,0.16687414150235633,0.7014028148800301,0.10415283231815815
Test_139,0.5315989220105194,0.03232220805377526,0.3396564017303074,0.09642246820539795
Test_140,0.26304625169069296,0.06501162689577515,0.4962886584202994,0.17565346299323262
Test_141,0.36802668281745593,0.03701812129724023,0.19443592227808282,0.400519273607221
Test_142,0.2393104882034803,0.1999381556145044,0.17385814976748673,0.3868932064145286
Test_143,0.3107371442692931,0.04707202215323188,0.01658318719323477,0.6256076463842406
Test_144,0.15211316215263185,0.11037797230147824,0.27624927081729245,0.46125959472859723
Test_145,0.3983136145128069,0.0231079728155648,0.1553691748052399,0.42320923786638853
Test_146,0.011451000139365479,0.08107889232946451,0.8837958504275762,0.0236742571035941
Test_147,0.01277755728660732,0.030312696495301546,0.9292423035863332,0.02766744263175812
Test_148,0.5141139693585646,0.08518587448584068,0.1843108140421629,0.21638934211343194
Test_149,0.06793556545868208,0.12170780135457898,0.16610668299040376,0.6442499501963349
Test_150,0.08658606406872563,0.036285212704651106,0.3974721812924534,0.47965654193416984
Test_151,0.009812148713963615,0.015138154301614004,0.9717309638828876,0.0033187331015345403
Test_152,0.02831740708841009,0.0353859343102372,0.8037553472702338,0.13254131133111888
Test_153,0.5705695801395204,0.03573955314583754,0.06520110477376014,0.3284897619408823
Test_154,0.6278024352043721,0.06137290742634572,0.24567562875129337,0.0651490286179888
Test_155,0.007206882921236355,0.031053607991896423,0.9562729074113562,0.005466601675510748
Test_156,0.2669625610920031,0.05150797351239584,0.0836672262497555,0.5978622391458454
Test_157,0.7143590069975032,0.012893449125965168,0.24295158551233967,0.029795958364192236
Test_158,0.1375939561326679,0.030341048757112788,0.04205290064493944,0.7900120944652796
Test_159,0.2914428830060454,0.03403700885705698,0.46275563513204965,0.21176447300484788
Test_160,0.5860715424940951,0.027745457889525232,0.18610842496635788,0.20007457465002143
Test_161,0.08001073723826968,0.049043294945266894,0.05478893106058326,0.81615703675588
Test_162,0.05845053156683675,0.014528762152728001,0.8517173995365118,0.07530330674392381
Test_163,0.0009859039085880472,0.03498945963919868,0.9609166306624181,0.0031080057897952874
Test_164,0.8148379709198922,0.014585810974088554,0.10187444005296517,0.06870177805305418
Test_165,0.5131757719339477,0.04240665825809283,0.075803486290256,0.36861408351770353
Test_166,0.47724196106728034,0.02279131138326495,0.1114046789970993,0.38856204855235554
Test_167,0.180865887940466,0.03286592908880479,0.7297982398133194,0.05646994315740979
Test_168,0.026842309489581707,0.09578553732338281,0.7842118911765974,0.09316026201043828
Test_169,0.15991690795979274,0.11257450604675705,0.6363153863528583,0.09119319964059153
Test_170,0.47330639241928335,0.036790054548847796,0.25944568659369754,0.23045786643817137
Test_171,0.03001879884421865,0.04406491875013275,0.8622334936541172,0.06368278875153162
Test_172,0.051569276553989636,0.014821215542149487,0.9292443502677132,0.004365157636147348
Test_173,0.003508746343572625,0.03552901005576122,0.9451998555946952,0.01576238800597081
Test_174,0.390203930545438,0.022888159144960247,0.2470256980808612,0.3398822122287404
Test_175,0.3666864169434353,0.06084442549179523,0.2720553745549356,0.3004137830098343
Test_176,0.3209052549142581,0.17292574292177454,0.27845223915686185,0.22771676300710555
Test_177,0.05202680192863824,0.03016927233652858,0.031651355452244415,0.8861525702825886
Test_178,0.23883891811420582,0.02129034202208294,0.027705788766961788,0.7121649510967496
Test_179,0.03781774278763979,0.13459398532053352,0.6446254227653803,0.1829628491264467
Test_180,0.473172607136246,0.014635259808548925,0.2871201256077588,0.22507200744744607
Test_181,0.146889840479063,0.18412098497887766,0.1175928877178663,0.5513962868241928
Test_182,0.006190644529856594,0.09760947949946853,0.808162347740998,0.08803752822967693
Test_183,0.45900955467366766,0.03003647274099495,0.3310229564050576,0.17993101618027968
Test_184,0.2787431496103639,0.03966444004356137,0.43897303859194164,0.2426193717541332
Test_185,0.5371480494284347,0.0914334805690929,0.1408700910162354,0.2305483789862368
Test_186,0.303131811889028,0.013045642744815062,0.4797494879200903,0.20407305744606677
Test_187,0.5084427095954182,0.08011963192955911,0.3397609519705928,0.07167670650442985
Test_188,0.41419400827464914,0.02593930869005961,0.1794266980258523,0.38043998500943926
Test_189,0.45313226283737823,0.03374119102209546,0.1371141237228479,0.37601242241767857
Test_190,0.31971952381536756,0.056330511952499024,0.28181619810177927,0.3421337661303542
Test_191,0.05262503588131968,0.09714189751570301,0.12384101539163454,0.7263920512113425
Test_192,0.30071574268275775,0.026268835617788932,0.16963124464899873,0.5033841770504545
Test_193,0.04902187184498062,0.050321415553422726,0.8874980720212896,0.013158640580306784
Test_194,0.028992123737054017,0.25331336417134254,0.4452920655070052,0.2724024465845982
Test_195,0.6556001294118756,0.0941270827911631,0.11549117969998186,0.13478160809697953
Test_196,0.3453221441115621,0.05511304189135398,0.40742006245957096,0.19214475153751295
Test_197,0.0841842735230649,0.07199522852673255,0.7907774715341017,0.0530430264161009
Test_198,0.04557089973102575,0.0647240801559787,0.010315704657430197,0.8793893154555654
Test_199,0.11608074707672918,0.11630117711901079,0.6241123496330543,0.14350572617120574
Test_200,0.019065918469784882,0.02883522951703106,0.8735972279401111,0.07850162407307276
Test_201,0.37919053622294585,0.03888496595630063,0.07649073423181274,0.5054337635889413
Test_202,0.003933211042736023,0.07579751019179823,0.906485600177187,0.013783678588278662
Test_203,0.09491351058399103,0.11229056098021346,0.2922495894850289,0.500546338950767
Test_204,0.6330816991102886,0.0159142068726554,0.2223271809596566,0.1286769130573996
Test_205,0.1793139778919829,0.017244002113122648,0.015058527430529886,0.7883834925643642
Test_206,0.0438558116645582,0.023727340355248032,0.0735291339433591,0.8588877140368348
Test_207,0.018156413570951074,0.08409064743890976,0.7773381440565045,0.1204147949336347
Test_208,0.47924736501035525,0.12346544040951946,0.059359483403706725,0.33792771117641857
Test_209,0.00460583247277024,0.057648507965705635,0.890581334171592,0.047164325389932
Test_210,0.23127670979540685,0.1005374252320773,0.3898680700531079,0.2783177949194081
Test_211,0.007166285563660442,0.07039310978954878,0.8974627241748536,0.024977880471937157
Test_212,0.19711666266356567,0.05702929034341345,0.7248986392607748,0.02095540773224613
Test_213,0.40401346275458155,0.18108775914523295,0.1375796327041082,0.2773191453960774
Test_214,0.06993519895511306,0.04736343717697003,0.12570342644565796,0.7569979374222591
Test_215,0.4165462720343689,0.03578033704700601,0.3582462305274127,0.18942716039121255
Test_216,0.24596972763219713,0.03598701087076526,0.3358073793656545,0.3822358821313829
Test_217,0.02157651465450482,0.10021347388717902,0.5433685801534671,0.33484143130484917
Test_218,0.7411671323249486,0.0748053297236199,0.078726146683881,0.10530139126755068
Test_219,0.33053580142642525,0.1602417295748268,0.32651254541049163,0.18270992358825638
Test_220,0.3306004130378551,0.09097576417257783,0.09673893174615829,0.48168489104340845
Test_221,0.302068590225006,0.04366364222900339,0.21905584801494105,0.43521191953105
Test_222,0.03662725657747847,0.019423351369446003,0.9111271904925655,0.03282220156051024
Test_223,0.015895318118260837,0.039837963821898345,0.7058431132109871,0.23842360484885372
Test_224,0.331777751049589,0.1111510419474838,0.15591155000382018,0.4011596569991068
Test_225,0.3413502888379364,0.04125332839628363,0.21176888730732246,0.40562749545845755
Test_226,0.10895905198149175,0.17155409263230895,0.3691568280074805,0.35033002737871877
Test_227,0.47838868991330186,0.05718401391872378,0.16366843697837846,0.3007588591895958
Test_228,0.7776006478509698,0.008374475472114631,0.18138873445868356,0.032636142218231703
Test_229,0.019513687863775817,0.1274381049424019,0.785396597579194,0.06765160961462854
Test_230,0.27480838007435565,0.022241610972207494,0.4726435639434393,0.2303064450099978
Test_231,0.054409336026076185,0.0650611678713396,0.02388381684988769,0.8566456792526967
Test_232,0.9410014371875365,0.009053913735305548,0.038952106488051114,0.010992542589106922
Test_233,0.6687291030017676,0.025296902788046482,0.12700995492411216,0.17896403928607332
Test_234,0.45413944196675776,0.04079780225667846,0.2428910767885155,0.2621716789880485
Test_235,0.05698833949549377,0.13926217275833444,0.5953114227292928,0.2084380650168789
Test_236,0.1981963336655571,0.038567251877479114,0.3334681481353759,0.4297682663215879
Test_237,0.14628357623706467,0.04963661871560817,0.18705056269333986,0.6170292423539877
Test_238,0.28004069354942296,0.04627635239051611,0.35197967859761486,0.32170327546244626
Test_239,0.041069668563003384,0.19861311793964792,0.5299205249071596,0.23039668859018933
Test_240,0.00909497115745042,0.031746021535761705,0.9035823973730295,0.05557660993375803
Test_241,0.3683737799008104,0.13954807598665225,0.2114536696179428,0.2806244744945943
Test_242,0.2557859146727973,0.04002479591333727,0.22995256686283552,0.47423672255102955
Test_243,0.7829218917219939,0.028454724017778116,0.10746026891167935,0.08116311534854859
Test_244,0.10526028189256624,0.10253354084874794,0.37852272446922003,0.41368345278946617
Test_245,0.06401715535709579,0.09335257677535966,0.6467452270660304,0.1958850408015142
Test_246,0.343889247002923,0.04507487624344668,0.06376397809637595,0.5472718986572545
Test_247,0.01984741945900268,0.03827126378625711,0.030119777243600328,0.9117615395111398
Test_248,0.5769542787756583,0.08250051573893862,0.16723504581129423,0.17331015967410907
Test_249,0.44754225448527557,0.0222543196644568,0.10635660420467724,0.4238468216455901
Test_250,0.6196199956094629,0.030129000146520354,0.29127544207758926,0.05897556216642751
Test_251,0.3364459395766651,0.04432686427324984,0.09859062396124756,0.5206365721888375
Test_252,0.056477267542891875,0.08109223689321889,0.6531975834209821,0.20923291214290707
Test_253,0.0757642640187222,0.04533515909811037,0.031931395911882474,0.846969180971285
Test_254,0.2183345030993685,0.027269521848821324,0.03599936269347521,0.7183966123583352
Test_255,0.26215965169604594,0.06317926967429219,0.18513681984881603,0.4895242587808463
Test_256,0.06629444654753792,0.030100239903315364,0.060256422122796104,0.8433488914263504
Test_257,0.016384979290009268,0.03303731399230542,0.9340595728035611,0.016518133914124416
Test_258,0.07685423527842429,0.07411515759399696,0.6215863663257795,0.22744424080179917
Test_259,0.1620754714888439,0.02572929851755476,0.7651690426909734,0.04702618730262756
Test_260,0.2927482738102344,0.029788211823340974,0.07161267567069941,0.6058508386957249
Test_261,0.019189916048761222,0.08014990786673648,0.8795152016273851,0.021144974457117553
Test_262,0.1205266134533605,0.1276584973268117,0.5287604424061354,0.22305444681369263
Test_263,0.28378941878244174,0.059601503781510995,0.11280775167536472,0.5438013257606826
Test_264,0.27428160528957257,0.034446285479317176,0.6298170773394152,0.06145503189169496
Test_265,0.1544082823424512,0.08431299542738853,0.1206254198422769,0.6406533023878835
Test_266,0.07942297823017079,0.02630239147785054,0.029929145832942518,0.8643454844590364
Test_267,0.799083305842282,0.02626878699702299,0.034489307772695516,0.1401585993879994
Test_268,0.02317135978991645,0.06823512886398744,0.5932594241581672,0.3153340871879286
Test_269,0.32010173992071383,0.019140546273589364,0.3219161599091071,0.3388415538965902
Test_270,0.3859768859246729,0.04189454410405836,0.013764935118033905,0.5583636348532346
Test_271,0.5188393478960888,0.023638894110327543,0.28900956895971996,0.16851218903386359
Test_272,0.024842014807411668,0.0344530475108943,0.902996011341959,0.03770892633973474
Test_273,0.5487927168854859,0.015841262128713108,0.05221045397472235,0.38315556701107883
Test_274,0.008933559927528341,0.02928639861645229,0.955765024861729,0.00601501659429057
Test_275,0.08933407540949088,0.1638987926771204,0.5296885126347715,0.21707861927861727
Test_276,0.0386167377351399,0.06087189540444074,0.39807757587692866,0.5024337909834906
Test_277,0.37299084489865514,0.06701209672196806,0.17927467051492735,0.3807223878644496
Test_278,0.05855311083543366,0.03869859301339686,0.07054355064171254,0.832204745509457
Test_279,0.38297458603785134,0.011537799333088138,0.47607269971583566,0.12941491491322493
Test_280,0.36231100937225674,0.050960030335278565,0.34159587434569066,0.2451330859467741
Test_281,0.4785041901785711,0.012972490862037578,0.3794231008911766,0.12910021806821445
Test_282,0.16319543469460315,0.08540386395988614,0.11845419444765859,0.6329465068978526
Test_283,0.009257217498705053,0.019985698401810432,0.9352317794016447,0.03552530469783977
Test_284,0.02714276680514097,0.05152973528852261,0.7376935198103934,0.1836339780959427
Test_285,0.38998600611898465,0.030769928728019105,0.19784343852129038,0.38140062663170565
Test_286,0.43425652325725705,0.013159529056286222,0.3644503314649633,0.1881336162214933
Test_287,0.6183253039967196,0.05776430688695388,0.25886611620375277,0.06504427291257399
Test_288,0.04968194814842105,0.05026849896747082,0.04088759509068243,0.8591619577934257
Test_289,0.0636706996826722,0.033666223715274536,0.030672280523983863,0.8719907960780693
Test_290,0.26834604816306934,0.17071841764042214,0.14142977250201644,0.4195057616944928
Test_291,0.08137258323988639,0.057932530861823345,0.8392501495639338,0.021444736334356247
Test_292,0.47814746127304236,0.14884517949073967,0.21732945819321672,0.15567790104300114
Test_293,0.005698198883083917,0.030022594507605613,0.9613996087216197,0.0028795978876909136
Test_294,0.04962040577963058,0.04065541507665576,0.861508918093207,0.04821526105050694
Test_295,0.35090281184055594,0.07096711348191558,0.29784906164982217,0.28028101302770625
Test_296,0.07918618573574074,0.02911199269891228,0.612849993690167,0.27885182787518015
Test_297,0.030101109222452634,0.02828888769686156,0.5299940941100589,0.4116159089706272
Test_298,0.14866631806470837,0.11760393131955246,0.5152744340691932,0.21845531654654568
Test_299,0.2135334017287815,0.04660140570696142,0.3911278436942258,0.34873734887003127
Test_300,0.4976166814187363,0.033887923523167676,0.3416475133810057,0.12684788167709027
Test_301,0.7250773251486905,0.014626870748553636,0.12962651425620753,0.1306692898465484
Test_302,0.055498364626906944,0.03654796244900662,0.7052471037570811,0.20270656916700505
Test_303,0.4652664614143749,0.025929817374057806,0.1770579520546045,0.33174576915696297
Test_304,0.6120062990142836,0.022174097782831814,0.1739904072028275,0.1918291960000567
Test_305,0.14206054681273783,0.037552678137159616,0.5600192241873195,0.2603675508627828
Test_306,0.5375683760802815,0.028904223737127074,0.3527429925012464,0.08078440768134527
Test_307,0.1331222997336343,0.023041825356534134,0.12762647156219734,0.7162094033476339
Test_308,0.14047968916068695,0.12495403386606357,0.4910520256992883,0.24351425127396123
Test_309,0.021750659114209207,0.15820776493834912,0.4411860719102257,0.37885550403721563
Test_310,0.011486969922095025,0.19303762242337896,0.532181144144444,0.26329426351008217
Test_311,0.036949550907803094,0.183192414274305,0.6115681194745883,0.1682899153433034
Test_312,0.25871231871422895,0.05903688502529931,0.027383910123820153,0.6548668861366513
Test_313,0.23044850324128416,0.05781903864544357,0.17525657103196027,0.536475887081312
Test_314,0.3206329512709589,0.035966919906974475,0.31235620526317226,0.3310439235588946
Test_315,0.11818557579253612,0.05444810447989484,0.027860308157718883,0.7995060115698501
Test_316,0.36388598249778575,0.01698628972461428,0.5884613761617904,0.030666351615809603
Test_317,0.05837742559960922,0.018871912422461518,0.9149585704326565,0.007792091545272553
Test_318,0.3062227817146204,0.03159550686796845,0.014650801859116856,0.6475309095582944
Test_319,0.009794119081493103,0.07636450538277269,0.8865570377816082,0.02728433775412607
Test_320,0.05110955374798906,0.08308365312523369,0.841759750160036,0.02404704296674107
Test_321,0.4805984979016373,0.04510457042976446,0.2915504899602045,0.18274644170839396
Test_322,0.4106073660517636,0.034272108743259325,0.17325153977196725,0.3818689854330099
Test_323,0.7168707087916386,0.04160233172830931,0.16734839656528333,0.07417856291476875
Test_324,0.30167264167020913,0.06334217199121943,0.5467837185327009,0.0882014678058708
Test_325,0.14860105624090997,0.04065905289925106,0.4418842173035853,0.3688556735562538
Test_326,0.009452995831858062,0.06695633768809323,0.7930879821095908,0.13050268437045778
Test_327,0.032350390555869454,0.03994552400264027,0.011240180936089677,0.9164639045054007
Test_328,0.1793467257306743,0.02512462356843961,0.7264929388076836,0.06903571189320272
Test_329,0.04078362724629426,0.01496285728573133,0.9398966576338277,0.004356857834146668
Test_330,0.16312857716653362,0.24232072835482865,0.34271823060588624,0.25183246387275177
Test_331,0.31382782468403214,0.022261932155946497,0.11733805275646457,0.546572190403557
Test_332,0.6794830985029683,0.05273993349832588,0.17753403548325594,0.09024293251544985
Test_333,0.23062122012861613,0.08845822254934076,0.5726626929045093,0.1082578644175335
Test_334,0.020493766472657906,0.03146613930386217,0.8366690672978692,0.11137102692561042
Test_335,0.7533773238349936,0.024184636693066388,0.06412206913937869,0.15831597033256128
Test_336,0.19633184270818688,0.04117521778810482,0.5861371428461105,0.17635579665759793
Test_337,0.6902391940814202,0.01844767961874671,0.04897534161979209,0.24233778468004144
Test_338,0.3109737470841678,0.016658839004807066,0.09283355088711166,0.5795338630239133
Test_339,0.36967796604848774,0.0760690414224429,0.32000733398272097,0.23424565854634857
Test_340,0.48266104276353117,0.07347330839658159,0.28325025096462464,0.1606153978752628
Test_341,0.5182967733332261,0.10357768037713437,0.11779934329049588,0.2603262029991432
Test_342,0.8491493819816832,0.0421503915198966,0.02800386466373566,0.08069636183468475
Test_343,0.17207167561471315,0.07489293658158751,0.3373269213453011,0.4157084664583981
Test_344,0.0028170239491137282,0.04278084065848883,0.9378710447926024,0.016531090599795
Test_345,0.07044930580633893,0.14510171850262327,0.22879076019934627,0.5556582154916919
Test_346,0.01680123873893722,0.09277550991181252,0.7905875327823391,0.09983571856691142
Test_347,0.061028442407150545,0.03699821011391103,0.0738985213501613,0.8280748261287773
Test_348,0.33010973333847177,0.04277080154989732,0.22557640988025063,0.4015430552313804
Test_349,0.22292863967574836,0.03675667304865907,0.01727667954750326,0.7230380077280896
Test_350,0.03849410037988229,0.059720163231224116,0.3498008684978808,0.551984867891013
Test_351,0.004755243964140171,0.06097123322810466,0.8991581523079911,0.03511537049976368
Test_352,0.35317002247601714,0.16132237523770912,0.16756839084151814,0.31793921144475523
Test_353,0.3058481467835562,0.04980932827493715,0.20263267978371008,0.4417098451577965
Test_354,0.2858372409706071,0.04990002084599424,0.35900131348309466,0.305261424700304
Test_355,0.3565978550817284,0.05627815254424833,0.11648820658667226,0.47063578578735105
Test_356,0.28368587544633206,0.11346650972165837,0.17328058003629773,0.42956703479571173
Test_357,0.4143564402677906,0.0372778571785962,0.41234483606608613,0.1360208664875272
Test_358,0.7373161546869134,0.0722820759735058,0.05061895647781999,0.13978281286176042
Test_359,0.013696903545320991,0.03797074977179364,0.01089350668503662,0.937438839997849
Test_360,0.5584937954832797,0.04667359871193135,0.15938858793304184,0.23544401787174732
Test_361,0.7427962207096325,0.02469571960958878,0.15869949431575678,0.073808565365022
Test_362,0.26975710551278304,0.041034288109752404,0.27050888785926963,0.4186997185181951
Test_363,0.1333531151279238,0.09708004170437996,0.2339491775875454,0.535617665580151
Test_364,0.14893800152686823,0.045939256390144546,0.729214089248525,0.07590865283446213
Test_365,0.34460338862145334,0.025251859117355654,0.5862576719277361,0.04388708033345458
Test_366,0.10619440969184275,0.22283844315478143,0.4706473371407938,0.2003198100125821
Test_367,0.25560354961707704,0.04673901923120955,0.39908730876228365,0.2985701223894298
Test_368,0.21109255561019452,0.02462857221394574,0.3202524648784205,0.4440264072974396
Test_369,0.042735172653012014,0.0882743841754803,0.06998315033430488,0.7990072928372035
Test_370,0.11310003785561276,0.029111276564809562,0.7255131948744747,0.13227549070510283
Test_371,0.21554883827035448,0.05658265324526675,0.6865187926506231,0.041349715833755796
Test_372,0.1827735524246859,0.0711285268718268,0.2348364754027361,0.5112614453007509
Test_373,0.04601110414844374,0.09538176929613604,0.7282518583330093,0.13035526822241075
Test_374,0.032100282918922945,0.05396085881257645,0.8802521630286512,0.033686695239849504
Test_375,0.40034614316754663,0.07975753573000043,0.03254208202151733,0.48735423908093545
Test_376,0.19365045335700803,0.08562446410261114,0.2604809551783578,0.46024412736202336
Test_377,0.6610229757818393,0.015736974069152143,0.11195573975966329,0.21128431038934534
Test_378,0.29934048161509225,0.051600799029060125,0.5816583069727179,0.06740041238312927
Test_379,0.07145385547189444,0.04995256001719437,0.8336120668976986,0.04498151761321232
Test_380,0.05913764622814302,0.07487027543200948,0.6196962947033651,0.24629578363648244
Test_381,0.6973407723515398,0.03831570205483975,0.09210779622068531,0.17223572937293533
Test_382,0.6551841508140224,0.019604032533157154,0.086966671182163,0.23824514547065723
Test_383,0.49491658836576735,0.06469188135539594,0.2045756591361855,0.23581587114265137
Test_384,0.3539041016199459,0.03904392002554039,0.2704119356691828,0.3366400426853313
Test_385,0.3152040124097383,0.08062017490608826,0.10579671941886204,0.4983790932653115
Test_386,0.008214612453014853,0.09389473840810637,0.7584013346115794,0.1394893145272992
Test_387,0.16560656193435244,0.048821794467706146,0.019353614265410102,0.7662180293325314
Test_388,0.2819960096499736,0.027790202233612536,0.1922695957487083,0.49794419236770565
Test_389,0.03721932665807515,0.03508033958447309,0.9093920927813862,0.018308240976065624
Test_390,0.19067864691591602,0.04484548365776868,0.40306124465949733,0.36141462476681796
Test_391,0.017811853480662564,0.028332950478755677,0.9188049547308155,0.03505024130976619
Test_392,0.03145619905132454,0.16911390870039844,0.6987041619245457,0.10072573032373153
Test_393,0.029802148999607692,0.13365509027551606,0.27728343128387783,0.5592593294409988
Test_394,0.3712383390916537,0.055294407163714185,0.11034271142075251,0.46312454232387984
Test_395,0.5304879669366613,0.03267212592467094,0.25903309310550865,0.17780681403315904
Test_396,0.26776621062379397,0.037211250778562924,0.23472411712913316,0.4602984214685102
Test_397,0.30822039885033103,0.06726452669473108,0.05304234655097219,0.5714727279039657
Test_398,0.1728252005657712,0.04745150059478592,0.3536095961877697,0.42611370265167325
Test_399,0.38871443433438063,0.038837009212626006,0.1913637806300322,0.381084775822961
Test_400,0.09448500553863516,0.0692951969889384,0.40028398420229927,0.43593581327012715
Test_401,0.04641604028370666,0.07333178030057277,0.84756389989747,0.03268827951825046
Test_402,0.22482759737990984,0.036812015391305894,0.10519969460969587,0.6331606926190885
Test_403,0.016138461241591795,0.18152465018047276,0.5575972644239875,0.24473962415394793
Test_404,0.19076938794507833,0.014216012615631837,0.07351341999372046,0.7215011794455694
Test_405,0.1513329121117234,0.03668955936426111,0.01352000643513081,0.798457522088885
Test_406,0.021769208754651576,0.05636395091860535,0.03405062831352016,0.8878162120132229
Test_407,0.017190762939046065,0.0422926040494189,0.007189627976282504,0.9333270050352523
Test_408,0.21717877304905692,0.030487085492156177,0.02308940310615157,0.7292447383526354
Test_409,0.02546288848342388,0.10034667727750017,0.7935066869861944,0.08068374725288187
Test_410,0.21687230622143644,0.09392240553906443,0.059298098752654356,0.6299071894868447
Test_411,0.4189631174120906,0.05107955187586213,0.19251723528587622,0.33744009542617104
Test_412,0.006962472763761146,0.11460082587728507,0.307138883620519,0.5712978177384346
Test_413,0.1933308121778629,0.03566845670289635,0.690189687637996,0.08081104348124496
Test_414,0.2064315390368882,0.1334014455757508,0.23245935965312214,0.427707655734239
Test_415,0.006313588878900415,0.06036596732040383,0.9106857943577612,0.022634649442934324
Test_416,0.16794445429693625,0.0673879866330975,0.19507422089686566,0.5695933381731009
Test_417,0.04442366186245175,0.023572269366293374,0.929441315972048,0.002562752799206685
Test_418,0.8227339724381063,0.012158830197956879,0.10582021095563458,0.05928698640830249
Test_419,0.5073449571015282,0.05567612053177597,0.1340443592072971,0.30293456315939893
Test_420,0.007161269401721649,0.049009438249902774,0.8921942595168169,0.0516350328315589
Test_421,0.2096135912660564,0.05876189410579143,0.217774388498501,0.5138501261296511
Test_422,0.3932293332398819,0.04115608752063653,0.20900899717539087,0.35660558206409054
Test_423,0.06364701470284995,0.22330817737730657,0.22431558463348808,0.48872922328635543
Test_424,0.05111411015236266,0.06346713016887386,0.8442493235314531,0.041169436147310556
Test_425,0.15653352358877293,0.11680289069232973,0.12149304753264877,0.6051705381862486
Test_426,0.06052383185806089,0.026712608041247483,0.8708407242489105,0.04192283585178131
Test_427,0.08211922542634278,0.06780511799647104,0.10158035506256498,0.7484953015146211
Test_428,0.06388727245059185,0.052085012202178815,0.017187773657553966,0.8668399416896753
Test_429,0.07691200585079946,0.0683370787707747,0.30079041821179786,0.5539604971666282
Test_430,0.010623772212509357,0.04850093921297498,0.9057208777928124,0.03515441078170321
Test_431,0.12617374100357628,0.024557716050741387,0.31041276671220897,0.5388557762334736
Test_432,0.387411663870519,0.12035919908610104,0.08555503588153002,0.4066741011618501
Test_433,0.01820037040270066,0.03420224745756794,0.007314004042404037,0.9402833780973274
Test_434,0.22896903172164523,0.0808336433762721,0.3700056549767893,0.3201916699252936
Test_435,0.6218846753772197,0.011336552576474321,0.24729839208432466,0.1194803799619814
Test_436,0.46571195549972233,0.09739119278952839,0.09916249983075438,0.33773435187999484
Test_437,0.15771664053319526,0.07917491942368067,0.55406237615864,0.2090460638844842
Test_438,0.034397477574242705,0.04927470971406272,0.813007238559621,0.10332057415207398
Test_439,0.07238133785165485,0.1679665999307315,0.6745567308978814,0.08509533131973226
Test_440,0.006146500080166751,0.06521249645921477,0.9042614498188541,0.024379553641764133
Test_441,0.2978717388257963,0.01764255791023224,0.1430687952657719,0.5414169079981995
Test_442,0.24150941004414603,0.040408050289344466,0.19602342612706924,0.52205911353944
Test_443,0.04018006031547819,0.08465811564595974,0.023109075136142066,0.8520527489024202
Test_444,0.6796156828638513,0.0605304943586242,0.10480719022367838,0.15504663255384643
Test_445,0.018275743187128993,0.0340173444213336,0.894442861960537,0.05326405043100012
Test_446,0.4165858846162872,0.021156360780771148,0.15822926447972438,0.4040284901232175
Test_447,0.17399255992078116,0.06272534787042558,0.6872035374720997,0.07607855473669328
Test_448,0.03533282709198374,0.17467406480831563,0.7037210648321669,0.0862720432675335
Test_449,0.24458271800295195,0.15292027862469124,0.19798900316290782,0.40450800020944916
Test_450,0.13082454149511327,0.010193564346470991,0.7346891569605627,0.12429273719785298
Test_451,0.026622748756281123,0.1409609921827541,0.7492091436714307,0.08320711538953411
Test_452,0.275998506379088,0.026396302282826245,0.5639280085810194,0.13367718275706625
Test_453,0.03347029685460242,0.05102264233805416,0.0912244759234682,0.8242825848838752
Test_454,0.2347242093913992,0.06532920160232403,0.47727448167435094,0.22267210733192583
