image_id,healthy,multiple_diseases,rust,scab
Test_0,0.010994896187502165,0.13923608714385735,0.8367653214377941,0.013003695230845892
Test_1,0.21884829836076555,0.07885451483328637,0.4670662361420262,0.23523095066392188
Test_2,0.11110085652440219,0.006600172926185452,0.17382000544984755,0.7084789650995649
Test_3,0.48385435517441855,0.0924610213459593,0.06354408939210318,0.360140534087519
Test_4,0.21176039364248775,0.10789053525442098,0.5917695309688306,0.08857954013426066
Test_5,0.5517130300132667,0.00985875098722971,0.15276534501370712,0.28566287398579665
Test_6,0.4355851660430363,0.041300293497151475,0.15008233614103958,0.3730322043187728
Test_7,0.07303599369668255,0.14541551697963484,0.6647770642120421,0.11677142511164047
Test_8,0.2140825601972907,0.30909886190240327,0.0649310995230531,0.41188747837725304
Test_9,0.270479607156175,0.03934731284313512,0.6062248577711208,0.0839482222295692
Test_10,0.013532918055802062,0.058198115728367035,0.9172067713133634,0.011062194902467657
Test_11,0.029993914866519266,0.0297086195526475,0.920260821087744,0.02003664449308938
Test_12,0.2877307117775693,0.09204909264674303,0.039462383026283306,0.5807578125494043
Test_13,0.5061505075192033,0.03014530682525374,0.39036049070837725,0.07334369494716554
Test_14,0.004183559935227685,0.046649307169882664,0.9469588713208826,0.002208261574006815
Test_15,0.11175565773919083,0.03617463290828752,0.8388660814584081,0.01320362789411356
Test_16,0.2126041073686093,0.026689705477435408,0.05560766642747129,0.7050985207264843
Test_17,0.04031438472991267,0.06863554502438185,0.6082120394294526,0.28283803081625297
Test_18,0.44057651450217433,0.06807101265768196,0.18281619713183742,0.308536275708306
Test_19,0.055360691877316556,0.059800331887066085,0.8482907869528868,0.036548189282730695
Test_20,0.7349503030420014,0.009733087557799041,0.058603584991362395,0.19671302440883703
Test_21,0.37652923802711247,0.014076573129925498,0.14688143330781397,0.46251275553514815
Test_22,0.6624356588551891,0.03931434306942976,0.24136415216236232,0.05688584591301853
Test_23,0.10847307859379823,0.09008466090848617,0.3206869931823744,0.48075526731534113
Test_24,0.23762800051716898,0.02797914180133868,0.11281374755845602,0.621579110123036
Test_25,0.5475062278731875,0.051762239699728735,0.14489792376870253,0.25583360865838145
Test_26,0.0791434401762036,0.029083899495459316,0.20968372959936496,0.6820889307289725
Test_27,0.12836267556336603,0.11734695991867045,0.6943845700811815,0.05990579443678191
Test_28,0.5428113556034685,0.0287013914701685,0.18584435888296216,0.24264289404340111
Test_29,0.5474957434406411,0.08792957650995098,0.1932471480085129,0.1713275320408953
Test_30,0.4028647055043216,0.13745288994235694,0.2941310426141207,0.16555136193920067
Test_31,0.0023532782388999618,0.11461139080415425,0.8774071146884669,0.005628216268478929
Test_32,0.3603068841261278,0.027679564195245896,0.059888239887218836,0.5521253117914072
Test_33,0.09748197860179847,0.019594572569072547,0.022801201850036663,0.8601222469790922
Test_34,0.2617502320393645,0.08069245288360068,0.1199444306302453,0.5376128844467897
Test_35,0.020421351888430993,0.020331209061569946,0.08605988954741836,0.8731875495025806
Test_36,0.013297902805536561,0.10387536586815725,0.8601677992355067,0.022658932090799465
Test_37,0.19744351586536832,0.0052034721623466194,0.011374244023527734,0.7859787679487569
Test_38,0.15966907079814663,0.054474219849838496,0.029442220671654685,0.7564144886803597
Test_39,0.06808681872828229,0.008767415457119829,0.28844826409997987,0.6346975017146181
Test_40,0.5530198238215422,0.045517210701286274,0.2127445050138775,0.18871846046329382
Test_41,0.08913727833889315,0.08937426913110762,0.7793167960301254,0.042171656499874
Test_42,0.11284686537761944,0.09897204563559417,0.0573126774184593,0.7308684115683272
Test_43,0.10057545287349423,0.008474915492943344,0.8668316608522193,0.024117970781343024
Test_44,0.3658153093905601,0.09511966748221132,0.07025006768361845,0.46881495544361024
Test_45,0.3971156705866508,0.07733163178257335,0.1640031303036078,0.36154956732716803
Test_46,0.08275101287298728,0.01582780447158029,0.009784555807292563,0.8916366268481398
Test_47,0.06945822448518013,0.09007337565259532,0.7924896234588269,0.047978776403397545
Test_48,0.012882705750881374,0.0499288054584766,0.9257434264443017,0.011445062346340368
Test_49,0.02148698180698401,0.07222207656039208,0.8859322187479081,0.02035872288471572
Test_50,0.011990065238748179,0.05751898784894406,0.9242406467061802,0.006250300206127506
Test_51,0.048190874685532036,0.07548685830075665,0.7073307697194791,0.168991497294232
Test_52,0.05205736338679274,0.12221459495252916,0.8119315705810741,0.013796471079603908
Test_53,0.04613171470951342,0.07636264514420675,0.8606997311497312,0.016805908996548508
Test_54,0.018877482975728704,0.05846015956218026,0.9123593342919776,0.0103030231701137
Test_55,0.3310477921437459,0.052882112650762675,0.054442469889898065,0.5616276253155933
Test_56,0.0873064039574288,0.02746259365953175,0.1270495491461981,0.7581814532368415
Test_57,0.6196428119634261,0.006648109880538982,0.09971454804794112,0.27399453010809366
Test_58,0.14533335009440734,0.029212065450843143,0.0660731194787205,0.7593814649760291
Test_59,0.07700416080867224,0.12917595035883495,0.5260113789746883,0.2678085098578049
Test_60,0.03525509319871761,0.13026902905457863,0.17534859914575412,0.6591272786009498
Test_61,0.6305694450807734,0.04775171296454751,0.1413206192604087,0.18035822269427046
Test_62,0.2623789643191876,0.008619501920523335,0.6062983737267822,0.12270316003350723
Test_63,0.11826481358760711,0.04377735892849806,0.3088888577354894,0.5290689697484057
Test_64,0.5525132902917707,0.022847950809327538,0.09216196332599727,0.3324767955729045
Test_65,0.09577608103434894,0.0702521049717026,0.6137999498047642,0.22017186418918405
Test_66,0.8368828283526472,0.018092115253170275,0.10391439855946401,0.04111065783471847
Test_67,0.0655515439975828,0.07787598759999467,0.7898128946371039,0.06675957376531859
Test_68,0.10809922654669685,0.03814609037591595,0.047028257266981635,0.8067264258104058
Test_69,0.0591861205003045,0.062419290883784485,0.8505022681028329,0.02789232051307784
Test_70,0.1316987812640923,0.1036331606974546,0.2826213502459282,0.48204670779252473
Test_71,0.13731578795472552,0.04191343018816961,0.7875742253049456,0.033196556552159244
Test_72,0.18682831135708258,0.1443349959214752,0.24806881103389972,0.4207678816875428
Test_73,0.8786099277381311,0.008249607638487587,0.059613019108632814,0.05352744551474856
Test_74,0.27843395160775947,0.02681396247622603,0.5209186078450232,0.17383347807099134
Test_75,0.2920869282905354,0.03452741535321275,0.20058621326542822,0.47279944309082345
Test_76,0.14966600093373902,0.10040442599496875,0.11396347765548547,0.6359660954158068
Test_77,0.1651791615712731,0.02121727973828909,0.4509943746306295,0.36260918405980835
Test_78,0.14631219975052406,0.12691662888758332,0.16649105852218882,0.5602801128397039
Test_79,0.3098618046356161,0.11506043223292588,0.45959793694298673,0.11547982618847139
Test_80,0.18210404760944404,0.06033218258326986,0.5790759106619182,0.17848785914536772
Test_81,0.04038654543192828,0.15158277019920594,0.7761486358667294,0.03188204850213647
Test_82,0.2554421864232827,0.030833397272181224,0.5636567953010664,0.1500676210034696
Test_83,0.37856840829156324,0.12518324026853023,0.30961076213769784,0.18663758930220908
Test_84,0.22723788235441258,0.0009946954479453634,0.03578609653888329,0.7359813256587587
Test_85,0.15155379641374866,0.003095109239742518,0.7342276240821636,0.11112347026434496
Test_86,0.07653356125995885,0.084831321947593,0.7784015216994276,0.06023359509302067
Test_87,0.49769740294567427,0.04135641997758559,0.15370695907558896,0.3072392180011512
Test_88,0.21362553255399622,0.13294307144124445,0.04666155591454699,0.6067698400902122
Test_89,0.2732046168258195,0.02054896738083784,0.43156322674981434,0.27468318904352823
Test_90,0.10474902474011123,0.10466663824123101,0.7402266105417917,0.05035772647686622
Test_91,0.5783259658479089,0.037022413448046194,0.1555003650087802,0.22915125569526476
Test_92,0.3201122604609446,0.05629991618759026,0.15302757024682395,0.47056025310464095
Test_93,0.014225747556534859,0.1472486872978796,0.8179240605497079,0.020601504595877757
Test_94,0.238345716814311,0.015673737179730706,0.060948181254832236,0.685032364751126
Test_95,0.3829398944069595,0.11981477000189002,0.2574949382592344,0.23975039733191622
Test_96,0.28985205720083806,0.007854949789560556,0.019134204100112604,0.6831587889094889
Test_97,0.41481605706438424,0.07988630860391564,0.14651058531663444,0.3587870490150653
Test_98,0.31730061420202466,0.1560844276456629,0.27042332597907426,0.2561916321732383
Test_99,0.17126520129734482,0.07410115021931883,0.17114742211518819,0.5834862263681482
Test_100,0.14878276157630252,0.10228913401440086,0.034909919199293205,0.7140181852100032
Test_101,0.3426641527573551,0.04330335439788227,0.2728809953600989,0.341151497484664
Test_102,0.28477069608792105,0.07721356983845655,0.16615966847077784,0.47185606560284454
Test_103,0.1850342269457173,0.15125905039540644,0.12156177171441726,0.5421449509444591
Test_104,0.27940299189656564,0.024351347680177396,0.03298871578978297,0.6632569446334741
Test_105,0.07125413419171081,0.002232689680226587,0.01107114194286015,0.9154420341852023
Test_106,0.5754482298965514,0.04350716997683686,0.14099755136549946,0.24004704876111202
Test_107,0.04771447764529593,0.1940363547792465,0.6830720228737385,0.07517714470171895
Test_108,0.2844735687713704,0.03850216366835024,0.10635770982309385,0.5706665577371858
Test_109,0.5544236577964277,0.1371671309914252,0.11499149680823491,0.19341771440391176
Test_110,0.4039162571122516,0.056251176578867856,0.07350784759825796,0.4663247187106227
Test_111,0.06520880229727434,0.0052454054633890605,0.054010624764512946,0.8755351674748235
Test_112,0.02116247314893492,0.12238510445683518,0.755433973651455,0.10101844874277503
Test_113,0.6414084311411353,0.03331826465105242,0.11928893014181492,0.20598437406599754
Test_114,0.28200608166022606,0.14250218767846387,0.1788719815746149,0.3966197490866952
Test_115,0.20488053718856067,0.02356448433728752,0.07302805528555692,0.6985269231885951
Test_116,0.35088344899058255,0.08054666823494935,0.32060761973892954,0.2479622630355384
Test_117,0.012230409866205457,0.06452159254591522,0.9043585061708976,0.018889491416981822
Test_118,0.05801820394752307,0.07641870624043863,0.834026153253407,0.03153693655863123
Test_119,0.37490778229917904,0.060504036704849655,0.2178704635319657,0.34671771746400576
Test_120,0.012209582872163777,0.019102830103578248,0.9624659853409998,0.006221601683258402
Test_121,0.16367254418546417,0.07491857052127165,0.5014604562680886,0.2599484290251755
Test_122,0.040823884402803066,0.08524043908879375,0.7597403619929517,0.11419531451545147
Test_123,0.0009515557167565836,0.04329520436274778,0.9541974614236514,0.0015557784968440924
Test_124,0.7258894253608437,0.037016911771702556,0.06183175852418021,0.1752619043432734
Test_125,0.19906770826105893,0.17546896820847777,0.10175302931620753,0.5237102942142556
Test_126,0.5295200604927507,0.10097239976892486,0.23820028637274163,0.13130725336558277
Test_127,0.332976227285744,0.06750383745099552,0.05094855369011968,0.5485713815731408
Test_128,0.03598586102757578,0.00097754781647418,0.03265808703129515,0.930378504124655
Test_129,0.009947693229198284,0.03304458269120636,0.9415067667485606,0.015500957331034727
Test_130,0.5087449808475718,0.030893878856554084,0.03711679005553237,0.4232443502403416
Test_131,0.17836252291533716,0.04981877774636677,0.05887682296271389,0.7129418763755822
Test_132,0.4972382147670095,0.05073632853583727,0.23370042898271812,0.21832502771443518
Test_133,0.10100561245028644,0.09476043182691832,0.16405156161265785,0.6401823941101372
Test_134,0.15178152421509442,0.003989533617289677,0.023911315097778336,0.8203176270698374
Test_135,0.38754377243336896,0.05885189077181245,0.15345964418562,0.4001446926091986
Test_136,0.06892814693640048,0.0679682859907535,0.059491123492615865,0.8036124435802303
Test_137,0.027852373578696486,0.054314910104024464,0.8883562357440281,0.029476480573250738
Test_138,0.002391347732233099,0.06802474793788348,0.9258269313529575,0.0037569729769260985
Test_139,0.9132969297690832,0.04607809708789277,0.015567903500155274,0.025057069642868753
Test_140,0.24909672094475604,0.05568581321498227,0.5106999670860822,0.18451749875417953
Test_141,0.10322093566744923,0.0033716245926154204,0.0341089249554432,0.8592985147844919
Test_142,0.24684383023788395,0.12069609090695231,0.5086208267285959,0.12383925212656793
Test_143,0.4079666706153554,0.026096938075939453,0.05502690603044553,0.5109094852782599
Test_144,0.3472200870681196,0.1532976763772646,0.3138383332478501,0.18564390330676592
Test_145,0.4482482297940949,0.05116019074061299,0.2525765029237784,0.24801507654151367
Test_146,0.012713600502214598,0.07312560026950543,0.8977415667656307,0.016419232462649192
Test_147,0.05364641658425279,0.047634570583149675,0.8200520987798241,0.07866691405277325
Test_148,0.31837424661450714,0.04254837717559077,0.532767362373564,0.10631001383633809
Test_149,0.08771452548472035,0.11928181632861135,0.4005050788884214,0.3924985792982469
Test_150,0.5081066000472957,0.029535831479701787,0.19558243085640045,0.2667751376166022
Test_151,0.13939946276867,0.09588597558385314,0.7109346746211309,0.05377988702634605
Test_152,0.02093640342958882,0.02899243635798929,0.9299055527647003,0.02016560744772104
Test_153,0.8126991508566339,0.006051024011231303,0.01127307301321345,0.16997675211892155
Test_154,0.11980647904149534,0.06065672882132244,0.7905131108377003,0.029023681299481883
Test_155,0.009204239111805058,0.07479114913667063,0.9039722953657519,0.012032316385772936
Test_156,0.05875217478114992,0.0051010482264859935,0.013688162162558117,0.9224586148298058
Test_157,0.06850705320975935,0.046644978072543655,0.8382774629520308,0.04657050576566619
Test_158,0.13707648919093862,0.0068032225264117365,0.030841869281366906,0.8252784190012828
Test_159,0.08274215103104741,0.0028483897859239203,0.8294410708054151,0.08496838837761353
Test_160,0.6444512676224802,0.051733844997483375,0.1971289091137861,0.10668597826625052
Test_161,0.17235330286393383,0.07997276477912156,0.1819617405792605,0.5657121917776842
Test_162,0.08708733467197853,0.01731620540214056,0.8857439276590483,0.009852532266832408
Test_163,0.0040769218655949775,0.06784449478021602,0.9227387845474283,0.005339798806760772
Test_164,0.6060229479770722,0.0345032740844682,0.12744926906434736,0.23202450887411225
Test_165,0.3390683037254959,0.09595366043973697,0.12392381278741893,0.4410542230473482
Test_166,0.5722439065784791,0.01524890619377939,0.134385277826829,0.27812190940091225
Test_167,0.03465508363373232,0.004406123510585464,0.9442117256994178,0.016727067156264413
Test_168,0.07670489456397395,0.04437195435002035,0.8430823817934506,0.03584076929255498
Test_169,0.6229166221528036,0.03849064346677189,0.22828194669013402,0.11031078769029043
Test_170,0.03614017402012653,0.03686025351679272,0.8965375868638742,0.030461985599206574
Test_171,0.04176478582597394,0.10643425528506395,0.7960585530607751,0.05574240582818715
Test_172,0.10347374152836947,0.03553541366135747,0.8290311689746039,0.031959675835668964
Test_173,0.049961232154053146,0.07109159359116841,0.7968541818082429,0.0820929924465355
Test_174,0.6319348304660465,0.04046602506296398,0.1375748875590101,0.19002425691197933
Test_175,0.5298436870502705,0.029133544362150675,0.08807824498879144,0.35294452359878725
Test_176,0.280505988380776,0.08217590888465319,0.5704275448561981,0.06689055787837246
Test_177,0.14642327623347506,0.01730106866632801,0.07295217986753293,0.763323475232664
Test_178,0.07420222282615416,0.013074167402398511,0.02411792358422547,0.8886056861872217
Test_179,0.06303266508443198,0.03409415238820655,0.8365864546613042,0.06628672786605731
Test_180,0.3276526271210395,0.04839169986090106,0.10541947764076624,0.5185361953772932
Test_181,0.058580423535390495,0.09619603782759845,0.047549918447204124,0.797673620189807
Test_182,0.0083497075037349,0.0671173451772445,0.8986937333755316,0.02583921394348907
Test_183,0.5546452381209109,0.03319874339383266,0.225003648405874,0.1871523700793823
Test_184,0.34626797668693976,0.020867054335133063,0.2696970657701658,0.36316790320776127
Test_185,0.20388512288141383,0.0684963358704706,0.2847212173705913,0.4428973238775243
Test_186,0.2174940460252727,0.05573920007416552,0.1001674918445375,0.6265992620560239
Test_187,0.3582869325291694,0.09633042996258785,0.44950900712803404,0.09587363038020866
Test_188,0.6138162848917278,0.03436465464525817,0.0948472605569276,0.25697179990608593
Test_189,0.2655951583531364,0.007181187591826949,0.09742129109395921,0.6298023629610775
Test_190,0.3027684355279097,0.04264746806920558,0.42885416159614353,0.2257299348067412
Test_191,0.12819814561246512,0.0018313913807330975,0.2680633732216096,0.6019070897851923
Test_192,0.8036055528459187,0.005222280798431625,0.05161548414313386,0.13955668221251588
Test_193,0.05405327589998687,0.08378829603361737,0.8520487473566236,0.010109680709772376
Test_194,0.08139184759079843,0.08045444517443133,0.7646296080655345,0.07352409916923587
Test_195,0.27449877773365433,0.10963165193147881,0.3638631495919141,0.25200642074295254
Test_196,0.4879322638748056,0.05800691108823771,0.27421766474722026,0.17984316028973632
Test_197,0.08783316196312818,0.049858932520702684,0.7721557880266159,0.0901521174895533
Test_198,0.05600480030536242,0.031722211321074424,0.014114132606146532,0.8981588557674163
Test_199,0.2600401574769819,0.09883367283431246,0.4878833946689839,0.1532427750197219
Test_200,0.017768115860147836,0.06365726772775686,0.8800361987864248,0.038538417625670486
Test_201,0.12214637662459345,0.002544505852257864,0.005751200517123882,0.8695579170060248
Test_202,0.33842577734239127,0.06732810675108683,0.4537459052012767,0.1405002107052454
Test_203,0.03473554529036725,0.08924642735567304,0.6502789098636099,0.22573911749034964
Test_204,0.2784384236060529,0.039664151132288966,0.3201794835253992,0.3617179417362587
Test_205,0.1829240056118375,0.02290329720336697,0.031099899955360607,0.7630727972294347
Test_206,0.397395105226034,0.042195273994166414,0.04096519498698705,0.5194444257928127
Test_207,0.18662268610518304,0.06910463939705083,0.32022349207916256,0.42404918241860373
Test_208,0.43082489569450816,0.13957088854707686,0.12990954965823331,0.29969466610018186
Test_209,0.04360529419157927,0.08679732612836843,0.7956301567635738,0.07396722291647871
Test_210,0.3499202247014897,0.09193280227214372,0.24024361660476995,0.31790335642159673
Test_211,0.007688777065693696,0.07576025375699855,0.9078248882495684,0.008726080927739313
Test_212,0.20094627120864988,0.05712776189494905,0.7204932510107045,0.021432715885696733
Test_213,0.08241565845495157,0.1835956449779341,0.5568943585764441,0.1770943379906703
Test_214,0.10838024003985493,0.03465329923913884,0.5545836011062312,0.30238285961477496
Test_215,0.2733209633720228,0.055653272382010385,0.10808146730855187,0.5629442969374151
Test_216,0.5887789938134392,0.01876304971986907,0.09242172899466443,0.30003622747202746
Test_217,0.08043187295414025,0.09900556114534279,0.5391660541098241,0.28139651179069336
Test_218,0.4139249151951119,0.09680910741664896,0.325824485127208,0.16344149226103133
Test_219,0.29528461699904146,0.08490127297209449,0.5555295735834225,0.06428453644544153
Test_220,0.26671019099468835,0.026542186465413183,0.08101053411950543,0.6257370884203932
Test_221,0.6303712231197918,0.0023898521294699183,0.05046651378327264,0.3167724109674659
Test_222,0.09616661366858215,0.05984874729250359,0.7939131375311448,0.05007150150776928
Test_223,0.03534817215691615,0.08006055506111524,0.7109064106370914,0.17368486214487683
Test_224,0.5315263040772226,0.03647770294448601,0.16832172099395293,0.26367427198433857
Test_225,0.4266257611573258,0.03984045417769944,0.2508287439644158,0.28270504070055896
Test_226,0.021049848487959506,0.10221552535150813,0.8463150168747631,0.030419609285769224
Test_227,0.3298756917552203,0.059460829278435684,0.09424305674237991,0.5164204222239644
Test_228,0.7321390666087922,0.021243779252078647,0.16570628352388228,0.08091087061524699
Test_229,0.012722241673164873,0.07694440535317269,0.8885978225012333,0.021735530472429127
Test_230,0.1285193873616228,0.027389241624988202,0.051663598297673134,0.7924277727157159
Test_231,0.10108775510391226,0.06841214714626515,0.03715061506975292,0.7933494826800698
Test_232,0.16566472547548347,0.05132192736054271,0.7734113229537644,0.009602024210209411
Test_233,0.32998225577028356,0.04106298106254772,0.19956300912747796,0.42939175403969093
Test_234,0.38703743745408403,0.0848987240316553,0.16620293033315636,0.3618609081811046
Test_235,0.10645342501170754,0.09231164156477228,0.09402949292855195,0.7072054404949681
Test_236,0.1692744411816268,0.002092480174506851,0.7697143372673544,0.05891874137651195
Test_237,0.03413255686270734,0.032370528148208885,0.026111695284247942,0.9073852197048357
Test_238,0.1022089038259797,0.025102362573034154,0.38580922427290754,0.4868795093280785
Test_239,0.020558724999723655,0.10412550285055926,0.8456959481856481,0.029619823964068835
Test_240,0.003979164351994126,0.08067225768879512,0.9071379360825931,0.008210641876617868
Test_241,0.09556915589086568,0.05387578375713206,0.16603923169922707,0.684515828652775
Test_242,0.23772401261097004,0.14450763063081343,0.06995857616734416,0.5478097805908725
Test_243,0.6110619002512945,0.034781680585295766,0.1350276319002733,0.21912878726313653
Test_244,0.2020072386060464,0.0900429774085918,0.45150938419204206,0.2564403997933195
Test_245,0.003926034157315582,0.05575143288349415,0.9346007430984417,0.00572178986074875
Test_246,0.23486813308017263,0.09541050377969702,0.06874579534476923,0.6009755677953612
Test_247,0.07267400563737625,0.05468825584262148,0.037580055114591546,0.8350576834054106
Test_248,0.39462612355315874,0.13031845930617073,0.13750835351045526,0.3375470636302151
Test_249,0.3117269071280402,0.051245750107894894,0.2416099051409668,0.3954174376230984
Test_250,0.22363297430299459,0.06328618032873444,0.6231239926386362,0.08995685272963418
Test_251,0.4490297212771965,0.04986304205329216,0.06989199797843523,0.4312152386910762
Test_252,0.04161893901244899,0.0492843476177531,0.7810580747447159,0.12803863862508208
Test_253,0.1486065730190031,0.04411933158653911,0.04467449609767342,0.7625995992967844
Test_254,0.21738156105980322,0.05738124880166672,0.1467024496839637,0.5785347404545664
Test_255,0.33328119848592375,0.09106478032671116,0.20517298368584833,0.3704810375015166
Test_256,0.08064893605938861,0.15423154525914987,0.03675864115347047,0.7283608775279907
Test_257,0.03349542392730822,0.10358915896633308,0.8356516235610181,0.02726379354534057
Test_258,0.03901485303216536,0.10478727472481633,0.8046652466193367,0.05153262562368179
Test_259,0.2826874038831465,0.04125582639574847,0.28672679344139224,0.38932997627971283
Test_260,0.4352951628051464,0.008720402087836126,0.08121073886010072,0.47477369624691695
Test_261,0.07693365915714237,0.08306870780833704,0.8208235142540186,0.01917411878050197
Test_262,0.2707773103924357,0.1234730548071664,0.27975772248883635,0.3259919123115612
Test_263,0.8427034579408628,0.016813804714002387,0.04660082231897798,0.09388191502615675
Test_264,0.2038334720691113,0.08434512814520102,0.6413000779521719,0.07052132183351592
Test_265,0.2516998236910348,0.018623070758601874,0.14139084672672686,0.5882862588236367
Test_266,0.07428571050775344,0.04339208191516057,0.018057474755583253,0.8642647328215027
Test_267,0.5726656094851041,0.046443015281861594,0.18091992299401788,0.19997145223901647
Test_268,0.012839553356079005,0.11621063501521543,0.7989712797681804,0.07197853186052529
Test_269,0.5607847957658045,0.009100940655912573,0.05597061666467871,0.3741436469136042
Test_270,0.07734442476362076,0.014148975201184865,0.013997023572965527,0.8945095764622288
Test_271,0.49530942655646704,0.050319110674726955,0.176063091489802,0.27830837127900404
Test_272,0.2181821885029714,0.0308130517844216,0.5970917918926256,0.15391296781998143
Test_273,0.4190090399740588,0.06748556539215414,0.07325907400552657,0.44024632062826036
Test_274,0.0026571172650584484,0.07548276706142534,0.9112389919188163,0.010621123754699986
Test_275,0.029876907544784396,0.1429337797679613,0.7577538837527019,0.0694354289345524
Test_276,0.05285734513225229,0.09481546375224535,0.48380148812232426,0.36852570299317783
Test_277,0.5306762489780091,0.01335214731202952,0.13591663390593323,0.32005496980402864
Test_278,0.2815351448062473,0.08702754558047573,0.0762296329734867,0.5552076766397904
Test_279,0.13169070317754067,0.04147873608494848,0.803222914276655,0.02360764646085559
Test_280,0.15368777257978516,0.010143232892877515,0.03814628796566803,0.7980227065616697
Test_281,0.577162938927103,0.04163601261130078,0.11936547995962166,0.2618355685019743
Test_282,0.03458127745074234,0.0896765878845988,0.0912366593312974,0.7845054753333617
Test_283,0.013381964266765394,0.13624340943883925,0.8205521392994417,0.029822486994953816
Test_284,0.01661628369111695,0.1729221573716066,0.712509344583035,0.09795221435424149
Test_285,0.4659923381661892,0.009000926182341032,0.13851372083404492,0.38649301481742504
Test_286,0.36306568995962674,0.009341471953649207,0.47438252468481595,0.1532103134019082
Test_287,0.3872128772408094,0.07029364368833804,0.30058589943364483,0.24190757963720746
Test_288,0.17107956646392486,0.056711984878007965,0.33808392170695234,0.4341245269511148
Test_289,0.13954275204801822,0.015299720230630013,0.0860984765036544,0.7590590512176976
Test_290,0.3762854150456467,0.10605875722901698,0.38312109692040436,0.13453473080493192
Test_291,0.0533183092741763,0.0596057924694924,0.875564135161085,0.011511763095246302
Test_292,0.5338461045349574,0.06390061972996677,0.24036507892754114,0.1618881968075346
Test_293,0.010988026502629665,0.10243000561269461,0.8800117955184485,0.006570172366227199
Test_294,0.06346197435776207,0.05481505626529492,0.8303147412855238,0.05140822809141954
Test_295,0.11266903174564989,0.03555875370328306,0.7616710665946202,0.09010114795644686
Test_296,0.19673595687204692,0.00561903808623412,0.7178997630663428,0.07974524197537602
Test_297,0.04255739282087906,0.20701417534080896,0.06788443216608304,0.682543999672229
Test_298,0.12661786846992856,0.05666800472409587,0.2896560060581171,0.5270581207478586
Test_299,0.007426582778986657,0.04901970346770443,0.021671702091248926,0.92188201166206
Test_300,0.618446949990516,0.03678675897672503,0.09687106088832224,0.24789523014443673
Test_301,0.4981711135507919,0.028262781861229158,0.0696045814840887,0.4039615231038901
Test_302,0.02969175625071023,0.05558166714999082,0.8578138793987105,0.05691269720058822
Test_303,0.4247041943382807,0.03457854357586591,0.17848752402817517,0.362229738057678
Test_304,0.5602984802323258,0.07679026359453224,0.10416819339300082,0.25874306278014103
Test_305,0.247835646735519,0.08317896630364086,0.5958051498641336,0.07318023709670629
Test_306,0.18312903958667479,0.00765342215955135,0.6675788731548093,0.14163866509896456
Test_307,0.6914062549221455,0.014136423160671367,0.014398832851892002,0.2800584890652913
Test_308,0.18018164573142637,0.15972632662712635,0.16597922519133712,0.49411280245011
Test_309,0.306873222299234,0.02489432323761059,0.629598013721252,0.03863444074190325
Test_310,0.025525478868815284,0.10707311726257594,0.8338745921738334,0.03352681169477529
Test_311,0.05861073009110796,0.10494924585433027,0.7882752194726758,0.04816480458188595
Test_312,0.09601335128234353,0.019819104313660626,0.025894043686930157,0.8582735007170654
Test_313,0.3041987561410275,0.04516088894393735,0.06949158401760415,0.581148770897431
Test_314,0.5089957932378922,0.010825755212493885,0.28473111416297187,0.19544733738664158
Test_315,0.37466669619967347,0.06093048446344894,0.05005261598012561,0.5143502033567519
Test_316,0.327895270633714,0.09725705457652879,0.4723660966973542,0.10248157809240291
Test_317,0.13431411313644478,0.07304218468924346,0.7364316297666498,0.05621207240766188
Test_318,0.3248965180570848,0.056740960542275475,0.037503788089784676,0.5808587333108548
Test_319,0.04816556623506495,0.08687229791575411,0.8396999087488197,0.025262227100361356
Test_320,0.05520600939973236,0.09002058792694188,0.7478289814246133,0.10694442124871237
Test_321,0.3946095328319568,0.05824714113657816,0.12244565439684243,0.42469767163462274
Test_322,0.307748950701675,0.07705428914244349,0.09075045394885406,0.5244463062070276
Test_323,0.07681996199474397,0.019967316083053858,0.819533563366626,0.08367915855557626
Test_324,0.03651591561169318,0.05664231132216511,0.8858851250741273,0.020956647992014472
Test_325,0.25798961597269093,0.09036243565894683,0.11750702414749666,0.5341409242208659
Test_326,0.073538703574229,0.06791068796886335,0.7565598826396486,0.10199072581725906
Test_327,0.19146542826239044,0.09935675823241612,0.15525885059460007,0.5539189629105932
Test_328,0.15513973902409975,0.04543299817500269,0.7006490440278285,0.098778218773069
Test_329,0.14285499076590805,0.05136749795397324,0.7790041599030312,0.02677335137708762
Test_330,0.05181443606051595,0.08586854076227575,0.5980452107184365,0.26427181245877196
Test_331,0.4531227294368452,0.0528383085422683,0.14085113878743294,0.35318782323345355
Test_332,0.5726527128948157,0.07604127769747897,0.1998292656830684,0.15147674372463707
Test_333,0.1438751178336117,0.01862397206643851,0.7722962570481177,0.06520465305183236
Test_334,0.027903877359591343,0.011267182692530808,0.9480238058315225,0.012805134116355709
Test_335,0.5319042450202909,0.020261124517957817,0.13521262710399873,0.3126220033577525
Test_336,0.47121659147346484,0.036538116392883874,0.22418940425868458,0.2680558878749669
Test_337,0.41784200722967474,0.0593727860710459,0.06511928566035653,0.4576659210389226
Test_338,0.551818371623944,0.06463173507320676,0.10847932011699583,0.2750705731858534
Test_339,0.07574020262138928,0.14245239537586923,0.6727516611690976,0.10905574083364351
Test_340,0.12940679957400858,0.037030152884645694,0.1531574136654101,0.6804056338759356
Test_341,0.4231391601081545,0.06962758446305893,0.0949961241662607,0.4122371312625262
Test_342,0.6959602095434846,0.0430830450223889,0.1421494719435112,0.11880727349061548
Test_343,0.22359713541367093,0.0035707506136360145,0.19972250522384755,0.5731096087488459
Test_344,0.009463511990029781,0.09477609787083942,0.8833155259184382,0.012444864220692572
Test_345,0.03847773816082301,0.019939406189010432,0.8365224787560126,0.10506037689415389
Test_346,0.008971980991979283,0.05822578866247995,0.9216400410906332,0.011162189254907511
Test_347,0.6014844714895595,0.03103557602527588,0.2617416682132995,0.10573828427186524
Test_348,0.2579421982882782,0.0034852269128126646,0.08518437515864519,0.6533881996402637
Test_349,0.42194648878092605,0.0828313217255385,0.0596117930236368,0.4356103964698987
Test_350,0.042208343389381016,0.011353280071234123,0.014627042101651725,0.9318113344377333
Test_351,0.006645945181595053,0.0744921621104642,0.9042175221679363,0.01464437054000428
Test_352,0.26215426573435546,0.12050812357210569,0.12076335793478286,0.4965742527587561
Test_353,0.6948410475809829,0.02127399456071276,0.08811032474363972,0.1957746331146648
Test_354,0.22259558009305805,0.058541459297685235,0.6708208225695236,0.04804213803973318
Test_355,0.29968299050933783,0.05220684734987553,0.043354946388679136,0.6047552157521074
Test_356,0.4486749321097762,0.0782892171644085,0.2376425483679325,0.23539330235788317
Test_357,0.4806697437634988,0.07368153262307003,0.1949723600598177,0.25067636355361345
Test_358,0.2712097770332575,0.03170888772516421,0.2812109259753744,0.4158704092662037
Test_359,0.13857870300343617,0.011119843041146264,0.06256847135763058,0.7877329825977867
Test_360,0.1701611707249529,0.0077700009901201204,0.7247829059521531,0.0972859223327739
Test_361,0.6446596221504285,0.039331489910902594,0.17373381451813733,0.14227507342053136
Test_362,0.10315912678515184,0.034361895230870555,0.4561842310410316,0.4062947469429461
Test_363,0.10551467579054416,0.030608055652071628,0.7005578879154132,0.1633193806419713
Test_364,0.19502590485592466,0.10271394018177213,0.5893539637247432,0.11290619123756027
Test_365,0.0626404025987774,0.07460425306541965,0.8260000435445595,0.036755300791243534
Test_366,0.04023280597178581,0.10039382461988167,0.7901194588146166,0.06925391059371605
Test_367,0.4306178281791796,0.027670708050565613,0.29699786021481245,0.2447136035554422
Test_368,0.7553854037010972,0.002349976192754326,0.02755727215803208,0.21470734794811627
Test_369,0.1813199087819612,0.050489720021444445,0.04811292559029087,0.7200774456063036
Test_370,0.015519983203416398,0.0024240239037970337,0.977980925782327,0.004075067110459503
Test_371,0.05241933951004892,0.14910795586276382,0.7560920160454068,0.04238068858178083
Test_372,0.21658523804217486,0.01071532641058662,0.17244582388675564,0.6002536116604827
Test_373,0.03908015030031921,0.11867455782296996,0.766805469620327,0.07543982225638382
Test_374,0.10999568503829574,0.12693988081888521,0.6955958253366253,0.06746860880619338
Test_375,0.6045627509248278,0.04335518890609988,0.0899962099265095,0.262085850242563
Test_376,0.6157096256839089,0.03724489270212516,0.2630373797894786,0.08400810182448745
Test_377,0.5796182906798457,0.04855259886177674,0.10719942113219162,0.2646296893261863
Test_378,0.06787245925181086,0.027879670560276282,0.8950481576926482,0.009199712495264637
Test_379,0.349298923690911,0.052580277206409363,0.3149052923175292,0.2832155067851504
Test_380,0.19215449914139668,0.12393983932086051,0.43996006813950583,0.24394559339823696
Test_381,0.495826724983519,0.045974958440528145,0.07614288426791696,0.3820554323080362
Test_382,0.4787475643866429,0.06220933310483211,0.08630116498333332,0.37274193752519175
Test_383,0.9076265712658256,0.006856653542368932,0.05432998141173679,0.031186793780068604
Test_384,0.17176652313261329,0.00411003203672841,0.791328746300336,0.032794698530322235
Test_385,0.180089781678096,0.0782421821055691,0.11460660707592632,0.6270614291404087
Test_386,0.02359431927237931,0.14721335495206783,0.7685986436414832,0.06059368213406966
Test_387,0.28224908739198157,0.08902940185003577,0.11598152623981617,0.5127399845181666
Test_388,0.7411214435502239,0.00904186339159768,0.016127789365554885,0.23370890369262334
Test_389,0.17823216425268446,0.1937205115366656,0.5558699447895327,0.07217737942111732
Test_390,0.2116172951904506,0.05395411216618354,0.22540975577786043,0.5090188368655052
Test_391,0.039008829731957434,0.07884724303928672,0.8504083969423065,0.03173553028644936
Test_392,0.0723967639589288,0.03568223434850748,0.8704637867344799,0.021457214958083882
Test_393,0.07242369752911386,0.24257235599230711,0.22353793035282085,0.4614660161257581
Test_394,0.6894453393452026,0.047778981043229585,0.0847600494573095,0.17801563015425861
Test_395,0.11700712416948877,0.026031877298334987,0.7080976745894996,0.14886332394267687
Test_396,0.041559741874431747,0.0009692855393363896,0.9185885904722876,0.03888238211394439
Test_397,0.09337354386289518,0.01608222624315574,0.016159095762025368,0.8743851341319238
Test_398,0.022106125718130715,0.082517720869163,0.8411328051654493,0.05424334824725702
Test_399,0.42486570085437586,0.015037616619979191,0.06449371815114968,0.49560296437449564
Test_400,0.01905150993573044,0.10380018001539687,0.831166618479149,0.045981691569723544
Test_401,0.06017515492599561,0.0605223640870741,0.80475645708175,0.07454602390518009
Test_402,0.7473623237903161,0.012988082414524317,0.1007790507107809,0.13887054308437877
Test_403,0.023366480099700503,0.1179190741649503,0.8169108331624181,0.04180361257293124
Test_404,0.10994428133051135,0.06413746446935346,0.12362592820419765,0.7022923259959372
Test_405,0.0362298710151546,0.019565232568331717,0.01625638022379541,0.9279485161927185
Test_406,0.0661305438719293,0.08015284319306207,0.04062667600632429,0.8130899369286845
Test_407,0.07291471849243476,0.04295380665384271,0.0173826987700825,0.8667487760836401
Test_408,0.0993270673784396,0.04904552499124409,0.040850275107715016,0.8107771325226013
Test_409,0.03380756848481764,0.04657005080920128,0.8597612366045365,0.05986114410144423
Test_410,0.09245872432946885,0.061568199410042206,0.02967905002729401,0.8162940262331951
Test_411,0.8392451846756609,0.060149117575814946,0.0322276646122385,0.06837803313628585
Test_412,0.0575506369677233,0.17305596143734162,0.5989006133548016,0.17049278824013325
Test_413,0.6414932549202235,0.03197950609747452,0.21760988874383105,0.10891735023847082
Test_414,0.3267447092267608,0.13661694417787126,0.4466841691222608,0.08995417747310727
Test_415,0.03124505477738741,0.056412785749367665,0.8856001551705933,0.02674200430265132
Test_416,0.27019677040025125,0.08461892508145342,0.19753977460382421,0.4476445299144713
Test_417,0.010788832249183858,0.03984487521049866,0.9458651894421307,0.0035011030981868226
Test_418,0.4097745674677652,0.06766551346432169,0.2253335240330156,0.29722639503489756
Test_419,0.4484717308418422,0.07671616960804288,0.14073533306325234,0.33407676648686235
Test_420,0.019992531560337375,0.08729222609498132,0.8704418247278183,0.02227341761686316
Test_421,0.21647686210103456,0.07698486164672694,0.05953118915395874,0.6470070870982796
Test_422,0.14133205841158902,0.010647248667674466,0.16319804522166048,0.6848226476990761
Test_423,0.07251977011150268,0.16302345034863738,0.3679920140957219,0.3964647654441383
Test_424,0.07603432634404836,0.06615833722042393,0.8315438277248085,0.026263508710719457
Test_425,0.3440644542288862,0.08034205837716517,0.056869239860911504,0.5187242475330371
Test_426,0.38605783375439484,0.03310475342027298,0.46564799135591917,0.11518942146941276
Test_427,0.06985472190614214,0.030178128281724944,0.02431781174963968,0.875649338062493
Test_428,0.09706832428319777,0.047141935757306366,0.04186870626144459,0.8139210336980512
Test_429,0.04455780896299047,0.04471683088222158,0.8921524083772396,0.01857295177754827
Test_430,0.031696227355714486,0.10140022393992772,0.8336805746512316,0.03322297405312633
Test_431,0.0641264680424676,0.0025650036957510724,0.05176241745742761,0.8815461108043537
Test_432,0.3307804339832692,0.09993898529619352,0.055282073432588036,0.5139985072879496
Test_433,0.04360391843702198,0.06129715429588899,0.015125916016074612,0.8799730112510143
Test_434,0.3433936095464985,0.029577290668289263,0.0649645028492019,0.5620645969360102
Test_435,0.44151311026057743,0.04045564537532545,0.2761832307582174,0.2418480136058795
Test_436,0.5664987148123899,0.051821732970789645,0.15394849388256648,0.227731058334254
Test_437,0.06238616852204215,0.053711466666314475,0.7176238560918686,0.1662785087197747
Test_438,0.04263801527658412,0.24942795905327853,0.613671432933491,0.09426259273664596
Test_439,0.1729447953714024,0.12989785586197958,0.6518220462819031,0.04533530248471486
Test_440,0.003255059095596867,0.09467144162511795,0.8969920484697046,0.0050814508095804066
Test_441,0.7851151306948494,0.0035120355743834914,0.21004063120327726,0.0013322025274896399
Test_442,0.5554051496790057,0.01302130959882966,0.1792348809089379,0.25233865981322673
Test_443,0.03750256956392058,0.08839279383057241,0.036018596532904214,0.8380860400726026
Test_444,0.3864566204842278,0.059890516042033715,0.19645633394695472,0.3571965295267836
Test_445,0.024453537883857963,0.047442969909024614,0.9016965998279349,0.026406892379182294
Test_446,0.2696608012517711,0.09204086564799038,0.31869456481984293,0.31960376828039555
Test_447,0.5056678540599979,0.05917980656440425,0.36645177259615896,0.06870056677943903
Test_448,0.030616968977796158,0.17852678779158312,0.7346731959385264,0.056183047292094265
Test_449,0.4206557223114823,0.05454330472727795,0.20398671650512976,0.32081425645611017
Test_450,0.24852939475905297,0.00812330723163203,0.1550709068663891,0.588276391142926
Test_451,0.012116133190810096,0.0922940129140129,0.8749274736432574,0.02066238025191935
Test_452,0.30638489790804285,0.04847523878990737,0.2799445272499736,0.3651953360520761
Test_453,0.10627474681829627,0.08043542281381968,0.14195798560336934,0.6713318447645148
