image_id,healthy,multiple_diseases,rust,scab
Test_0,0.036024224835619977,0.1774292822871775,0.7706874613860404,0.015859031491162152
Test_1,0.22437026111488348,0.08380331794409697,0.4197694610428983,0.2720569598981214
Test_2,0.13985093737789256,0.03438741129031348,0.7162717963084658,0.10948985502332828
Test_3,0.5100167761069971,0.06583375269960193,0.07320442953602109,0.35094504165737983
Test_4,0.03752604401169073,0.08784337622422786,0.8331580684606806,0.04147251130340066
Test_5,0.5796932552175149,0.007210465512927489,0.10114943595667925,0.3119468433128784
Test_6,0.7101276515985844,0.008796504994821257,0.027070086218941317,0.254005757187653
Test_7,0.0616324323509364,0.09259402040562437,0.2634902143536942,0.582283332889745
Test_8,0.43309407457104665,0.14407124973998411,0.026397387565552956,0.39643728812341666
Test_9,0.3490183033279959,0.04686890427397809,0.43359809202094596,0.17051470037707994
Test_10,0.020062319034407892,0.05824313688760153,0.8939351570396982,0.027759387038292612
Test_11,0.008534195360611093,0.006075161455527653,0.9766124951908983,0.008778147992962802
Test_12,0.24571067657586104,0.04923511812052003,0.024156910107939553,0.6808972951956797
Test_13,0.5536756726550445,0.028887151265355068,0.28850623362293315,0.12893094245666728
Test_14,0.011687870706497329,0.05878182953021337,0.9251746230938666,0.004355676669423147
Test_15,0.7528346566520997,0.01976265476504786,0.130956334377072,0.09644635420578036
Test_16,0.39948733423818117,0.081315617770137,0.08922504150780422,0.42997200648387746
Test_17,0.024545329596783183,0.10053431725016895,0.6925316331988921,0.18238871995415626
Test_18,0.6228101697943629,0.07285530159896833,0.07252339328663196,0.23181113532003703
Test_19,0.0322684328065531,0.047809499036347104,0.8700261870209153,0.04989588113618448
Test_20,0.7864545011301362,0.02124365509346621,0.08616244007166904,0.106139403704729
Test_21,0.0349612823154975,0.0014596504724585216,0.0015976690038608547,0.9619813982081832
Test_22,0.22150803340273728,0.11039418322126748,0.33228586009463695,0.3358119232813585
Test_23,0.10450366298625519,0.04339364686220137,0.09299126794501704,0.7591114222065267
Test_24,0.5965901298464871,0.11221342588047233,0.07076947741502476,0.2204269668580161
Test_25,0.23058046502142726,0.0481679408233596,0.38397727065084286,0.3372743235043702
Test_26,0.17455804211889916,0.05490787321562908,0.24806282629509716,0.5224712583703743
Test_27,0.09304028632602701,0.09890274049472784,0.718811491828798,0.08924548135044698
Test_28,0.5045823730613925,0.04139153558495017,0.15259557936696655,0.301430511986691
Test_29,0.48735502854477014,0.0403159963215422,0.16517532069769672,0.3071536544359907
Test_30,0.27986450081738967,0.06023920160029269,0.07170628789986168,0.5881900096824562
Test_31,0.03321782250253001,0.0724177303716048,0.8591732796004314,0.03519116752543361
Test_32,0.5038234716727018,0.06058258938091711,0.10983863820246421,0.3257553007439172
Test_33,0.10275046339329758,0.03232137990082334,0.03298714110997004,0.8319410155959092
Test_34,0.31209106104451045,0.019201717310361705,0.23332402389481824,0.4353831977503095
Test_35,0.07012104159705165,0.03875406729631687,0.40818927590700355,0.48293561519962813
Test_36,0.02113870007964607,0.09657670887619157,0.8391079217164351,0.04317666932772736
Test_37,0.32260373194185743,0.018046973831221547,0.08253072182383266,0.5768185724030882
Test_38,0.1156005942672375,0.058757499392600165,0.05264470510252419,0.7729972012376383
Test_39,0.09513072581094542,0.03387418520077172,0.41026940445836363,0.46072568452991947
Test_40,0.2845586267752705,0.04167146901311573,0.10360313043178286,0.5701667737798309
Test_41,0.0707381264760615,0.10158078945090747,0.7637527449331608,0.06392833913986992
Test_42,0.10107000357409773,0.04058284601879697,0.050240580763561346,0.8081065696435441
Test_43,0.17696126673946058,0.014622615842403007,0.7133189325224583,0.09509718489567814
Test_44,0.39980696537709354,0.07527436558370863,0.05957647491911892,0.4653421941200788
Test_45,0.32816177596068413,0.06231191172025018,0.2645093685355209,0.3450169437835447
Test_46,0.3583697151148684,0.04540597516167678,0.019125548805501668,0.577098760917953
Test_47,0.062130410143675124,0.07817488150601537,0.794104863785386,0.06558984456492314
Test_48,0.01449109464634959,0.06875861614570836,0.8997399856066578,0.017010303601284395
Test_49,0.016576371843295988,0.04372564754031965,0.9137508223079902,0.0259471583083942
Test_50,0.016065067727732245,0.022267380878261946,0.9484904166893515,0.013177134704654151
Test_51,0.03522431338508438,0.13942448970614188,0.7165769110741517,0.10877428583462218
Test_52,0.12361604819727541,0.0682048796412035,0.7055672933194183,0.10261177884210265
Test_53,0.06564040301003622,0.09773363368086754,0.7856335383352789,0.05099242497381718
Test_54,0.022016458297162346,0.11215148995353881,0.8525179981484644,0.013314053600834461
Test_55,0.32257404735991385,0.051167430560897835,0.10382159255727424,0.5224369295219142
Test_56,0.10025660117058592,0.03525879833292066,0.41316163854591126,0.4513229619505821
Test_57,0.640288771393901,0.02568296118380548,0.04057682236258497,0.2934514450597085
Test_58,0.18851646896170737,0.04872571483232137,0.08747412795744135,0.6752836882485299
Test_59,0.06189685761005625,0.11031409109713249,0.4020708830476796,0.425718168245132
Test_60,0.036833914353676625,0.21348223338709793,0.3260635588809395,0.42362029337828583
Test_61,0.6276653685946457,0.0465018276523115,0.13207348837909458,0.19375931537394803
Test_62,0.23046391204964348,0.002644605910983329,0.6307858904012792,0.13610559163809396
Test_63,0.08487056254533414,0.10908704247976073,0.747600626492748,0.058441768482156924
Test_64,0.5768620460865567,0.03840367650679013,0.13517388410946948,0.2495603932971838
Test_65,0.0869101342759627,0.07380440580515306,0.5548460320860737,0.28443942783281045
Test_66,0.6228494858876542,0.01647709621790584,0.3098805152349638,0.0507929026594763
Test_67,0.06266183429562527,0.06115484888759962,0.7608703176836624,0.11531299913311278
Test_68,0.247618768317765,0.06609811771463432,0.07574946056024234,0.6105336534073584
Test_69,0.0660973600766527,0.04428477635556596,0.8243423079005711,0.06527555566721044
Test_70,0.1078514019035351,0.1288369642185843,0.4049502176937092,0.358361416184171
Test_71,0.2741254360061827,0.0235156521390404,0.5239516044139431,0.17840730744083358
Test_72,0.24855554657240272,0.09087792973748851,0.16896303456895326,0.4916034891211554
Test_73,0.815743429245035,0.008769097864303799,0.09204787765092808,0.08343959523973343
Test_74,0.3256838290158948,0.04029784229139258,0.3779476525830233,0.2560706761096892
Test_75,0.41037022244025023,0.023335824126930523,0.2540659561902419,0.31222799724257705
Test_76,0.30715289091658793,0.06526307731938796,0.07041877057874733,0.5571652611852765
Test_77,0.13058754556582844,0.06540823749647909,0.4802613057498985,0.323742911187794
Test_78,0.1471156629542364,0.10824502379146607,0.166732718478397,0.5779065947759006
Test_79,0.29463562295968077,0.10615046928707461,0.4047833081706815,0.19443059958256298
Test_80,0.20939017592678896,0.06709536712364775,0.47047720836037543,0.25303724858918797
Test_81,0.03491753439089852,0.06303581413575231,0.8658073157310618,0.036239335742287535
Test_82,0.27311210222994853,0.01774057253126948,0.5113858430619219,0.19776148217685993
Test_83,0.3853448162805689,0.08689877671309279,0.27394435231032377,0.2538120546960146
Test_84,0.39266813954643326,0.0024093559978817167,0.5538583528514643,0.05106415160422053
Test_85,0.19208964396907527,0.0026341771279901932,0.6430140271016974,0.16226215180123726
Test_86,0.08205576265901209,0.09720126840468409,0.7004860404233187,0.12025692851298526
Test_87,0.5958551045712084,0.06341066779465443,0.15319659812531508,0.1875376295088218
Test_88,0.17887029878193333,0.08694369780766685,0.05635634912695656,0.6778296542834432
Test_89,0.3384635289091895,0.05519668590140751,0.1743997792267267,0.4319400059626762
Test_90,0.14131264638565544,0.09237245157662524,0.6392861982461465,0.12702870379157274
Test_91,0.5601385793029316,0.04794989422531502,0.1740381517943643,0.21787337467738901
Test_92,0.3475014991951658,0.05178347730421698,0.1882062045670185,0.4125088189335991
Test_93,0.1697408301124605,0.09164062080454352,0.4899939562670706,0.24862459281592506
Test_94,0.18482546747255732,0.06704378220723942,0.07960852579583459,0.6685222245243689
Test_95,0.3877605488093882,0.06196215359795867,0.20003725669319322,0.35024004089946
Test_96,0.3995406010957319,0.01157197955040893,0.021701336579199492,0.5671860827746598
Test_97,0.43588540006479665,0.09519330640237737,0.1946739394294605,0.27424735410336554
Test_98,0.41382777786194747,0.13274100067673467,0.17165457162815348,0.2817766498331646
Test_99,0.20915134815281097,0.08407372572589784,0.21161257930115956,0.49516234682013166
Test_100,0.18072443281992678,0.06518566407660277,0.02797673829254773,0.7261131648109226
Test_101,0.26225400628495943,0.09340124630108534,0.45716073787287603,0.1871840095410792
Test_102,0.21770603614850584,0.11807338837827165,0.21131984259331044,0.4529007328799122
Test_103,0.34543318096916376,0.13740299559547725,0.13015087180441942,0.3870129516309397
Test_104,0.6988451929850978,0.05915463054267712,0.07481026269005435,0.16718991378217088
Test_105,0.10610417371103664,0.0037003448045342994,0.0170075008167951,0.8731879806676338
Test_106,0.4182372467041403,0.047724483051363266,0.2633314396897838,0.2707068305547124
Test_107,0.030663229691998018,0.09716322785294897,0.8007773856551165,0.07139615679993687
Test_108,0.3451074472918509,0.0469504455722125,0.12369368371595932,0.48424842341997715
Test_109,0.6125568917980994,0.07304581318422516,0.10757180484774657,0.20682549016992888
Test_110,0.4612974185782153,0.059628536243477984,0.15209743634026507,0.32697660883804136
Test_111,0.7349881224374246,0.008284320531250167,0.1928963411235125,0.06383121590781314
Test_112,0.02901287037423502,0.11783932073255758,0.7222038205895597,0.13094398830364773
Test_113,0.6853945476334906,0.030388835088999557,0.18696874832153149,0.09724786895597826
Test_114,0.40352772636127743,0.13335536808084392,0.1548644342704272,0.30825247128745153
Test_115,0.5191528019974707,0.0183891610398278,0.030839158261737644,0.43161887870096377
Test_116,0.39249800705761895,0.03652046888754625,0.40407399419549817,0.16690752985933704
Test_117,0.0180220267774763,0.1062992098605417,0.8480637617844364,0.027615001577545577
Test_118,0.06708519923769717,0.0505185627737695,0.8036957364189768,0.07870050156955627
Test_119,0.3891779401958447,0.06919334469632175,0.2351004534577295,0.3065282616501041
Test_120,0.0183038770460225,0.04598467500513754,0.9076546794525844,0.028056768496255453
Test_121,0.2243903594141025,0.06258066270777547,0.462876066042334,0.250152911835788
Test_122,0.05792101020226138,0.09504399969394019,0.6904918226709105,0.15654316743288782
Test_123,0.012637285729899502,0.062118243745385944,0.9220436507489479,0.0032008197757666824
Test_124,0.7019713313691177,0.042681458857819585,0.10048336261891035,0.15486384715415258
Test_125,0.2857872430117184,0.0975053390892967,0.08797992303473146,0.5287274948642534
Test_126,0.4211533915118426,0.06808342369160451,0.38439967202856085,0.12636351276799196
Test_127,0.23866708170392495,0.07737862283448706,0.06476558974793997,0.6191887057136478
Test_128,0.18694386984702213,0.008231010684281176,0.013991884652517292,0.7908332348161794
Test_129,0.014344044461423606,0.07740560378170071,0.8582608482446279,0.0499895035122476
Test_130,0.3437194947625057,0.047859660314381984,0.06129209954422788,0.5471287453788843
Test_131,0.2074786752840663,0.038614614320631103,0.11536786702987391,0.6385388433654288
Test_132,0.5140552071724628,0.0849205441851489,0.22063162992260135,0.18039261871978673
Test_133,0.16726623625616158,0.07750027514425006,0.33107087390353435,0.424162614696054
Test_134,0.38576669464436225,0.04160967589502897,0.3024401940457963,0.27018343541481243
Test_135,0.3818974748558677,0.09928487952086627,0.15892208248223313,0.3598955631410329
Test_136,0.06926633372625023,0.03679032874738397,0.14290799538080243,0.7510353421455634
Test_137,0.04586543346275353,0.1176206423226667,0.8038911213670007,0.03262280284757911
Test_138,0.009106729194635675,0.0662332383591896,0.9151974399163884,0.009462592529786047
Test_139,0.9262972236065496,0.008349622747476878,0.02110748623982339,0.04424566740615008
Test_140,0.1846915631411408,0.04086846150124121,0.5788892582910784,0.1955507170665395
Test_141,0.12927678972592613,0.010275916585448804,0.09975456713638368,0.7606927265522415
Test_142,0.33571229669448566,0.06959871151412901,0.3157659312931162,0.2789230604982692
Test_143,0.5098607568915506,0.051541229523338235,0.03726102211427741,0.4013369914708339
Test_144,0.07453502776329951,0.11394666559568156,0.6048568180894254,0.20666148855159303
Test_145,0.5941260171254775,0.052175973081393594,0.09258900431117276,0.26110900548195626
Test_146,0.025599942867574457,0.09026007918324654,0.8489051412816203,0.035234836667558896
Test_147,0.05918589384664606,0.06184856923183255,0.7596461363064865,0.11931940061503518
Test_148,0.43784994939972,0.05463992284967011,0.31500961482119444,0.19250051292941547
Test_149,0.06121348741589158,0.1378560720559192,0.5214710187569447,0.27945942177124494
Test_150,0.38234360096627945,0.05798931195805108,0.1447240610094158,0.41494302606625355
Test_151,0.02347669007185393,0.08376058626074975,0.8779602125334941,0.014802511133902118
Test_152,0.015006050086589744,0.022396710785769505,0.9302606803273066,0.032336558800334085
Test_153,0.826309391663628,0.024331922076996183,0.020959387252785715,0.1283992990065904
Test_154,0.18318993523048638,0.04898743617622344,0.683109638083505,0.0847129905097852
Test_155,0.012390569062346715,0.07896680213874553,0.8924425141895374,0.016200114609370726
Test_156,0.10850779620576688,0.006975399402959436,0.015533224828776612,0.8689835795624972
Test_157,0.06784682475596851,0.052722469629486936,0.8556474433472526,0.023783262267291574
Test_158,0.23304380491226695,0.029991542078764456,0.04546426828869226,0.6915003847202762
Test_159,0.09405520736624358,0.004073593789922878,0.767409955662831,0.13446124318100236
Test_160,0.7050192494961827,0.032333329055293444,0.06371572185694047,0.19893169959158313
Test_161,0.27271897737214623,0.06776530488934612,0.24739589063822875,0.41211982710027895
Test_162,0.06311597489535188,0.010405084555905993,0.9131111632521565,0.013367777296585477
Test_163,0.01679760052365669,0.08973555229288747,0.8793667501516605,0.014100097031795301
Test_164,0.49506281920965556,0.04504896002953034,0.14712484087857686,0.3127633798822373
Test_165,0.33854399110917854,0.04759590757585879,0.11920326635823145,0.4946568349567314
Test_166,0.47380899940811433,0.03741565064636831,0.23852498022865026,0.25025036971686715
Test_167,0.02547807821636209,0.007839591491082524,0.9276490358548627,0.03903329443769294
Test_168,0.05401135466125438,0.07070525560989493,0.8207276228665364,0.05455576686231433
Test_169,0.4158073160622099,0.03451491019135963,0.42948299358718334,0.12019478015924721
Test_170,0.03991643730404193,0.004324020957056219,0.7232083893794266,0.23255115235947546
Test_171,0.0397452282269631,0.07550528051627685,0.8167135151774632,0.06803597607929722
Test_172,0.20258663089145632,0.02933937958717078,0.6563773456326429,0.11169664388873012
Test_173,0.04564575249849931,0.050801243361103414,0.8215721747450269,0.08198082939537048
Test_174,0.5441652103074887,0.05356950489073118,0.14067398784165747,0.2615912969601227
Test_175,0.5001968246979207,0.04438984254254934,0.08578932387323172,0.3696240088862983
Test_176,0.19608734409039008,0.027152697745228434,0.6684527300303296,0.10830722813405194
Test_177,0.12479766010221786,0.0317025940377364,0.20304606001160141,0.6404536858484444
Test_178,0.06965994358973732,0.015255709475045696,0.019277789390950123,0.895806557544267
Test_179,0.04418870390959125,0.056484441356298126,0.8008343133455751,0.09849254138853501
Test_180,0.41890913377181044,0.0480342219013589,0.19305263705138442,0.3400040072754457
Test_181,0.05903197604484568,0.10973863283989437,0.05013256997120013,0.7810968211440599
Test_182,0.014660491986504695,0.10604409762748118,0.8507935987716501,0.028501811614364266
Test_183,0.559853979354937,0.03354680067495763,0.20998478415225083,0.1966144358178546
Test_184,0.47691090224678134,0.03307288983526423,0.19244216050100707,0.29757404741694726
Test_185,0.5076895074807362,0.05287945387311006,0.20770660266200344,0.23172443598415074
Test_186,0.3450214178226096,0.10306792847369656,0.0950214670003117,0.4568891867033822
Test_187,0.3897666560586809,0.1516573863379558,0.30888205222481097,0.14969390537855243
Test_188,0.6950455314303762,0.03611365468128748,0.06364545219564582,0.20519536169269037
Test_189,0.4814316885446673,0.007130279120498693,0.42002569243168053,0.09141233990315352
Test_190,0.042162675969812366,0.04028452519283266,0.8590042615686618,0.05854853726869337
Test_191,0.031664011533249235,0.040978301889034986,0.5172962686254642,0.4100614179522517
Test_192,0.8275531657086519,0.018987522704574804,0.05451436072192979,0.09894495086484374
Test_193,0.07873256832831521,0.06493533868312279,0.8394712717036736,0.016860821284888285
Test_194,0.08775707988609567,0.11072909399272175,0.7460031782082526,0.05551064791293045
Test_195,0.24690594465890697,0.11533380301215457,0.3042102254815828,0.333550026847356
Test_196,0.42531246134179684,0.04010900780179098,0.3009720700105282,0.23360646084588452
Test_197,0.0947149974056939,0.022013590650444715,0.7339991714878435,0.14927224045601806
Test_198,0.06432202776506389,0.01961831708442842,0.02675857037031993,0.8893010847801875
Test_199,0.30232372320658274,0.061848457581725726,0.44990163503097075,0.1859261841807205
Test_200,0.02738756443972522,0.08508238094510868,0.811940276901203,0.0755897777139632
Test_201,0.2131627878329187,0.021001469603750746,0.005860897649241166,0.7599748449140894
Test_202,0.03033605823444322,0.06464779301843658,0.883375643931222,0.021640504815897722
Test_203,0.1962977309275296,0.02270119243638363,0.16076743493600681,0.6202336417000801
Test_204,0.24214077918657037,0.05548425180903454,0.39065401584484893,0.31172095315954595
Test_205,0.2402693593727273,0.05444040433618686,0.0669693692605268,0.6383208670305591
Test_206,0.18199629866093783,0.036480467712840504,0.056231929910973616,0.7252913037152481
Test_207,0.21648739902659628,0.08909331142648917,0.2610606481745711,0.43335864137234353
Test_208,0.4345819614912169,0.07468459100931471,0.1383774641702985,0.3523559833291698
Test_209,0.03631174323515375,0.10784870736538138,0.7970104907606124,0.058829058638852696
Test_210,0.3401197268452953,0.06485496412110865,0.2749346603147237,0.32009064871887216
Test_211,0.018165617490314655,0.08602349107060747,0.8748632351248807,0.020947656314197163
Test_212,0.24971118130614794,0.06919166216206425,0.6371057930466315,0.043991363485156004
Test_213,0.10498125201081558,0.21108728161490978,0.48730409506607464,0.1966273713081999
Test_214,0.055517585112621906,0.07664905776267837,0.45922781880434255,0.4086055383203571
Test_215,0.342448735001774,0.06033316155833581,0.11682887475518525,0.48038922868470507
Test_216,0.512577412479927,0.0729370806285583,0.04661520539973753,0.36787030149177724
Test_217,0.12888757725408015,0.06588750930177957,0.16977992567377867,0.635444987770362
Test_218,0.477445254524658,0.1248266626772096,0.20760438372491574,0.19012369907321697
Test_219,0.29448018148507477,0.0526380213020675,0.5075175433903032,0.14536425382255438
Test_220,0.2503023419850824,0.03880583464256937,0.0969011598973971,0.6139906634749511
Test_221,0.7802401434688852,0.05273383018104623,0.03190641443859688,0.13511961191147162
Test_222,0.23682785722479455,0.08493907741540978,0.4801976825069993,0.198035382852796
Test_223,0.015583267964019418,0.08597406243656583,0.835550520030695,0.06289214956872
Test_224,0.6325124931814207,0.04240174863061439,0.2516184812015829,0.07346727698638184
Test_225,0.49294558538942007,0.04184127180306774,0.26739189669783314,0.19782124610967874
Test_226,0.026976434730715877,0.08760156147726254,0.861869815712413,0.023552188079608478
Test_227,0.1766692293857148,0.03401760694238863,0.06798974189047706,0.7213234217814192
Test_228,0.5766271147420255,0.0412757117844134,0.21492105113968188,0.16717612233387918
Test_229,0.04044147695592404,0.0969785571817164,0.7679494668747946,0.09463049898756494
Test_230,0.4574309650641302,0.08038603460458346,0.2638825218610492,0.19830047847023696
Test_231,0.11091473938881503,0.06325855916384199,0.2041555263290727,0.6216711751182703
Test_232,0.11416903586476501,0.023332642407247917,0.8449135346323994,0.017584787095588104
Test_233,0.3389511184928564,0.04720959341501204,0.3578921892069153,0.2559470988852163
Test_234,0.35902889451892417,0.05908500188490765,0.1917867585808326,0.3900993450153355
Test_235,0.14114862848470716,0.07667638456572787,0.07641612164420047,0.7057588653053646
Test_236,0.22934357503085634,0.00249221170058024,0.5541679253051214,0.2139962879634418
Test_237,0.07734139696437133,0.04519687676744188,0.1107077880212081,0.7667539382469789
Test_238,0.39250283928379204,0.016080711464058723,0.2711612479611104,0.3202552012910386
Test_239,0.03684279613518757,0.1510029300960317,0.7484525143322224,0.06370175943655865
Test_240,0.029615405874652414,0.17243638723761853,0.7600579405523882,0.03789026633534073
Test_241,0.17811978244222937,0.07093939444539125,0.15000507099018817,0.6009357521221911
Test_242,0.1244349573021043,0.03943238834136921,0.13260701892035825,0.7035256354361681
Test_243,0.6691002854231568,0.055605339111518305,0.11950245968272628,0.15579191578259877
Test_244,0.20768411198594655,0.13581817144046468,0.4281295195510766,0.22836819702251243
Test_245,0.008503167466801959,0.0425821934160646,0.9405272819009183,0.008387357216215544
Test_246,0.220991906807174,0.07311307565746733,0.051267487042028256,0.6546275304933301
Test_247,0.11074278242435125,0.07859722578261753,0.1054787272574004,0.7051812645356309
Test_248,0.581390271890745,0.07891221576742309,0.12264384850312879,0.2170536638387034
Test_249,0.2663259777687896,0.032516897019800386,0.1586725154255945,0.5424846097858155
Test_250,0.25997693688129964,0.027286780746187032,0.680372907660539,0.03236337471197449
Test_251,0.5339935380855423,0.061052243341873744,0.06894276201754779,0.33601145655503606
Test_252,0.04231327385481487,0.0156855110104108,0.872781958360776,0.06921925677399865
Test_253,0.14856077897076136,0.0644178058734042,0.007991146536205187,0.7790302686196293
Test_254,0.26849018166056104,0.042576353468473674,0.1054636466651782,0.5834698182057871
Test_255,0.31589243705813563,0.08602420898597246,0.22690571690814587,0.3711776370477461
Test_256,0.009429186725258094,0.0425722767352687,0.021781499948678784,0.9262170365907944
Test_257,0.020981345088204758,0.06322624644768572,0.8876671927024523,0.028125215761657166
Test_258,0.24800056760750738,0.04411234437551482,0.4089033205430023,0.2989837674739758
Test_259,0.1709602078412598,0.0679238065581354,0.4958403164832274,0.26527566911737743
Test_260,0.39038581409157874,0.012773127193771511,0.08132312844209581,0.5155179302725541
Test_261,0.08026396074041986,0.06088644055212137,0.8186036930113066,0.04024590569615185
Test_262,0.3275126315407514,0.09906946030679714,0.20678158901832383,0.3666363191341275
Test_263,0.5837270934023662,0.016374898014046832,0.08792599444939635,0.31197201413419046
Test_264,0.1711372500732736,0.08476830626619387,0.6591574192903612,0.08493702437017148
Test_265,0.12470317352351493,0.009665742705492815,0.3167893429103545,0.548841740860638
Test_266,0.07073904503565795,0.021461337744256893,0.017333599455119357,0.890466017764966
Test_267,0.5568646820192605,0.032483120170479475,0.12746302448594976,0.28318917332431015
Test_268,0.0020149091339436084,0.012928231683946852,0.9831048943334351,0.0019519648486746332
Test_269,0.1867586203231943,0.021995227181073388,0.11428192211286956,0.6769642303828628
Test_270,0.1642446003582413,0.03594642889420476,0.02615376972578141,0.7736552010217725
Test_271,0.5625530021639082,0.06285115266059989,0.23088675589945495,0.14370908927603657
Test_272,0.22684984868514466,0.02589366780148031,0.6217654202938313,0.12549106321954406
Test_273,0.4654978531827426,0.06151031676864782,0.09189660391547783,0.38109522613313146
Test_274,0.02350635909386077,0.09384500606002846,0.85063802351299,0.03201061133312093
Test_275,0.026472955718512096,0.14348276940896246,0.7673551349832562,0.06268913988926939
Test_276,0.0331735898039603,0.0993064718187218,0.5412252245852378,0.32629471379207997
Test_277,0.5465746452948204,0.059555023713969264,0.11407784170257666,0.2797924892886337
Test_278,0.23393880877540746,0.055896040678776515,0.12386261821313428,0.5863025323326818
Test_279,0.09878003816791102,0.03530072327348075,0.8239417240013152,0.04197751455729295
Test_280,0.17967461257290934,0.017047500892631625,0.04364462643789822,0.759633260096561
Test_281,0.5638979048381582,0.028464981306463164,0.16123286878147067,0.24640424507390804
Test_282,0.040014994095881294,0.08943730534839413,0.0544834047345069,0.8160642958212176
Test_283,0.019754398621265722,0.10895466658761506,0.8308641629090597,0.040426771882059495
Test_284,0.01734417660296542,0.1973778426567073,0.6593312996760187,0.12594668106430865
Test_285,0.5181883387445068,0.01463714956266992,0.20894996763253734,0.25822454406028594
Test_286,0.3554011143653033,0.005108639723966336,0.31424886357406784,0.3252413823366624
Test_287,0.6402118716987644,0.04100958641180356,0.26071756695788756,0.058060974931544516
Test_288,0.1340778062931868,0.06957400664569967,0.05582275817197095,0.7405254288891421
Test_289,0.2311907002872101,0.029943360005475934,0.06793245489197511,0.6709334848153392
Test_290,0.33053812983408287,0.11703459535300115,0.23218890462056904,0.3202383701923469
Test_291,0.05950760994632308,0.06532268569599714,0.8354407672976107,0.039728937060069275
Test_292,0.47066172092341424,0.06676083857385602,0.3118944536820435,0.1506829868206862
Test_293,0.027531928708520188,0.10102787813842051,0.858374891974654,0.013065301178405472
Test_294,0.05943668155016584,0.08108160303274918,0.7923783886937951,0.06710332672328999
Test_295,0.1875655992058928,0.03337201574170971,0.5356658804482229,0.24339650460417467
Test_296,0.31346672181412305,0.004392296785580622,0.412239956881775,0.26990102451852144
Test_297,0.0778614862052339,0.273273775397807,0.07626942960930516,0.5725953087876541
Test_298,0.05085395658775187,0.1286120420829936,0.6801099133467715,0.14042408798248324
Test_299,0.009713938196326316,0.19403064476545548,0.7506799713979264,0.045575445640291895
Test_300,0.767575924722776,0.0303418788250929,0.06393401451782985,0.13814818193430112
Test_301,0.4518342482435988,0.027479969215821073,0.07605160054758339,0.44463418199299676
Test_302,0.02288145850441538,0.07391263719704484,0.7698260351087255,0.13337986918981445
Test_303,0.39640379753426813,0.0931278547452336,0.13634869846420505,0.37411964925629326
Test_304,0.6327267446176705,0.06648130438590459,0.09936366582360061,0.20142828517282396
Test_305,0.33351386097492847,0.09734283282877722,0.3926143570424061,0.17652894915388828
Test_306,0.241737110824961,0.014278400420752117,0.32562751636547366,0.4183569723888133
Test_307,0.7969350438801931,0.012083087640496861,0.09440474788000532,0.09657712059930422
Test_308,0.19370188428558555,0.1476719799311604,0.15479918075377946,0.5038269550294747
Test_309,0.4583495239491772,0.05541507384399284,0.23105695809555005,0.2551784441112799
Test_310,0.042102661179119205,0.09623250960486956,0.7928130243797976,0.06885180483621334
Test_311,0.05900482382623292,0.12561475277820408,0.7251270618948262,0.09025336150073685
Test_312,0.10810787869135773,0.03423321424286199,0.030961517334538537,0.8266973897312417
Test_313,0.21742404718225963,0.0422096641754012,0.09211629470187108,0.6482499939404679
Test_314,0.29342445541738643,0.010403232653848174,0.39745216891220764,0.2987201430165575
Test_315,0.3563102944097834,0.039421733617630135,0.052428554521514806,0.5518394174510712
Test_316,0.39401139521058426,0.07291982995797873,0.4150724667227161,0.11799630810872089
Test_317,0.11797974527577594,0.03147209328044848,0.7630146734776955,0.08753348796608006
Test_318,0.23922130316091778,0.05056461418953744,0.05991188045500285,0.6503022021945416
Test_319,0.04398034425892548,0.07436400079876176,0.8484592164552311,0.03319643848708144
Test_320,0.06404641739510807,0.0736352009894842,0.7166658439546636,0.14565253766074399
Test_321,0.31957011294440435,0.060337980293828614,0.15496384392289866,0.46512806283886865
Test_322,0.2860469567982725,0.03794409217137817,0.12771486468890342,0.5482940863414457
Test_323,0.07391032499094013,0.04482103040713228,0.77478083749331,0.10648780710861756
Test_324,0.02676400785930175,0.07093221650822029,0.8758210560034986,0.02648271962897932
Test_325,0.2091188964688073,0.07827648407687174,0.21432939531417006,0.49827522414015124
Test_326,0.06601062048428528,0.06913351672500127,0.7450428274873007,0.11981303530341289
Test_327,0.1925204171910661,0.08023175486126106,0.14045178092127683,0.586796047026396
Test_328,0.19082381142206362,0.07510555479943555,0.5327647803290563,0.20130585344944457
Test_329,0.18588112212521452,0.031756090146885387,0.6995190471278828,0.08284374060001741
Test_330,0.05893348318155005,0.07088826212385604,0.43229502863153146,0.4378832260630627
Test_331,0.4530603017377589,0.09465809996459423,0.1387960505920767,0.31348554770557
Test_332,0.5279776012290471,0.07983483342449153,0.22743022480910796,0.16475734053735336
Test_333,0.16140725679513407,0.02949713498939484,0.6040895264021467,0.20500608181332441
Test_334,0.01570513626798576,0.013106221650677357,0.9499846891438578,0.021203952937478936
Test_335,0.5621628000804307,0.038967224352541956,0.10850309393043606,0.2903668816365912
Test_336,0.07591015407047978,0.044885578893191246,0.8398361829564239,0.03936808407990469
Test_337,0.3636419942122445,0.04790830683241706,0.08814099869621975,0.5003087002591187
Test_338,0.37933816482927507,0.005754658921755714,0.1825382329040923,0.4323689433448768
Test_339,0.05498711595984766,0.12357769028070578,0.7307468686425148,0.0906883251169318
Test_340,0.32421900740018295,0.042563637134222405,0.3758115737550153,0.25740578171057943
Test_341,0.39647695267674316,0.07634484518154055,0.08687541091685619,0.44030279122486
Test_342,0.7534888204440287,0.043481183654210685,0.08908971195921271,0.11394028394254775
Test_343,0.2895289062738025,0.012946002962194586,0.1160087969386328,0.5815162938253701
Test_344,0.014408440000696122,0.0921980525317145,0.8713041988665827,0.022089308601006722
Test_345,0.07097925088480524,0.10699610204619339,0.5942348674838357,0.2277897795851657
Test_346,0.015214329827802226,0.06936828079228723,0.8864838385022961,0.028933550877614497
Test_347,0.5584057875893726,0.0388701256678374,0.20753446754293683,0.19518961919985303
Test_348,0.10477727996470897,0.007271434110760531,0.025819917729228474,0.862131368195302
Test_349,0.30241191119848637,0.09502143910060543,0.21334857046037542,0.38921807924053264
Test_350,0.10749462120584719,0.01376440292184774,0.042457671966290925,0.8362833039060142
Test_351,0.010867256564876079,0.11088334755528167,0.852249109771834,0.02600028610800833
Test_352,0.24836513562258905,0.08752413313341421,0.10221213495572513,0.5618985962882717
Test_353,0.6330967014675222,0.02822091896023824,0.17790593479679231,0.16077644477544714
Test_354,0.26103015916541156,0.060551474877628526,0.5475270438121538,0.13089132214480598
Test_355,0.4213574367354135,0.05852110203008503,0.09117576107674522,0.42894570015775624
Test_356,0.5255903902018781,0.05437154165156467,0.13296386941105096,0.2870741987355065
Test_357,0.4805702080193346,0.0647767140927918,0.24286569064326569,0.21178738724460797
Test_358,0.3814237129360632,0.03712181292867677,0.23615864282862953,0.3452958313066302
Test_359,0.1378849788073224,0.0374779961428451,0.1420440756410648,0.682592949408768
Test_360,0.3961571213430156,0.017225614296471965,0.3681356030605064,0.21848166130000618
Test_361,0.623898290587392,0.049511628821608894,0.1393395551137835,0.1872505254772158
Test_362,0.05698235655250877,0.02067946836092874,0.642054954820434,0.28028322026612856
Test_363,0.048432170956205625,0.018899789458885197,0.7733802933223355,0.15928774626257347
Test_364,0.10716991905570075,0.07716442032642384,0.7285061464648597,0.08715951415301593
Test_365,0.06953431279232142,0.08351532390599316,0.8020478275314141,0.04490253577027139
Test_366,0.05872803238227083,0.07613950624109982,0.722152499819846,0.14297996155678316
Test_367,0.3404103266130332,0.018272789400661044,0.2288067103013389,0.4125101736849669
Test_368,0.8535767778232656,0.003668874907831251,0.02132738814807233,0.1214269591208309
Test_369,0.24723396595280692,0.007921449163542952,0.015225652956171743,0.7296189319274783
Test_370,0.012037153478791186,0.005864849885320473,0.9646488664984313,0.017449130137456935
Test_371,0.08537819736379468,0.08371617494607571,0.7495083442796154,0.08139728341051396
Test_372,0.1842911013487676,0.040890446570196186,0.31151331914733216,0.4633051329337041
Test_373,0.04598863249116297,0.10764874724607153,0.7213639337676138,0.12499868649515185
Test_374,0.08513084824703246,0.14807322435231277,0.6765476695177522,0.09024825788290237
Test_375,0.5355016580554411,0.055478194952336024,0.06245072106391645,0.3465694259283062
Test_376,0.47377958987601493,0.07485246170178227,0.2065612048443868,0.24480674357781612
Test_377,0.6158906481684634,0.0440213760949059,0.12522506816809306,0.21486290756853785
Test_378,0.10281139700454058,0.029378619324424232,0.8171816808656586,0.05062830280537631
Test_379,0.25059964898785525,0.04790104935784212,0.41214128031824365,0.28935802133605903
Test_380,0.14854984325533607,0.03934655776615812,0.01521806320890783,0.7968855357695983
Test_381,0.5589426421753152,0.06707871816975752,0.0834546222360711,0.29052401741885664
Test_382,0.5309159619086626,0.06977129469058833,0.09429710739446319,0.30501563600628573
Test_383,0.9077405646027298,0.01648089481907522,0.012805189703328309,0.06297335087486652
Test_384,0.04195559913270434,0.001286129195309596,0.9046586624578634,0.052099609214122794
Test_385,0.20280371343567313,0.05934625531846978,0.13946979586819155,0.5983802353776652
Test_386,0.022567510399400567,0.13729541095701847,0.7669913999345641,0.07314567870901671
Test_387,0.29628956819855334,0.11065535288471175,0.12999747817685287,0.46305760073988217
Test_388,0.5086247393769425,0.03235300299161641,0.018224990298829916,0.44079726733261115
Test_389,0.41972204245673744,0.036660502266057764,0.1015930039398429,0.44202445133736185
Test_390,0.43078763217327803,0.05599677310272316,0.10693291218005212,0.40628268254394667
Test_391,0.07642891029197743,0.05569720007997011,0.6895807803252819,0.1782931093027706
Test_392,0.12503212071679295,0.03848141454078719,0.7143449427484427,0.12214152199397717
Test_393,0.10387797628575036,0.24761687577614067,0.17357503289572568,0.47493011504238297
Test_394,0.32402527955797117,0.04663660649816005,0.3625693359589664,0.26676877798490234
Test_395,0.505863305720548,0.02524848509389862,0.40993912988039416,0.05894907930515913
Test_396,0.09801831259982953,0.0092978819943465,0.5622058899596708,0.3304779154461536
Test_397,0.12897015811139215,0.02952637703486418,0.026579060484975894,0.8149244043687678
Test_398,0.036347639398880985,0.07397840761212691,0.6576147973626701,0.2320591556263221
Test_399,0.45096737583090896,0.03935666428037149,0.13114216779712023,0.37853379209159954
Test_400,0.017603343870620843,0.06634283588684178,0.8622781208407618,0.053775699401775706
Test_401,0.04253361070554961,0.0581456463186001,0.8572923778295781,0.04202836514627221
Test_402,0.17683859305082533,0.06399461234916247,0.10613691821524385,0.6530298763847684
Test_403,0.1011977694709437,0.13615202189390607,0.6066089766101727,0.15604123202497783
Test_404,0.12578813317013499,0.05163477620909186,0.25973511261350646,0.5628419780072671
Test_405,0.06083018820271988,0.031364255989213025,0.03326786066818062,0.8745376951398862
Test_406,0.05352111684478471,0.07937195359245822,0.0866660903621518,0.7804408392006056
Test_407,0.07317718236008654,0.04890644577940101,0.037913163929157695,0.840003207931355
Test_408,0.1322977730736437,0.03748356317844523,0.03950998873262866,0.7907086750152821
Test_409,0.031837294699421474,0.09912274291996932,0.8170078144910133,0.05203214788959585
Test_410,0.30246046447573677,0.07108138485614521,0.06310607766066063,0.5633520730074576
Test_411,0.8178054771022072,0.06556892866843822,0.030887624686072344,0.0857379695432822
Test_412,0.07165069223358163,0.1481892711184733,0.5917574410111617,0.1884025956367836
Test_413,0.4603892627530265,0.0570776496003331,0.0963613850684414,0.3861717025781992
Test_414,0.2603162277476087,0.06947851512852798,0.5232525943330492,0.1469526627908138
Test_415,0.028054057084922236,0.061461969839236394,0.8719066073981928,0.03857736567764813
Test_416,0.20645386725176865,0.06336004072175103,0.22927444260222718,0.500911649424253
Test_417,0.022482716706051658,0.046426158960878754,0.9233756055306426,0.007715518802426902
Test_418,0.22917693227076852,0.14043275391748947,0.029589287469944592,0.6008010263417972
Test_419,0.04696328895744532,0.008660398948977712,0.037560512822976594,0.9068157992706006
Test_420,0.014801934155973057,0.1500857776505484,0.804119744852502,0.030992543340976217
Test_421,0.14287367210458768,0.055940583725689046,0.10996209077774415,0.6912236533919789
Test_422,0.06539738990095714,0.018386104771949064,0.14505479246831487,0.771161712858779
Test_423,0.08811792750517204,0.21272774391569763,0.366604540973991,0.3325497876051391
Test_424,0.09153931695578965,0.05904856694923057,0.794855882919248,0.054556233175731605
Test_425,0.5645170485061769,0.04108807434810187,0.11710502605771668,0.27728985108800464
Test_426,0.2881345275642254,0.058034658352346384,0.4658377716858196,0.1879930423976092
Test_427,0.06737595671349653,0.06266590081849849,0.07143940080152524,0.79851874166648
Test_428,0.12288132614975644,0.059188951209754315,0.02778637456771121,0.790143348072778
Test_429,0.061526706962472345,0.04944665511698903,0.8270885233441851,0.06193811457635339
Test_430,0.043208705861929264,0.055084480237823696,0.83309441288108,0.06861240101916695
Test_431,0.1995516716073035,0.009229335441497634,0.06981212155503974,0.7214068713961591
Test_432,0.3009243564113794,0.11037819467983351,0.05201753212833673,0.5366799167804504
Test_433,0.04740177338575283,0.026088970241243466,0.014370240343417445,0.9121390160295865
Test_434,0.37422884057134537,0.0695774021020099,0.03709707471342478,0.5190966826132201
Test_435,0.4904408266546474,0.04535366392617763,0.2098506689809542,0.2543548404382205
Test_436,0.5533425782103345,0.06226355465210266,0.24060885669134163,0.1437850104462212
Test_437,0.04213787219757269,0.03242798508084008,0.8194949104354625,0.10593923228612483
Test_438,0.06162357172859896,0.10620162092227435,0.7355267383728248,0.0966480689763022
Test_439,0.13322210121567588,0.17631539192249146,0.6297534536168415,0.060709053244991186
Test_440,0.02232284307461302,0.1015947297015205,0.8462126723504853,0.029869754873381532
Test_441,0.2795542467087057,0.06321697370557998,0.2035889588592949,0.45363982072641945
Test_442,0.4564382533559313,0.01210515389630792,0.16716572540756458,0.36429086734019606
Test_443,0.09226663304663417,0.1804669179305353,0.15757722108950115,0.5696892279333297
Test_444,0.3553537039255696,0.10529786019149341,0.24921038918927826,0.29013804669365867
Test_445,0.024960044976439683,0.05978337173023705,0.8631911211220115,0.05206546217131161
Test_446,0.3279210270864835,0.09492650472761528,0.30278551293999983,0.27436695524590143
Test_447,0.42802671019800786,0.0587761072837963,0.4138991294802844,0.09929805303791156
Test_448,0.05822672921772353,0.15608728817894094,0.6872871602465614,0.09839882235677379
Test_449,0.42586066918052173,0.14108897464289624,0.28208817799832897,0.1509621781782533
Test_450,0.3421165940839479,0.008411370805534309,0.3003258588031457,0.34914617630737255
Test_451,0.027109593930370584,0.0759198839833513,0.8425451619551626,0.054425360131115076
Test_452,0.2592347156879227,0.03716954928525073,0.31734189463967094,0.3862538403871557
Test_453,0.07097145888936238,0.05179323408375971,0.10999753720168488,0.767237769825193
Test_454,0.07200112077121432,0.04710913927501111,0.6196463808878421,0.2612433590659327
