image_id,healthy,multiple_diseases,rust,scab
Test_0,0.005164773418990736,0.07050310020489953,0.9214348862220136,0.0028972401540959627
Test_1,0.09481092586172267,0.05792396940583364,0.7411567540702639,0.10610835066217988
Test_2,0.3083371379016038,0.04150163977617144,0.44863389781242374,0.201527324509801
Test_3,0.41001762563296024,0.08186343474895855,0.12018310445185335,0.3879358351662278
Test_4,0.005237071563901111,0.0704346851556821,0.917375583107256,0.006952660173160787
Test_5,0.2666368380877093,0.041316393720017,0.4161207863082912,0.2759259818839823
Test_6,0.5372383599806325,0.035790091627206165,0.04036802781597711,0.38660352057618413
Test_7,0.033551955074803505,0.07864683177337661,0.03209334665091693,0.8557078665009029
Test_8,0.2913983220739656,0.15710086232465453,0.009412750019922384,0.5420880655814574
Test_9,0.3896707512104971,0.04484711400077461,0.498669507454436,0.06681262733429225
Test_10,0.00020553933515820764,0.014456775364655899,0.982981454867742,0.0023562304324440406
Test_11,0.3272271557644431,0.05571165930444485,0.20629922444639978,0.41076196048471236
Test_12,0.13824746944894117,0.17785283252483874,0.02984832140063031,0.6540513766255894
Test_13,0.4962812499140112,0.044065870094808196,0.3424272948028209,0.1172255851883595
Test_14,0.00022939296482279677,0.020635152370939283,0.9788864431900194,0.0002490114742186244
Test_15,0.016851133783439918,0.019557126337604314,0.958398529535665,0.005193210343290947
Test_16,0.19508573790576605,0.03217716167265171,0.006621646559629187,0.7661154538619531
Test_17,0.005660990118764231,0.08957216194707043,0.0567033688815459,0.8480634790526195
Test_18,0.8127631275070126,0.042804024902099704,0.0165308497111097,0.12790199787977766
Test_19,0.00917947268812249,0.011626405161542166,0.9446930289543843,0.03450109319595143
Test_20,0.6901746656361882,0.020598209557224207,0.07717238238902438,0.21205474241756322
Test_21,0.2511480438172575,0.03700441013065544,0.4546615170748115,0.2571860289772755
Test_22,0.42685616432021584,0.01908510106297504,0.5313241440744978,0.02273459054231136
Test_23,0.03020732841583646,0.009347034144252775,0.008110415045270963,0.9523352223946396
Test_24,0.532220861370265,0.030509858074954824,0.23890063828118074,0.19836864227359974
Test_25,0.05861853992254951,0.040365282514716966,0.024007664637244023,0.8770085129254896
Test_26,0.24397621600915956,0.08966719218031947,0.07728839049792889,0.5890682013125917
Test_27,0.008897334164491774,0.06181506300968635,0.9198694845232754,0.00941811830254623
Test_28,0.6034728273428323,0.05845742360910254,0.03168448678032999,0.3063852622677355
Test_29,0.6837254601372378,0.07369488225355726,0.13647767319613427,0.10610198441307093
Test_30,0.3909629487531233,0.030766785492470295,0.04169400679394444,0.5365762589604621
Test_31,0.00344676458514627,0.21948887064754846,0.7487037141636939,0.02836065060361133
Test_32,0.6313140079444424,0.024538323164425422,0.0461927577753151,0.29795491111581707
Test_33,0.017791096496775356,0.005230438124365328,0.0010908372859314438,0.9758876280929281
Test_34,0.12846699164612643,0.043564991047987944,0.22426923421615289,0.6036987830897325
Test_35,0.2625762868585863,0.04740279446206135,0.23712197533123666,0.4528989433481157
Test_36,0.0033036902242361043,0.06492463697773868,0.9276989947586791,0.004072678039346182
Test_37,0.22088434882334534,0.08425357377313747,0.2777326236597819,0.41712945374373567
Test_38,0.014706234666515628,0.019051128902230312,0.0047693511415627925,0.9614732852896916
Test_39,0.08772343526495074,0.021234956443245034,0.6330967248003548,0.2579448834914493
Test_40,0.09051124587136444,0.04665263737668528,0.54487510097304,0.3179610157789104
Test_41,0.014729806454496204,0.12098942593418473,0.8286719252271778,0.035608842384141276
Test_42,0.024139707417631783,0.013035324000899016,0.0024615678688368163,0.9603634007126324
Test_43,0.02578854992738826,0.01906923956291729,0.9446260919327846,0.010516118576909653
Test_44,0.4410912439311685,0.091492589050147,0.01422843247833498,0.4531877345403497
Test_45,0.5425528834463939,0.06022843000331501,0.09510557124801175,0.30211311530227947
Test_46,0.5944199307401542,0.01954951684904278,0.01027435021296018,0.3757562021978425
Test_47,0.00969462355679126,0.10798199532390466,0.8601518639185495,0.022171517200754283
Test_48,0.004169231781745554,0.10911956347585315,0.867278232642244,0.019432972100157108
Test_49,0.001565788950018283,0.03733662859062348,0.9520538869988517,0.00904369546050607
Test_50,0.004607951397603433,0.053154580464396625,0.9376773407847623,0.004560127353237529
Test_51,0.012087796381414377,0.029156372255101783,0.9004106751030914,0.05834515626039229
Test_52,0.06165139548342166,0.1960875200940475,0.6421865914685998,0.10007449295393143
Test_53,0.008710540876267036,0.03027619545933357,0.953575532544457,0.007437731119942629
Test_54,0.0302532680289975,0.23305790121623324,0.7038535371633367,0.03283529359143244
Test_55,0.3672819431156103,0.02747702619465902,0.09302728358889442,0.5122137471008363
Test_56,0.02630834543561981,0.015324938705788207,0.23132848116921853,0.7270382346893735
Test_57,0.41334816950937986,0.030192641539362488,0.10528493529716625,0.4511742536540918
Test_58,0.06978974392175973,0.023197933773058163,0.013004020114706942,0.894008302190475
Test_59,0.08065604411699041,0.08728064820250377,0.1258752635423035,0.7061880441382024
Test_60,0.00562631703726792,0.11451893512764515,0.04389698113618788,0.8359577666988988
Test_61,0.8236624241607688,0.058399530561894814,0.07016738741273644,0.047770657864599934
Test_62,0.25854842771259356,0.010747422882160625,0.6383554920079616,0.09234865739728432
Test_63,0.1808621307544271,0.042926907265219964,0.49716059643825444,0.27905036554209856
Test_64,0.7115735182880966,0.028815661191009867,0.17487070799330656,0.08474011252758715
Test_65,0.03096129613094202,0.02345040487225651,0.607291727501771,0.3382965714950307
Test_66,0.6268284071367174,0.039053054762413233,0.14875282163942688,0.18536571646144226
Test_67,0.020611257273054205,0.15389581167943087,0.7749930686347594,0.05049986241275543
Test_68,0.14207883627211979,0.1297613017951435,0.032434252929028795,0.6957256090037081
Test_69,0.005394794781328851,0.02498979442099436,0.964295760216596,0.005319650581080866
Test_70,0.045990224663361175,0.14158572785195325,0.08549612580534002,0.7269279216793457
Test_71,0.06807017700956071,0.019617428498281915,0.90486552105851,0.007446873433647348
Test_72,0.029151517469478264,0.10946586494440474,0.06874017708249805,0.7926424405036185
Test_73,0.5869387925106003,0.01211337578235589,0.24128099280583384,0.1596668389012097
Test_74,0.7069478036812268,0.02181731489756314,0.13501983665721848,0.13621504476399127
Test_75,0.4331807417963738,0.031877867223734965,0.2403271794291741,0.29461421155071715
Test_76,0.01757556451667072,0.1552102181103638,0.0410325365435506,0.7861816808294151
Test_77,0.06188548027038711,0.017284618238582385,0.7759543570100285,0.1448755444810022
Test_78,0.017301388463974273,0.0663690756868052,0.023302628489068077,0.8930269073601522
Test_79,0.6138933560744744,0.03476526404804023,0.22157432944167982,0.1297670504358054
Test_80,0.1735723385741453,0.09512211275175463,0.22160140991824498,0.509704138755855
Test_81,0.007734009917579797,0.037876066353254675,0.9477215763581998,0.0066683473709657284
Test_82,0.23071974798544787,0.03918481107246919,0.4555395103977212,0.27455593054436145
Test_83,0.19675965345376153,0.19404682504038775,0.41310120047401083,0.19609232103183993
Test_84,0.2770018947952542,0.0370856897005291,0.4711701367429067,0.21474227876131005
Test_85,0.4947579643108492,0.03120934459926716,0.2460102839672832,0.2280224071226007
Test_86,0.04447536141626617,0.04048661737602483,0.7095951123316306,0.20544290887607844
Test_87,0.6493092616235105,0.00997601768835837,0.12193280057999689,0.21878192010813408
Test_88,0.12154218451282352,0.14889631551039417,0.010014439991341866,0.7195470599854406
Test_89,0.29197780199245,0.027001731548714266,0.5111189017443817,0.16990156471445395
Test_90,0.011208225784553579,0.05314842066439195,0.9291625776141421,0.006480775936912358
Test_91,0.7252756846822246,0.02384664867742964,0.029905945309377322,0.22097172133096843
Test_92,0.5764444916381455,0.042085086729021975,0.015566417194154072,0.36590400443867843
Test_93,0.05448620049008304,0.08718178342793834,0.8109152818459083,0.047416734236070186
Test_94,0.0991107906588226,0.006830326297408167,0.0029575217861354942,0.8911013612576337
Test_95,0.5160402199627337,0.11320771978378616,0.1995746805644634,0.17117737968901664
Test_96,0.3050958615152007,0.060152152937638086,0.0601380347172853,0.574613950829876
Test_97,0.694888795065371,0.1398681210113985,0.06668812713564991,0.09855495678758025
Test_98,0.13867119742128603,0.3430564539192605,0.30930368299242367,0.20896866566702973
Test_99,0.3059566567225666,0.039459168825904216,0.38263215447727283,0.2719520199742564
Test_100,0.021853929751625464,0.042361745414345606,0.006957254782876727,0.928827070051152
Test_101,0.5974221469788648,0.053500327244083434,0.0780601736174581,0.27101735215959344
Test_102,0.10006416138791008,0.05161937162645341,0.03069942852859583,0.8176170384570405
Test_103,0.36960759207380056,0.06851377033841491,0.21699844339590502,0.34488019419187954
Test_104,0.35678197190377126,0.08762821675359769,0.11028236774332932,0.4453074435993016
Test_105,0.15903702759875438,0.02489152930020326,0.12440476257186393,0.6916666805291785
Test_106,0.7785061362765098,0.0128657353167549,0.18405842745012688,0.024569700956608657
Test_107,0.03421767844171366,0.20003944849555091,0.7097541679895351,0.055988705073200605
Test_108,0.48304623884998177,0.04030790712051905,0.0699918751883831,0.4066539788411161
Test_109,0.4454319968395269,0.0657354129911725,0.20563233092197508,0.2832002592473256
Test_110,0.6111971455753251,0.04397996457346939,0.025532391017339957,0.3192904988338657
Test_111,0.2643592068302636,0.03422287118267789,0.27363764617637415,0.42778027581068434
Test_112,0.006598272613410411,0.08969588422654363,0.8372130715073498,0.06649277165269617
Test_113,0.5624790282260066,0.05528681825424332,0.1895218954541658,0.19271225806558445
Test_114,0.35350639434334896,0.2363360648986377,0.01803757180616372,0.3921199689518495
Test_115,0.3147972231883782,0.04166227963121011,0.25003464265837727,0.39350585452203474
Test_116,0.7848135441652828,0.012447341151781253,0.1259425214033395,0.0767965932795961
Test_117,0.010315522571063614,0.10219755979100595,0.8720442722942646,0.015442645343665788
Test_118,0.008261890580239498,0.03578508047805034,0.9471170639703124,0.008835964971397684
Test_119,0.5262973407685339,0.1291105569240936,0.07943092052354896,0.2651611817838236
Test_120,0.003008153051953708,0.013215951359450325,0.980550322823027,0.0032255727655692073
Test_121,0.13411055015109555,0.032349024206735376,0.40662030506080865,0.4269201205813603
Test_122,0.019859746470246707,0.04723867462340062,0.8898375609069409,0.04306401799941174
Test_123,0.09696262201523614,0.0761378006078855,0.7080514401687007,0.11884813720817786
Test_124,0.9126872747391053,0.008163652055909175,0.005275581233509171,0.07387349197147622
Test_125,0.03077711662506951,0.20907611855902514,0.027792610416535524,0.7323541543993696
Test_126,0.7751366697040735,0.02094951563942672,0.15978047407088025,0.04413334058561955
Test_127,0.08829397146402979,0.19756366818302948,0.013790267484410234,0.7003520928685307
Test_128,0.2797519923999372,0.027359701595636127,0.0936060310311647,0.599282274973262
Test_129,0.01077125547500278,0.03915623334022976,0.9308983704212583,0.019174140763509186
Test_130,0.09265039621936164,0.04085027496756742,0.04281094249413792,0.8236883863189333
Test_131,0.0588229260650398,0.03677794221095073,0.03620595054029435,0.8681931811837152
Test_132,0.7565689341818201,0.015869182470740872,0.031333090211755975,0.196228793135683
Test_133,0.035238571428864385,0.06877115170538656,0.01730362217642085,0.878686654689328
Test_134,0.2615094490477487,0.037338939907213,0.289192229021123,0.41195938202391547
Test_135,0.42160558447737795,0.02848232024512166,0.3053496738060409,0.24456242147145926
Test_136,0.025925706275499158,0.006063173126774072,0.037431233246329264,0.9305798873513974
Test_137,0.18864563988081817,0.052064246947494085,0.5839848548238491,0.1753052583478386
Test_138,0.0002073844229947278,0.02163270426520884,0.9779797842607226,0.00018012705107363467
Test_139,0.9113740294724604,0.02066855723082997,0.03733166413363607,0.030625749163073784
Test_140,0.3743127880646797,0.04831295065206049,0.4999080725981106,0.07746618868514922
Test_141,0.29317069700683324,0.036114246921105125,0.296296017534554,0.37441903853750763
Test_142,0.3245632209040897,0.06934116287430617,0.2527235678347525,0.35337204838685143
Test_143,0.37894330120068015,0.09530124770230344,0.012447437819499986,0.5133080132775166
Test_144,0.3436321984965539,0.17437929052401407,0.15636698828966766,0.3256215226897643
Test_145,0.8010409645737959,0.04559061922901899,0.02797387503256383,0.12539454116462143
Test_146,0.0022812554924437098,0.04735545217920004,0.9426799652556561,0.007683327072700374
Test_147,0.007400608704265175,0.015408794733018151,0.947660901520062,0.02952969504265503
Test_148,0.8709944443729931,0.020646687822238347,0.07397654558312,0.034382322221648616
Test_149,0.047557652364644556,0.35465579667345987,0.16339022855214025,0.4343963224097554
Test_150,0.20098447497163244,0.056959405682683616,0.2734049921841625,0.46865112716152163
Test_151,0.002627329362484452,0.03393182670246659,0.962481137844953,0.0009597060900961605
Test_152,0.05426843944612902,0.06822978138708154,0.6538835547810052,0.22361822438578405
Test_153,0.6054283442238585,0.05163992935471469,0.056532504507892566,0.2863992219135341
Test_154,0.3351248618249075,0.060335722384921193,0.5626054273625356,0.04193398842763545
Test_155,0.0012910164709489665,0.12096902725596624,0.873387000809664,0.004352955463420376
Test_156,0.08806898875563572,0.00982864857249001,0.015985121611193597,0.8861172410606807
Test_157,0.05245320735732837,0.045899547981045424,0.8539782608257023,0.04766898383592374
Test_158,0.1462519881170898,0.016355410351772154,0.004581235167960047,0.8328113663631781
Test_159,0.18572898829917892,0.028565780985638434,0.5142637114520522,0.2714415192631301
Test_160,0.7613569187872051,0.028027834148336764,0.15646860048492076,0.05414664657953759
Test_161,0.04306431040448876,0.014900721161442495,0.02270636317917351,0.919328605254895
Test_162,0.11956050168337055,0.015503724853295963,0.8546292782741512,0.01030649518918243
Test_163,0.0005544755731479384,0.09284329424735166,0.9039937050021226,0.0026085251773779
Test_164,0.8488125064340264,0.021291302036777218,0.058390209616083905,0.07150598191311258
Test_165,0.38630685901957756,0.03415149411242897,0.06729451530224119,0.5122471315657519
Test_166,0.4299003272022625,0.05489710877177967,0.13487113119123725,0.3803314328347212
Test_167,0.023783778823412663,0.018622893808398284,0.9359154014143145,0.021677925953874633
Test_168,0.011164395411999378,0.022817825453749562,0.9490774558301168,0.016940323304134072
Test_169,0.347045594212937,0.031034860319403078,0.4026543572126165,0.2192651882550435
Test_170,0.33258624088919864,0.04197402081850733,0.32022592797719157,0.30521381031510236
Test_171,0.004481230502468213,0.03478828874132676,0.9382263913265453,0.022504089429660038
Test_172,0.05892212542684427,0.018096915092182198,0.9129296184636321,0.010051341017341592
Test_173,0.005284928670914728,0.009434962302982816,0.9748828684539661,0.010397240572136564
Test_174,0.8197848417085257,0.04417302125964609,0.05355071339882461,0.08249142363300395
Test_175,0.6834064468142569,0.1276643756699016,0.08117714826472859,0.10775202925111323
Test_176,0.1850712957867381,0.05534678209848051,0.3726273668278933,0.38695455528688805
Test_177,0.037116889832617114,0.00995625407247857,0.039955080563942806,0.9129717755309616
Test_178,0.05821426187670198,0.020316170347922883,0.003211146445196347,0.9182584213301784
Test_179,0.09454596370911236,0.07286507691796829,0.34802987008855824,0.48455908928436126
Test_180,0.3959756488732969,0.023184119404635082,0.285397810390066,0.2954424213320019
Test_181,0.00435942273633689,0.08338949026908415,0.017847374787818438,0.8944037122067605
Test_182,0.0082709056265495,0.10139373421614702,0.8585610268077658,0.03177433334953738
Test_183,0.33281616157084837,0.021055902416938315,0.06072690524090424,0.5854010307713092
Test_184,0.5495333981934861,0.010976436505010083,0.32845208505243667,0.11103808024906761
Test_185,0.2364721611757533,0.0936032375393858,0.10006659079474806,0.5698580104901128
Test_186,0.29190951824140604,0.008240253620277605,0.10700053723853124,0.592849690899785
Test_187,0.38294772057956133,0.09365025089912689,0.4689315289150678,0.05447049960624417
Test_188,0.31857293427054845,0.04201717219539995,0.054004597153534305,0.5854052963805173
Test_189,0.2947343691117115,0.03627089892012409,0.3828656623442464,0.286129069623918
Test_190,0.44837946812071544,0.030703219104566377,0.2519146384913261,0.2690026742833922
Test_191,0.045871731108325944,0.01272858015426804,0.392703814776656,0.5486958739607499
Test_192,0.4740532809407926,0.022815502666626467,0.06522039600385802,0.43791082038872275
Test_193,0.0034637426797035813,0.047043698195918304,0.9485833509298388,0.0009092081945392996
Test_194,0.033400822269434395,0.08201686437133938,0.7504191822639721,0.13416313109525418
Test_195,0.14651402351638823,0.0730159396507096,0.5994419221094698,0.18102811472343283
Test_196,0.37145131119689484,0.09465874744319386,0.25990883436997264,0.2739811069899386
Test_197,0.2152834837392231,0.036365208921099186,0.530221423397517,0.21812988394216046
Test_198,0.024545428651581006,0.004398094898042623,0.0023421165666550722,0.9687143598837212
Test_199,0.3690052707081395,0.08837541370994664,0.4667921005701747,0.07582721501173945
Test_200,0.006488070603822737,0.047146530669129647,0.9329978714619064,0.013367527265141056
Test_201,0.17035283850546987,0.007134294703902361,0.0054019041236105705,0.8171109626670171
Test_202,0.006330054153714954,0.046071748919323946,0.9415695433694042,0.006028653557556891
Test_203,0.16326742222516735,0.03583752220737646,0.5163491840486225,0.28454587151883404
Test_204,0.1792521775422923,0.020306359185118382,0.20985068963696002,0.5905907736356295
Test_205,0.07722899545588424,0.0357121640791883,0.014793970805733468,0.872264869659194
Test_206,0.0764505295112954,0.02568005252087237,0.019281617935828766,0.8785878000320034
Test_207,0.1393888255138682,0.08694917453438715,0.34760125749718834,0.4260607424545563
Test_208,0.38882477294686707,0.27847868515227103,0.12667432897757644,0.2060222129232853
Test_209,0.008127971732128722,0.3588688186426333,0.5480382130765289,0.08496499654870901
Test_210,0.17671985458593753,0.07478011670526637,0.11667532341585349,0.6318247052929425
Test_211,0.0027720094407873443,0.06500996178255809,0.9265925926320687,0.0056254361445858304
Test_212,0.08708537581491078,0.1572571416847744,0.729865252648839,0.02579222985147601
Test_213,0.07163132492869635,0.10828063074555111,0.306354232047577,0.5137338122781756
Test_214,0.07538191980990203,0.01519719817527838,0.5556881155731593,0.35373276644166
Test_215,0.404997220299042,0.012401668574293685,0.06509411506700673,0.5175069960596572
Test_216,0.645827157338132,0.012563212294909849,0.01087839397435651,0.3307312363926018
Test_217,0.06826466300246355,0.08552846316194207,0.5146474363070221,0.33155943752857253
Test_218,0.6528970800764908,0.06619233648205487,0.06449201948699307,0.21641856395446138
Test_219,0.03080646643937559,0.04682016389643187,0.9116578127938034,0.01071555687038897
Test_220,0.038903845205528864,0.006409527116975244,0.018898159027779464,0.9357884686497164
Test_221,0.32492385396883766,0.039178090504336294,0.30401101283615545,0.33188704269067065
Test_222,0.041642272080217375,0.008665489626812468,0.8894834051379814,0.060208833154988955
Test_223,0.02914712287100879,0.05171036596504969,0.8750505408307478,0.044091970333193814
Test_224,0.23413909101781136,0.0716788126226217,0.23566774750125905,0.45851434885830805
Test_225,0.578566399353188,0.03426111634861413,0.09353805081849949,0.2936344334796982
Test_226,0.13848450101863252,0.10292520078191875,0.475209124850392,0.2833811733490566
Test_227,0.07036757190868921,0.016881087875374564,0.050742538948135886,0.8620088012678004
Test_228,0.39914168196471017,0.023137650707875997,0.37482380157023193,0.20289686575718177
Test_229,0.008225796902968553,0.16304981336414004,0.8079855833736415,0.02073880635925017
Test_230,0.3634054139798681,0.05229402756857362,0.17690004584951277,0.4074005126020453
Test_231,0.13566725082025313,0.019215160325699462,0.02164019678159512,0.8234773920724522
Test_232,0.8064950856268912,0.014310343724312799,0.17061369388148886,0.008580876767307368
Test_233,0.3404229895636471,0.01621431016643242,0.08806370320898324,0.5552989970609374
Test_234,0.49448273574770746,0.037967993930459944,0.02465408373030599,0.4428951865915266
Test_235,0.03377133409062481,0.06886251364023777,0.06542624829517005,0.8319399039739676
Test_236,0.2186267137972672,0.024064183194589923,0.4380699931883735,0.3192391098197695
Test_237,0.1123473083819161,0.01607519098969807,0.02336206752714161,0.8482154331012445
Test_238,0.21311787953035374,0.06072825928716242,0.44844057658922126,0.2777132845932629
Test_239,0.004982705641580769,0.04768629877394646,0.921748265414182,0.025582730170290627
Test_240,0.0018526677536616196,0.0715642648923281,0.9168089080903703,0.009774159263640165
Test_241,0.24528472807318188,0.07126780506124697,0.23212803026936707,0.4513194365962042
Test_242,0.11748232760121037,0.06379403471336796,0.02054906299290675,0.798174574692515
Test_243,0.8991431828609862,0.035949716241973885,0.030512352298380657,0.03439474859865888
Test_244,0.029880360065063543,0.035495260104203605,0.16758401983730242,0.7670403599934306
Test_245,0.00121194784167811,0.021101794021058353,0.9725181866924559,0.005168071444807383
Test_246,0.10723238649506317,0.044851696147769196,0.009076872654960155,0.8388390447022075
Test_247,0.006289224975164821,0.02523439102318909,0.00978073446184988,0.9586956495397964
Test_248,0.2432257801229504,0.22909358163488314,0.08381126654907074,0.4438693716930958
Test_249,0.35505182541900837,0.024141385681360632,0.17061869645566252,0.4501880924439686
Test_250,0.9220959775010849,0.018192869733565337,0.024053729143462807,0.03565742362188702
Test_251,0.42642330309727566,0.032816647223107044,0.08706386165840187,0.4536961880212154
Test_252,0.032065589125384646,0.024034606395832207,0.5419399341430036,0.4019598703357797
Test_253,0.01315163824484304,0.020009173406030246,0.0014203932778470753,0.9654187950712796
Test_254,0.08135487314037147,0.01276336949211977,0.013657492189100876,0.8922242651784077
Test_255,0.28152960175205555,0.16830595049597133,0.04644815743065325,0.5037162903213197
Test_256,0.03190522334725754,0.09845759261790017,0.018249323834567753,0.8513878602002742
Test_257,0.004688170451221507,0.03490476762248969,0.9496034571499081,0.010803604776380754
Test_258,0.13858787041963,0.05715037960618223,0.5653987941289591,0.2388629558452288
Test_259,0.40848281034231465,0.07132654456407289,0.29126163810357786,0.2289290069900343
Test_260,0.22214653594832745,0.019269189380064125,0.010590990483357035,0.7479932841882517
Test_261,0.007452257409603754,0.04221370757366704,0.9443962515314247,0.0059377834853044965
Test_262,0.14552127808097598,0.1606293113786077,0.04248760604760862,0.6513618044928075
Test_263,0.24116620419981774,0.03533466678736772,0.024288255820417045,0.6992108731923973
Test_264,0.3755119739463546,0.055895700130868274,0.49305443637094604,0.07553788955183083
Test_265,0.3194046519384496,0.023813254597934982,0.13149523414155154,0.525286859322064
Test_266,0.005870247975894085,0.00908800243991086,0.0012375975351692633,0.9838041520490258
Test_267,0.7405151217411996,0.02436165612651885,0.06826475357313615,0.16685846855914574
Test_268,0.007136837376979437,0.10608496414621883,0.7540426086896129,0.13273558978718902
Test_269,0.49586301203342187,0.004191947627828607,0.04913677954925161,0.4508082607894981
Test_270,0.03648516461615695,0.04309805849628917,0.0037488668599498583,0.9166679100276042
Test_271,0.636587973831564,0.019676198638309467,0.14886174011180803,0.19487408741831871
Test_272,0.023508714912720986,0.02695026599756445,0.9145316225953513,0.03500939649436324
Test_273,0.5487458680081719,0.025585273606090534,0.05942925615778958,0.36623960222794766
Test_274,0.1132757729346992,0.1589807757613832,0.48731363717542336,0.2404298141284943
Test_275,0.06058139601490248,0.12475116857233913,0.049081239718630994,0.7655861956941274
Test_276,0.029890881571147956,0.15076933641927093,0.06791293266113609,0.7514268493484451
Test_277,0.2860586706241421,0.02592827232720496,0.09789315941423654,0.5901198976344166
Test_278,0.034180142049987025,0.16346832031346908,0.025451618079579887,0.776899919556964
Test_279,0.04351852980211029,0.0444784268747293,0.9024862300943085,0.009516813228851917
Test_280,0.20843525863481582,0.08808914044633374,0.22641120976033197,0.4770643911585186
Test_281,0.5819568738266592,0.01709830019234636,0.22418458943708272,0.17676023654391226
Test_282,0.0788808768739809,0.23728763967301086,0.1236510798969983,0.5601804035560096
Test_283,0.0005944501125158357,0.028944679042774393,0.9633860272847916,0.0070748435599182705
Test_284,0.006987585200479097,0.15019970306878552,0.7386637922061761,0.10414891952455917
Test_285,0.4975257427755449,0.02938992642229303,0.22934229876869033,0.24374203203347183
Test_286,0.6434885682992448,0.014578955337384217,0.2533636651768042,0.08856881118656669
Test_287,0.922405389857011,0.028300492689527883,0.03057499413093974,0.01871912332252107
Test_288,0.016742342954705614,0.031508455679312077,0.007603222089144298,0.944145979276838
Test_289,0.011449928026423849,0.0091252448109191,0.006198036924219684,0.9732267902384374
Test_290,0.5509335877623596,0.05983381377929574,0.21247514184199287,0.17675745661635203
Test_291,0.022646919466120453,0.027355322954987257,0.9462235774543362,0.003774180124555879
Test_292,0.8467682910533726,0.023810760251766625,0.015537049455609478,0.11388389923925168
Test_293,0.00076614359360838,0.0583769526078057,0.9401856631880948,0.0006712406104911663
Test_294,0.008784365967483339,0.02637163505988007,0.9490017759992629,0.01584222297337353
Test_295,0.5364703819212755,0.02821768893790814,0.31714709453793666,0.11816483460287987
Test_296,0.16222762706342236,0.025872397715635865,0.7505337549555029,0.06136622026543897
Test_297,0.03270377548383166,0.1932734371875064,0.09773119264084425,0.6762915946878179
Test_298,0.20611504078773518,0.07190750268099051,0.33640843299238155,0.3855690235388925
Test_299,0.22331914847900075,0.045883771900180476,0.48955313435810505,0.24124394526271384
Test_300,0.883053558749125,0.016338828545204492,0.023030467168403332,0.07757714553726718
Test_301,0.741518366476001,0.022925320557457964,0.031956421352495094,0.2035998916140458
Test_302,0.032673283406716845,0.07894938575856858,0.8104084510619413,0.07796887977277309
Test_303,0.360619750594954,0.047385854307219234,0.13258434231453417,0.45941005278329256
Test_304,0.7891448776217763,0.010941458134736648,0.06700662887291811,0.13290703537056914
Test_305,0.7942776062778903,0.008911381909481922,0.08251677983684258,0.11429423197578496
Test_306,0.42266616118335243,0.013789499577140813,0.4354214123461745,0.12812292689333238
Test_307,0.16443030486937713,0.03372784008142238,0.1119336179113692,0.6899082371378313
Test_308,0.19567171333366237,0.25665523531743945,0.18770140878343367,0.35997164256546466
Test_309,0.03535238479741825,0.1027292910328202,0.698797480483871,0.16312084368589028
Test_310,0.012637930467505398,0.0980709975152374,0.8293885289672521,0.05990254305000534
Test_311,0.007731288970360133,0.13410037087965576,0.8227224346809102,0.03544590546907385
Test_312,0.04039305818071292,0.007578123082886138,0.004238536260533215,0.9477902824758678
Test_313,0.09635063856113003,0.014104284602353256,0.012766254931215991,0.8767788219053009
Test_314,0.12089752347626487,0.044474034567810856,0.6839332226455554,0.15069521931036867
Test_315,0.08088668438743588,0.016603106867180376,0.0036948089207731807,0.8988153998246105
Test_316,0.44456651952404597,0.011448078645542542,0.5069103593811545,0.037075042449257134
Test_317,0.03705613286568551,0.026892472048236728,0.917282402620624,0.0187689924654538
Test_318,0.2392488202207748,0.06298267401666909,0.008699018918409438,0.6890694868441467
Test_319,0.0025927227151234843,0.09742206583743591,0.895368659102448,0.004616552344992531
Test_320,0.02333859169628441,0.02987690021105011,0.9318182355522776,0.014966272540387841
Test_321,0.5325295149833565,0.026263900001986012,0.08850086155178837,0.35270572346286894
Test_322,0.21289579146868043,0.1362333718634566,0.05336781885253615,0.5975030178153268
Test_323,0.03248745592560001,0.05320379534756724,0.8375157119208023,0.07679303680603054
Test_324,0.00993078366927777,0.060936667102097004,0.9028414821834967,0.02629106704512869
Test_325,0.11132194121055672,0.05261479091679446,0.020912551873837556,0.8151507159988114
Test_326,0.008445499446555722,0.045873691924555364,0.924354796414687,0.021326012214201745
Test_327,0.24416466682227206,0.061499798277980335,0.08004317822884972,0.6142923566708979
Test_328,0.31406776300399825,0.01675497625810361,0.6181370239847276,0.05104023675317045
Test_329,0.07361912025232381,0.05108402048010955,0.8494573204723407,0.02583953879522574
Test_330,0.01919764309107028,0.08473310019458649,0.4689745910908056,0.4270946656235377
Test_331,0.4538239962362026,0.039080035020916976,0.02312894986750134,0.48396701887537935
Test_332,0.8226827460826559,0.06324173372999527,0.07303781009500757,0.041037710092341424
Test_333,0.0664119071223532,0.04326314977091827,0.8707954870556873,0.019529456051040946
Test_334,0.004017527800274015,0.01708222374666284,0.9741102099520439,0.004790038501019397
Test_335,0.8858096010711689,0.014810436664590738,0.061166059876845105,0.03821390238739515
Test_336,0.2344963176820309,0.0391510275007329,0.43378392575002206,0.292568729067214
Test_337,0.4901120236867453,0.06101477297668775,0.0500513040299263,0.39882189930664097
Test_338,0.48613506087474956,0.017992332784816902,0.06722365176258147,0.42864895457785207
Test_339,0.2296721774618743,0.0431051687280299,0.6091571986178913,0.11806545519220428
Test_340,0.34783177841797613,0.019735121465585394,0.3120060302434744,0.3204270698729639
Test_341,0.4932785158237719,0.10692084730362368,0.043938866263787055,0.3558617706088174
Test_342,0.7530545605336436,0.11779040373800997,0.07629936414698893,0.0528556715813575
Test_343,0.27116591995324485,0.03379774353111779,0.2874202572309877,0.40761607928464944
Test_344,0.0035639359299499476,0.06701564377052004,0.9256754214712558,0.0037449988282741192
Test_345,0.14574389628675186,0.04009618302823333,0.3614160762330875,0.45274384445192745
Test_346,0.0017817700509789385,0.022110872736516126,0.9712766932748418,0.004830663937663171
Test_347,0.3235837810873929,0.035197965332406725,0.34413469634184757,0.29708355723835306
Test_348,0.34126635634783165,0.030427724732676385,0.18259814669064212,0.44570777222884966
Test_349,0.15558814060983678,0.020997488952338536,0.003211401787531033,0.8202029686502935
Test_350,0.05433436894845622,0.0590712630652652,0.03740518320681361,0.8491891847794648
Test_351,0.0004290700621748702,0.0562196532091263,0.9377081081212727,0.005643168607426155
Test_352,0.08628080005415764,0.21716987035073698,0.08123947561470714,0.6153098539803982
Test_353,0.35361616609637275,0.09194524645765656,0.2704851805963331,0.28395340684963793
Test_354,0.1667859113793146,0.03919608136091145,0.3454925327777082,0.44852547448206576
Test_355,0.4490776434141574,0.00904078417708256,0.007433823494563258,0.5344477489141968
Test_356,0.6710882050292822,0.026805135466172667,0.07047494998670133,0.23163170951784384
Test_357,0.6787156611630415,0.057971454289677884,0.07528526146611675,0.18802762308116414
Test_358,0.9047547503999821,0.028780879975773794,0.024201020961363152,0.04226334866288078
Test_359,0.008061309095131867,0.01306192692816833,0.00278306596818198,0.9760936980085178
Test_360,0.27831556698303045,0.019282328452162153,0.45563590968719175,0.24676619487761575
Test_361,0.7589152286040783,0.01767231440338055,0.19015944383973477,0.03325301315280594
Test_362,0.2149174007586275,0.071606278224757,0.12889186757589433,0.5845844534407214
Test_363,0.4049868840351985,0.052818820403997054,0.42946933481714433,0.11272496074365997
Test_364,0.09059284153754653,0.07671724787290887,0.8028935427073721,0.029796367882172384
Test_365,0.019056490347739853,0.052250995152996034,0.9162686666291311,0.012423847870133125
Test_366,0.021579988630571603,0.0796588903792659,0.865509830779826,0.03325129021033659
Test_367,0.636038925619349,0.026256749663842192,0.1874449590576201,0.1502593656591889
Test_368,0.37028352105016876,0.02906674940118172,0.3283629832204658,0.27228674632818384
Test_369,0.07100758910204905,0.09599333447151612,0.00807422000307676,0.824924856423358
Test_370,0.022805314109407213,0.009477721438147488,0.9603661004254971,0.007350864026948253
Test_371,0.009802796902692775,0.06285849579770342,0.9163077666943501,0.011030940605253808
Test_372,0.07034179372915396,0.05022224639219465,0.05381863088763013,0.8256173289910216
Test_373,0.006459126894949855,0.0911688743958942,0.853848079570419,0.048523919138736896
Test_374,0.014058184694466902,0.03477043638139441,0.9329025251026214,0.018268853821517425
Test_375,0.2968081832720958,0.0546419078865825,0.02299098797377694,0.6255589208675447
Test_376,0.3393252240646321,0.08961893895545453,0.1556219252257244,0.41543391175418887
Test_377,0.7380332389456519,0.030319292222415826,0.16042969170480886,0.0712177771271236
Test_378,0.0677389206488685,0.04975405035237749,0.838560860587204,0.04394616841155004
Test_379,0.05887718406841568,0.11454329556359445,0.5575817988643473,0.26899772150364254
Test_380,0.09713193246316526,0.008164299664275928,0.007912479490490515,0.8867912883820684
Test_381,0.7142992858485375,0.16836822770576604,0.02254720791513002,0.09478527853056647
Test_382,0.6872601441947457,0.027520255928124893,0.022201234066515373,0.26301836581061416
Test_383,0.5534234637387005,0.013551754212138275,0.007216216221627197,0.425808565827534
Test_384,0.012158276716261388,0.0118617866731251,0.9739761378138448,0.00200379879676868
Test_385,0.15563418084174502,0.1006444664068175,0.08465209218973233,0.659069260561705
Test_386,0.003195956303411547,0.15018266155434964,0.6232164069015844,0.22340497524065447
Test_387,0.3363901569863357,0.060593537059280125,0.02527976251434825,0.577736543440036
Test_388,0.655623027193401,0.04597506440104238,0.08028597881420638,0.21811592959135018
Test_389,0.317741200506916,0.13951980706600908,0.24036385775995336,0.30237513466712157
Test_390,0.14712076449449352,0.120972287848984,0.06403196146945653,0.667874986187066
Test_391,0.006492814290686992,0.06023414410557949,0.9165440309453959,0.01672901065833784
Test_392,0.025620671296341657,0.013501394502093552,0.9258138713531042,0.035064062848460906
Test_393,0.06111388089763132,0.04010959330788339,0.1829826341037421,0.7157938916907436
Test_394,0.42639564359415966,0.04039376377607642,0.14073868458199856,0.3924719080477653
Test_395,0.7058471384086746,0.02528087359122801,0.12314891680262002,0.14572307119747743
Test_396,0.2641511476562124,0.020074931724841115,0.4857606748386532,0.23001324578029317
Test_397,0.372615480463325,0.022581328844806202,0.1263436267712389,0.47845956392063027
Test_398,0.2408383375406932,0.07749557483083234,0.4074171522678843,0.2742489353605905
Test_399,0.6550076277771014,0.022612237831579934,0.03932857136411143,0.28305156302720696
Test_400,0.005493487553165519,0.04671544902000099,0.9355410549377013,0.012250008489132005
Test_401,0.028372908268008906,0.055162291345569665,0.8947521044956738,0.0217126958907477
Test_402,0.27837145683063685,0.01695210442463717,0.044089691939254085,0.6605867468054719
Test_403,0.030305296957468583,0.09385433634728178,0.8397191353657456,0.036121231329504046
Test_404,0.017323565942114635,0.0034903749610617364,0.013954053592132625,0.9652320055046908
Test_405,0.013887427375962014,0.012439640266164934,0.0054367146500267725,0.9682362177078463
Test_406,0.0004032552404917015,0.013277322728695057,0.0013250897199673648,0.9849943323108459
Test_407,0.010676110111272468,0.016441302310077493,0.001255818209157588,0.9716267693694925
Test_408,0.07803387223584955,0.08701923420341123,0.008696311803410173,0.8262505817573289
Test_409,0.04092873125606783,0.09431716994714927,0.8307239164001335,0.03403018239664942
Test_410,0.013117901614192877,0.05656980899738398,0.011533012277817332,0.9187792771106058
Test_411,0.6386985434579361,0.039006795674821536,0.08682320823929943,0.23547145262794267
Test_412,0.006851708466005422,0.251351435389666,0.197600560641249,0.5441962955030797
Test_413,0.38405545728918644,0.035614679638850386,0.38911201233734644,0.19121785073461692
Test_414,0.10530889842759757,0.19206042097234124,0.6212856127679667,0.08134506783209448
Test_415,0.0030526082583210174,0.031548999661048384,0.9603035811526974,0.005094810927933341
Test_416,0.20491644010181018,0.047203611558575,0.6088525559609965,0.13902739237861847
Test_417,0.0018373114812322707,0.011453829901758967,0.9859080829232919,0.0008007756937170806
Test_418,0.6069759741573312,0.023229046081380742,0.1345352859952728,0.23525969376601524
Test_419,0.7868021121718481,0.037648413506085186,0.049290334244227824,0.1262591400778387
Test_420,0.0029547910383293124,0.0762411648332924,0.9157477952768157,0.005056248851562797
Test_421,0.21272574181433998,0.06097694497741695,0.14294297559805869,0.5833543376101846
Test_422,0.2936507194404977,0.03680740585290638,0.24180305988723713,0.4277388148193586
Test_423,0.041784079173443976,0.16268926770882364,0.711225731728787,0.0843009213889457
Test_424,0.009317012380252242,0.05910909558632217,0.9183368200627526,0.013237071970673012
Test_425,0.33910329950191304,0.03080336514975582,0.006510385377473773,0.6235829499708574
Test_426,0.06475377907352985,0.03820367809940711,0.5272089733878584,0.36983356943920453
Test_427,0.015687555249210304,0.013454566474712965,0.013862496151489441,0.9569953821245873
Test_428,0.03195936331906444,0.012374213401298293,0.005837412991038468,0.9498290102885986
Test_429,0.08343386999368592,0.025917767961087575,0.6146993803071249,0.2759489817381014
Test_430,0.011693153366202235,0.24481032834227046,0.7305366271737624,0.012959891117764735
Test_431,0.294133944639566,0.03805917884552483,0.3860725174126111,0.2817343591022982
Test_432,0.104051684775,0.25628582263700767,0.04012773546497152,0.5995347571230205
Test_433,0.011042757141457629,0.008270004858117066,0.0014521244746763381,0.979235113525749
Test_434,0.46368696084948013,0.0412026490174392,0.09766908794471901,0.3974413021883615
Test_435,0.5792000160885002,0.01622531700754181,0.20504518259754698,0.19952948430641093
Test_436,0.5798158889815559,0.05292274016351115,0.2639832883870133,0.10327808246791954
Test_437,0.13675228976416284,0.06373896582300807,0.24159611736287925,0.5579126270499498
Test_438,0.15777109635122422,0.05126590547673409,0.5779637737387383,0.2129992244333031
Test_439,0.04275962854161422,0.18046250903641317,0.6960458008248123,0.08073206159716052
Test_440,0.0009754398272778747,0.04529628364860505,0.9473191627059676,0.006409113818149443
Test_441,0.2712411507047463,0.03776955520603403,0.023508943085589862,0.6674803510036298
Test_442,0.12138989773401813,0.017013724310364936,0.05376807547364758,0.8078283024819694
Test_443,0.0077920859688992705,0.07120821356691812,0.009465181189116212,0.9115345192750665
Test_444,0.5910648626788713,0.11051665397553749,0.07869533555958338,0.21972314778600788
Test_445,0.018003604409944043,0.04578594938320876,0.9127065460690913,0.023503900137755628
Test_446,0.06904043248422155,0.029259738804476278,0.756879147310019,0.1448206814012831
Test_447,0.15939617319569718,0.029512391268788477,0.7272684523846372,0.08382298315087697
Test_448,0.01301005758247664,0.1854314892347222,0.7739385219343732,0.027619931248428292
Test_449,0.1906927637936892,0.08465588919328856,0.10288304708875051,0.6217682999242717
Test_450,0.3218114865439931,0.0322726693730018,0.282337428904944,0.36357841517806133
Test_451,0.0034374739161326215,0.05683130972294578,0.928345103684991,0.011386112675930269
