image_id,healthy,multiple_diseases,rust,scab
Test_0,0.00812597919655972,0.07088583638894481,0.9195332890074325,0.0014548954070632144
Test_1,0.11606824470742136,0.060208692514432324,0.6381044860237582,0.18561857675438803
Test_2,0.45216979633915666,0.050715917766426595,0.2381848990652579,0.2589293868291585
Test_3,0.3942535264920869,0.15084867917439923,0.05121374253223067,0.40368405180128325
Test_4,0.009214532301457521,0.08179074556035075,0.9067010773390568,0.0022936447991351353
Test_5,0.8064107896848792,0.006345264113245085,0.11687634122661932,0.07036760497525649
Test_6,0.4218270901855734,0.06695487543136405,0.03888190167820061,0.4723361327048615
Test_7,0.030113581718647302,0.08338444512111762,0.036504887187758385,0.8499970859724767
Test_8,0.39956082258514986,0.08252746145248478,0.07346378928044067,0.4444479266819247
Test_9,0.3404182941666994,0.054381717690005243,0.47568130618052773,0.12951868196276767
Test_10,0.002751038314459937,0.07486617291347321,0.9086869808528969,0.013695807919169852
Test_11,0.3201961561628519,0.05110213438442233,0.3578995767442285,0.27080213270849723
Test_12,0.18214543647886727,0.06019442104421833,0.018164240725653005,0.7394959017512616
Test_13,0.3926775718877436,0.01921258053799544,0.5243584659636241,0.063751381610637
Test_14,0.004410434904646974,0.022630360782154208,0.9725867535373478,0.0003724507758509916
Test_15,0.0891186614834967,0.04198388947823632,0.8037077246270693,0.06518972441119779
Test_16,0.3924024903757026,0.05918528899844329,0.06940645188901029,0.4790057687368441
Test_17,0.009983217868187219,0.09955259115354287,0.13459218052735047,0.7558720104509193
Test_18,0.6551696585102508,0.07765749768281473,0.07860378714931314,0.1885690566576213
Test_19,0.013703610827963333,0.0637236727780744,0.9009344842668086,0.02163823212715342
Test_20,0.7442226534992756,0.004791086982000946,0.12211351900534603,0.1288727405133775
Test_21,0.4327892086050885,0.04809808229749705,0.25002291127442927,0.2690897978229848
Test_22,0.039768113220637315,0.13654508394042245,0.5134353109487196,0.3102514918902209
Test_23,0.03529834685433334,0.05209068280454872,0.14693216253773214,0.7656788078033856
Test_24,0.4067218649190147,0.047956890880060825,0.22533864620802993,0.31998259799289464
Test_25,0.44959860552299113,0.048722854083068576,0.2159156032752672,0.28576293711867284
Test_26,0.24912146839738158,0.062145937296189065,0.12472571810216943,0.56400687620426
Test_27,0.02976257116017951,0.15215290629493905,0.7840436995871435,0.03404082295773787
Test_28,0.7501510638578828,0.026496362582384726,0.061898757209102345,0.16145381635063014
Test_29,0.4190735509634385,0.07478813220547816,0.4209657213697161,0.08517259546136749
Test_30,0.41537789685117044,0.04671116510747334,0.18294788270105208,0.3549630553403043
Test_31,0.005759843635479607,0.15175004630085942,0.8341665196577946,0.008323590405866423
Test_32,0.5392580347258029,0.03419646668304442,0.026904551494194125,0.39964094709695874
Test_33,0.006990510739795426,0.0032675753545857054,0.0004300053325027639,0.9893119085731159
Test_34,0.43519955360781737,0.04698312107324408,0.23420586558285306,0.2836114597360856
Test_35,0.4056427589810923,0.05222366439489704,0.2624533561751907,0.2796802204488196
Test_36,0.010078609697829623,0.11158813513339953,0.8675901297755454,0.010743125393225741
Test_37,0.3844702131951488,0.042351618405339894,0.15611947588912575,0.41705869251038546
Test_38,0.03986793487188813,0.007866259201463456,0.001902139555309199,0.9503636663713392
Test_39,0.10748468804891864,0.05062941551982168,0.2877818747742071,0.5541040216570521
Test_40,0.20214426804657443,0.09445180200835782,0.408160502603993,0.29524342734107484
Test_41,0.014869221754684525,0.10839283476088765,0.8530444777353807,0.023693465749047116
Test_42,0.016959333328757695,0.023953171312611266,0.010263802385978592,0.9488236929726523
Test_43,0.2506988604876925,0.0060870230404355165,0.6901176848356835,0.05309643163618851
Test_44,0.5022486118243853,0.05799057453924797,0.011121395017994732,0.42863941861837196
Test_45,0.34440878439747563,0.07005487907168909,0.28219663832591085,0.3033396982049244
Test_46,0.3043335726593936,0.05143377515301002,0.024684832334995042,0.6195478198526011
Test_47,0.01769944179742656,0.07477846882056675,0.8908185085591974,0.01670358082280929
Test_48,0.003902355458441508,0.0715490275085265,0.9169145416864017,0.0076340753466300985
Test_49,0.01036848551470836,0.06797408680902534,0.9053873244914705,0.016270103184795846
Test_50,0.004734550996972139,0.029216823758968228,0.9608992718635674,0.005149353380492598
Test_51,0.03387490158895893,0.08270093310663959,0.8152346011374108,0.06818956416699033
Test_52,0.14689318739781762,0.08280463402088957,0.5442245274030076,0.22607765117828532
Test_53,0.014404125529284864,0.07965568679532598,0.9002578116867862,0.005682375988602797
Test_54,0.015494351852500624,0.12305830967853773,0.8532907879998082,0.008156550469153433
Test_55,0.35410061737280024,0.03360326085779014,0.029826826458269153,0.5824692953111406
Test_56,0.009712849671975674,0.034402205563249744,0.21276252057319564,0.7431224241915791
Test_57,0.43289328110647407,0.04693191265260557,0.24444096647036748,0.27573383977055294
Test_58,0.04660306426705775,0.006243506028773725,0.002889439781712172,0.9442639899224566
Test_59,0.014806711540948385,0.1367020397908398,0.6150735185112142,0.2334177301569975
Test_60,0.01020541865748148,0.22033920696320664,0.29517333790555866,0.47428203647375333
Test_61,0.757171393297886,0.04923117880108909,0.11494393767849043,0.0786534902225347
Test_62,0.16134123826307673,0.004536493492441141,0.6696902106322198,0.16443205761226243
Test_63,0.2988825691989268,0.08508861387339779,0.44063735804170157,0.17539145888597388
Test_64,0.6256235612957497,0.03286242717469528,0.18256604517724942,0.15894796635230588
Test_65,0.031094882677349982,0.12668532798327262,0.7131813852177057,0.1290384041216716
Test_66,0.8398472597942745,0.008360516818688726,0.09989768440286444,0.05189453898417235
Test_67,0.013318751581526216,0.09240642507984412,0.8614972841834045,0.032777539155225174
Test_68,0.165331511877003,0.0442797652306944,0.02307209856493779,0.7673166243273649
Test_69,0.007489085316447861,0.0453640507275639,0.9436914484067627,0.0034554155492255794
Test_70,0.06398972185755365,0.11661859317900583,0.363790773499984,0.455600911463456
Test_71,0.06068601957846268,0.022320730701213206,0.8910278612725897,0.025965388447734595
Test_72,0.07452905846504126,0.12483057237343888,0.459408363877993,0.341232005283527
Test_73,0.8607166921245433,0.012024615731212378,0.07534402315500752,0.051914668989236856
Test_74,0.3822558647458425,0.020988859168641242,0.39049794429338514,0.20625733179213088
Test_75,0.43176957758959345,0.04758440310003491,0.2524155660385822,0.26823045327178935
Test_76,0.018825093817423148,0.06957440719273836,0.05297845347481638,0.858622045515022
Test_77,0.15241763058862198,0.05465838872341061,0.564560511997497,0.22836346869047053
Test_78,0.050600581061197726,0.1494547899500886,0.14505373464391752,0.654890894344796
Test_79,0.34229219473535666,0.044543106507684796,0.5016910675468008,0.11147363121015808
Test_80,0.1662541236016452,0.05958159211597253,0.200692735457393,0.5734715488249894
Test_81,0.00305761905188249,0.051171524351847665,0.9398573694327663,0.0059134871635031635
Test_82,0.43382197827644664,0.04758026670011074,0.2550325677958865,0.2635651872275556
Test_83,0.3423864360164947,0.167867145268058,0.14241138127149744,0.34733503744395
Test_84,0.43510111263904,0.045835537482881876,0.25933882921002976,0.2597245206680481
Test_85,0.34672443586480917,0.0387427271493368,0.34729555617932995,0.2672372808065241
Test_86,0.030185826620571385,0.14630084157539863,0.7845790862377249,0.038934245566305294
Test_87,0.27014622021380696,0.00878852898429667,0.2582455439554383,0.46281970684645807
Test_88,0.10062689749925628,0.057504222649392936,0.011767807814411512,0.8301010720369393
Test_89,0.3843554882041569,0.021842540108776412,0.2506246032505836,0.343177368436483
Test_90,0.028092493698372252,0.13221698961634332,0.8277348906096683,0.011955626075615934
Test_91,0.5919316346007096,0.04907676943428931,0.07276223750191262,0.2862293584630888
Test_92,0.36896000160937203,0.026174102730690527,0.015286403113990361,0.5895794925459472
Test_93,0.06529019380976045,0.23343446708402077,0.5861272717720186,0.11514806733420022
Test_94,0.11636946266918403,0.023082526652257903,0.019925377530503486,0.840622633148055
Test_95,0.4383217418006675,0.10253542492412689,0.1923817426083554,0.2667610906668502
Test_96,0.4123764046400097,0.043161753275021086,0.23162411493952484,0.31283772714544456
Test_97,0.7830830374942054,0.041511031998768363,0.06407170122761655,0.11133422927940978
Test_98,0.41114024760702644,0.16000085324810398,0.21027626732531746,0.21858263181955218
Test_99,0.28251875131396936,0.07210962019032395,0.37206932470956167,0.27330230378614506
Test_100,0.0311355591648506,0.042063780473507575,0.006215853296998887,0.9205848070646429
Test_101,0.6048435696135032,0.028895919487651245,0.11265562123004703,0.2536048896687986
Test_102,0.1554356739923694,0.08943764462333917,0.06567082316206721,0.6894558582222247
Test_103,0.3733328818201331,0.07944412382386569,0.1644593139964734,0.382763680359528
Test_104,0.4382833438348657,0.07610586552441952,0.13929113805352955,0.34631965258718533
Test_105,0.3570122882095399,0.04147919586116133,0.25303234226639526,0.34847617366290323
Test_106,0.6764396575436402,0.05207197304782052,0.19733955118300253,0.07414881822553675
Test_107,0.001974506279474509,0.11380856945278404,0.8618194525285882,0.022397471739153046
Test_108,0.2902022859329718,0.026833532698016437,0.012528254514019854,0.6704359268549914
Test_109,0.49786146405922305,0.12987389771707783,0.08420964431651139,0.2880549939071876
Test_110,0.6963189953768925,0.02627124922137297,0.009532756453465581,0.2678769989482692
Test_111,0.4377914690597416,0.04721817180900805,0.2532491190426078,0.26174124008864275
Test_112,0.006888062582772606,0.1086001464722052,0.8506952553563498,0.03381653558867247
Test_113,0.48897450052009894,0.08185143820928645,0.125144243112184,0.3040298181584308
Test_114,0.29609070955507333,0.1114266749449691,0.032442203083586696,0.5600404124163709
Test_115,0.38931891684683795,0.06604910574933974,0.1316558008473221,0.4129761765565003
Test_116,0.06430282276513297,0.14697404620608356,0.6084413790523332,0.18028175197645027
Test_117,0.003523687183713212,0.10625542397354046,0.8875127724853765,0.002708116357369746
Test_118,0.013447026930800248,0.08355077902046502,0.8876673813685783,0.015334812680156065
Test_119,0.45604311720639085,0.04729625371092656,0.09390554022876854,0.4027550888539143
Test_120,0.004737110060210829,0.009589284385124583,0.9834761391677945,0.002197466386870163
Test_121,0.29143161233442566,0.09412682841984728,0.21693636162503646,0.3975051976206911
Test_122,0.19661021879086507,0.06539410938219566,0.6766254926697427,0.0613701791571966
Test_123,0.020279205690860762,0.04836035625635343,0.9206575413710747,0.010702896681711165
Test_124,0.6499968245550116,0.03328884045608239,0.0076823015634899395,0.30903203342541585
Test_125,0.03715813170568413,0.06248650307008204,0.024195414721528103,0.8761599505027057
Test_126,0.7635923758849075,0.05868614240282554,0.12138222663007904,0.0563392550821879
Test_127,0.1557803593303049,0.02601181899771386,0.004977953628338998,0.8132298680436423
Test_128,0.35411921697908644,0.0488090913959996,0.2506712271996256,0.34640046442528843
Test_129,0.007559296613858202,0.1151556952827969,0.8438722601154297,0.03341274798791518
Test_130,0.39869150590570296,0.07710268858741054,0.12766108188713066,0.3965447236197555
Test_131,0.018085917128430887,0.005862516041485285,0.001974731924530131,0.9740768349055539
Test_132,0.5573616506765938,0.049073446702694444,0.07979481148268817,0.3137700911380238
Test_133,0.037530248199164416,0.058222470689330015,0.048765336671314365,0.8554819444401913
Test_134,0.4323069622164996,0.046799374851914224,0.25456955518796276,0.26632410774362364
Test_135,0.31375777917312925,0.027996163586996387,0.19079660840710344,0.467449448832771
Test_136,0.1653028886164338,0.0371004218777457,0.06312513983990854,0.734471549665912
Test_137,0.3172075961684261,0.05644462540194057,0.41214739438728165,0.21420038404235167
Test_138,0.0047665013827820025,0.07375601968516923,0.9184441833256464,0.003033295606402379
Test_139,0.459431885170453,0.04870020589876203,0.2279329901176061,0.26393491881317843
Test_140,0.2863284328333453,0.049449942905596456,0.2908497041897737,0.3733719200712848
Test_141,0.437444948505651,0.04740305603594975,0.25043668377002637,0.2647153116883725
Test_142,0.22601532107465788,0.19336972667431263,0.3258003832100392,0.2548145690409904
Test_143,0.49170024748344476,0.04380454557066395,0.02139467708960703,0.44310052985628434
Test_144,0.2835716475329984,0.18857128417712493,0.33782221395562123,0.1900348543342555
Test_145,0.6159789696565037,0.04413839218456118,0.06330771305912657,0.2765749250998083
Test_146,0.03179922037197069,0.06480124837249908,0.8869522711603169,0.01644726009521345
Test_147,0.0013470236049352086,0.05689621358338,0.9278254880108411,0.013931274800843737
Test_148,0.434206434595565,0.023680999486678334,0.3689080644049256,0.17320450151283118
Test_149,0.011273279890113485,0.12104626911589692,0.1716265777227518,0.6960538732712379
Test_150,0.38533813374792136,0.03848538264306276,0.28466739289415294,0.2915090907148633
Test_151,0.003912993361946343,0.05978899228277151,0.9350169546817547,0.0012810596735275063
Test_152,0.022628893316218368,0.11915127129817225,0.8105654413291581,0.047654394056451214
Test_153,0.4990172419498928,0.0443534522437506,0.16723852304468725,0.2893907827616697
Test_154,0.2018886646060525,0.05497572231449866,0.6820363245491603,0.061099288530288474
Test_155,0.0039109026678712765,0.08845334807198757,0.9060576787224668,0.0015780705376746411
Test_156,0.008867795059410644,0.00532976742072191,0.0006586905426502411,0.9851437469772172
Test_157,0.6457546524441427,0.031850347652957224,0.09097191097584648,0.23142308892705343
Test_158,0.012781748738352952,0.0021110276770013913,0.0005613196941893599,0.9845459038904562
Test_159,0.26963422179026547,0.024411501076440165,0.42804372674841246,0.27791055038488216
Test_160,0.4723760290704543,0.052931545900247415,0.24646465146440552,0.22822777356489232
Test_161,0.10482685015573372,0.06973510025722852,0.06402848667326921,0.7614095629137683
Test_162,0.1997556612197582,0.016388402516447298,0.7273630912670433,0.056492844996751536
Test_163,0.0013393772467102207,0.06288218954839522,0.9347666286225959,0.0010118045822987561
Test_164,0.8166358051836125,0.03154110351949223,0.050814732459800976,0.10100835883709447
Test_165,0.1717049404413559,0.07368882972927125,0.08625286522675644,0.6683533646026161
Test_166,0.05355668432966175,0.0705534354430703,0.8527680602380296,0.02312181998923826
Test_167,0.030365757278183792,0.005475253696567478,0.9269985110344973,0.03716047799075162
Test_168,0.015165322957013972,0.09912870521543497,0.8766786619201019,0.00902730990744899
Test_169,0.4255054154359243,0.02403235966091842,0.4806823656205802,0.06977985928257674
Test_170,0.43549195934772794,0.044702258876449276,0.2630571839046503,0.25674859787117255
Test_171,0.005443333145279954,0.06768038939769758,0.8945682282468089,0.032308049210213685
Test_172,0.16971720794985237,0.058297532600326885,0.6163331969406856,0.15565206250913496
Test_173,0.00450135914720738,0.07939031694921442,0.9105887716449769,0.005519552258601072
Test_174,0.557002529176916,0.029475483724892716,0.0587253646206016,0.35479662247759
Test_175,0.47895275078405347,0.03908883024943532,0.019974052281928913,0.4619843666845823
Test_176,0.47775309255174725,0.05228632396292226,0.2931387665124844,0.17682181697284607
Test_177,0.022352511208154704,0.012255955674144208,0.007987759385671984,0.9574037737320291
Test_178,0.006627203270727638,0.002137542349639571,0.00030789187990519533,0.9909273624997277
Test_179,0.09219506657203239,0.05748323358541641,0.6248220677428358,0.22549963209971516
Test_180,0.44200139889089,0.06543399000709502,0.221619125247204,0.270945485854811
Test_181,0.05419911629615913,0.1381754586315358,0.07595958501132358,0.7316658400609813
Test_182,0.004049891182334939,0.08429920050851898,0.8975816640792263,0.014069244229919557
Test_183,0.552576257332238,0.061726164624378146,0.25361378888829683,0.13208378915508692
Test_184,0.5527036761478749,0.012125839398768446,0.07817762154372157,0.35699286290963533
Test_185,0.20004011700668287,0.11284726786930044,0.3430908898427319,0.3440217252812851
Test_186,0.14328271999759487,0.01478947394732318,0.04541714117970601,0.7965106648753758
Test_187,0.20151824585641434,0.11472025421454211,0.448545144492703,0.2352163554363405
Test_188,0.7074062195697421,0.011342206182334003,0.04750818556216039,0.23374338868576322
Test_189,0.4584837184126986,0.04067163949546244,0.2686937837344628,0.23215085835737592
Test_190,0.26209131546754905,0.05777125198426264,0.26363539749948545,0.4165020350487028
Test_191,0.024447102876857165,0.06004063408749743,0.3799438326347447,0.5355684304009009
Test_192,0.5156069924195982,0.020723860933999416,0.2272807224310096,0.23638842421539266
Test_193,0.02386761772076641,0.06092011819883081,0.9072284716920462,0.007983792388356788
Test_194,0.01709365044834328,0.12278742190611619,0.8109012737917622,0.0492176538537786
Test_195,0.09534376421104433,0.1506632166969784,0.6355417438083618,0.11845127528361556
Test_196,0.4648209330517506,0.06439243035480728,0.19976225436282805,0.2710243822306142
Test_197,0.18457811171076463,0.0330110503727055,0.631678221076785,0.15073261683974498
Test_198,0.004813977564659767,0.004382828399399191,0.00037132379992937833,0.9904318702360116
Test_199,0.038043460861402686,0.10275281400307051,0.8374539210757911,0.021749804059735516
Test_200,0.0051790175494501765,0.07583714841979318,0.9090043487318212,0.009979485298935152
Test_201,0.38823102077848676,0.05538647126873936,0.15410180106937035,0.40228070688340345
Test_202,0.009586115685458627,0.06446844163020189,0.9231642787370319,0.0027811639473076855
Test_203,0.2992862365465098,0.04559264379115816,0.3579337860878473,0.2971873335744849
Test_204,0.41960464346388343,0.0655976781906737,0.337496423283464,0.17730125506197872
Test_205,0.10181098713783719,0.050805133278948034,0.0281695729059442,0.8192143066772704
Test_206,0.16273842718490772,0.06325253921676145,0.13290276552391175,0.6411062680744188
Test_207,0.024175111814166636,0.07612545062630956,0.35836936098666244,0.5413300765728613
Test_208,0.555329215822741,0.07147759152651222,0.050158942015163285,0.32303425063558344
Test_209,0.01427599494885121,0.10441556557585867,0.8050896224585524,0.07621881701673729
Test_210,0.26675838701141363,0.04996640308116304,0.15023083973522483,0.5330443701721982
Test_211,0.001172641284742912,0.08848030372549981,0.9069853368163524,0.0033617181734046345
Test_212,0.013825838938762795,0.04019668581511327,0.9401644207781278,0.005813054467996209
Test_213,0.12053619444691067,0.10601526954600364,0.4564426207118325,0.3170059152952532
Test_214,0.02335251478712851,0.10388629676246719,0.5351676177916679,0.3375935706587362
Test_215,0.25962917089067045,0.004981371879319787,0.12699878969630138,0.6083906675337085
Test_216,0.3817052547312738,0.053540680984558,0.2722648039496294,0.29248926033453865
Test_217,0.016457820727647902,0.1262377485014107,0.6908547014912154,0.16644972927972604
Test_218,0.7027795125836122,0.0400208076152559,0.1191151932232316,0.13808448657790018
Test_219,0.05761824329399246,0.08261494972645307,0.8422173316413353,0.017549475338219378
Test_220,0.035489113232777536,0.013332032154469558,0.018589400422719678,0.9325894541900333
Test_221,0.4372244323810508,0.04822254817217195,0.2572951062246239,0.2572579132221536
Test_222,0.05915560483451478,0.03555918238219489,0.7629046660740528,0.14238054670923722
Test_223,0.01245868910496566,0.10044394065016456,0.8226065512390016,0.06449081900586771
Test_224,0.43664940679546105,0.04790789092641556,0.25274635507185467,0.2626963472062688
Test_225,0.4544965866809794,0.051015392155210455,0.12404141623951413,0.3704466049242959
Test_226,0.10773269326017958,0.16083408118520462,0.6050965129079032,0.1263367126467124
Test_227,0.3142817439488052,0.028574533970060666,0.05511852219974533,0.602025199881389
Test_228,0.17501417376216435,0.13730842406838104,0.5216251565961595,0.16605224557329523
Test_229,0.019586061257454303,0.10788774096010109,0.7104976449514074,0.1620285528310373
Test_230,0.40293030959746234,0.04274925245666588,0.2680691463970059,0.286251291548866
Test_231,0.1503268149326351,0.03966854952575003,0.023102560386058305,0.7869020751555565
Test_232,0.3894771826401186,0.01670777364894104,0.532117193668039,0.06169785004290097
Test_233,0.4192758019427757,0.04521971007279088,0.2047046705708446,0.33079981741358905
Test_234,0.5654418866023979,0.03841030687279079,0.047833267399468866,0.34831453912534244
Test_235,0.01990792122213036,0.17054617329644722,0.5523679671385067,0.25717793834291597
Test_236,0.3049412444454722,0.026156555940551662,0.4214543862743989,0.24744781333957735
Test_237,0.14119725968122393,0.03721916944680219,0.06220407073304066,0.7593795001389331
Test_238,0.4364327066805753,0.04775519288633687,0.2533028725584826,0.2625092278746048
Test_239,0.008689120254015682,0.09131474826751053,0.8710792198220142,0.028916911656459543
Test_240,0.0023679936293898854,0.08374401489275729,0.9080659143959504,0.00582207708190252
Test_241,0.30649863949727674,0.1044445069976858,0.22625366686955176,0.3628031866354859
Test_242,0.16456771753490362,0.0335820922606442,0.01814454858485459,0.7837056416195974
Test_243,0.8183077825810662,0.03992250347532603,0.05392127338302684,0.08784844056058107
Test_244,0.04463167902463885,0.09571072035184275,0.576825047088453,0.2828325535350657
Test_245,0.004416480340232337,0.08043967477001811,0.9014682453159703,0.013675599573779113
Test_246,0.16575056737736038,0.0543551564570697,0.08436843741037478,0.695525838755195
Test_247,0.002060724896336404,0.004542728986203329,0.0018925924291115896,0.9915039536883488
Test_248,0.3964855685844241,0.08163438543044645,0.26546606454693206,0.25641398143819766
Test_249,0.32482067124023223,0.03139921952557547,0.1944873591632597,0.44929275007093256
Test_250,0.6032444954515307,0.02495953605757164,0.2895006369780099,0.08229533151288797
Test_251,0.42063568508902266,0.031995030610117395,0.02046035446375171,0.5269089298371084
Test_252,0.05162310779375347,0.04602247376214953,0.6287962502479727,0.27355816819612455
Test_253,0.01813716862988438,0.019763153796381588,0.0031874786645266066,0.9589121989092079
Test_254,0.2856447917413133,0.019311415019332416,0.03086573147800178,0.6641780617613525
Test_255,0.35550031449882746,0.04710702577935478,0.04826225803868166,0.5491304016831362
Test_256,0.014125066489723033,0.03531035370236667,0.020292982352677496,0.9302715974552326
Test_257,0.008875211144448223,0.04779302113494823,0.9242273435357616,0.01910442418484163
Test_258,0.06839657637110357,0.06657475266189207,0.6427745257038072,0.2222541452631974
Test_259,0.10604978192929289,0.08501934438066353,0.53851307236284,0.2704178013272038
Test_260,0.0882098855117896,0.001206973537014492,0.00794865352036499,0.9026344874308309
Test_261,0.015511533893352315,0.07124056302560589,0.908098096821251,0.005149806259791386
Test_262,0.3815912083715425,0.052229382715843875,0.032534154748774795,0.533645254163839
Test_263,0.45647502242754584,0.052761106573782135,0.22577867913085167,0.2649851918678204
Test_264,0.12573264535127812,0.05213134290145303,0.7861519912795488,0.035984020467719806
Test_265,0.010795017427393394,0.1382424709962655,0.7916567991537523,0.059305712422589266
Test_266,0.003130292042763796,0.002540765639297891,0.00037289446690154707,0.9939560478510369
Test_267,0.6420530056549781,0.05708421363747762,0.14173926940251683,0.1591235113050272
Test_268,0.0028637524226970777,0.10670771981444795,0.7580473088962986,0.13238121886655632
Test_269,0.4585462510708435,0.020558352811250142,0.1382876928344566,0.3826077032834498
Test_270,0.2634713890665124,0.04266298908885519,0.020831105033627974,0.6730345168110048
Test_271,0.39454353163244615,0.017665357956663817,0.20565814989948653,0.3821329605114036
Test_272,0.0031495388434809,0.07221993742806372,0.9070811265024663,0.017549397225989163
Test_273,0.6781480973319859,0.031203058699515233,0.02236447558809815,0.26828436838040093
Test_274,0.004504229353110244,0.06196659550696888,0.9298290663251072,0.003700108814813384
Test_275,0.04190539048544879,0.350881406856474,0.4425645532512711,0.16464864940680612
Test_276,0.021509340066846638,0.09695828861285659,0.3780020511741081,0.5035303201461885
Test_277,0.4550131408428692,0.059772779925908424,0.22810584956562244,0.25710822966560054
Test_278,0.03827277125490523,0.038505185199449836,0.015862011595102712,0.907360031950542
Test_279,0.07008119562642115,0.053922630752109166,0.753633548566219,0.12236262505525047
Test_280,0.34824198834926495,0.048620626673525125,0.26777490085243183,0.3353624841247782
Test_281,0.6023051010656416,0.023420052991568095,0.21402705577561712,0.16024779016717303
Test_282,0.01833992270697066,0.0893416188983224,0.13397173321898864,0.7583467251757182
Test_283,0.0024323587617483804,0.0615192969396133,0.9336766828941778,0.0023716614044605806
Test_284,0.0014627692739607834,0.11354656065715993,0.8610559618587481,0.023934708210130867
Test_285,0.4377744158383291,0.04692208680791518,0.25173080268215,0.263572694671606
Test_286,0.25153194207054996,0.007455234522016907,0.4900229414529007,0.25098988195453265
Test_287,0.9445823507226072,0.011239615974787304,0.02962998682640067,0.014548046476205083
Test_288,0.038531681064055336,0.08035343385294556,0.030823491887065443,0.8502913931959333
Test_289,0.0216850145576383,0.0025403148365333614,0.0005397309610048785,0.9752349396448233
Test_290,0.3627225987520458,0.08487772026821891,0.39410126719111627,0.15829841378861909
Test_291,0.05175761579849434,0.0605966069819434,0.865400203716885,0.02224557350267711
Test_292,0.5657770561211855,0.05075222739412768,0.22243645410698876,0.16103426237769825
Test_293,0.008805915867147237,0.07077409346161567,0.9188863609305993,0.0015336297406373385
Test_294,0.04865052821384839,0.04678264970926771,0.8341657839782141,0.07040103809867011
Test_295,0.3481164012094982,0.06137719788524135,0.2536571100482051,0.33684929085705534
Test_296,0.324270628567213,0.012945251654803237,0.45269794447459355,0.2100861753033901
Test_297,0.02888671986345949,0.2551435520255483,0.1637097168193597,0.5522600112916326
Test_298,0.048522281875033296,0.16011173093218156,0.5840481974580376,0.20731778973474763
Test_299,0.42996907063414386,0.04872418362158575,0.25416745978207406,0.2671392859621961
Test_300,0.7977438393787606,0.026488764110836553,0.051463354671466316,0.12430404183893644
Test_301,0.541182586632574,0.008930888731038946,0.013766405685866482,0.4361201189505207
Test_302,0.03774554827281989,0.06840336988384615,0.5769071734375831,0.3169439084057507
Test_303,0.42966437019237,0.03775902353011837,0.22391057682026927,0.3086660294572423
Test_304,0.6522855682158479,0.019631071533152356,0.12638171054489117,0.2017016497061087
Test_305,0.19951977325303305,0.06546965736038969,0.5961192260140382,0.13889134337253914
Test_306,0.15146184855033015,0.009972985446704772,0.5647662076289632,0.27379895837400153
Test_307,0.5010790805566485,0.0429818426854996,0.19476124050593485,0.2611778362519168
Test_308,0.09715705453499042,0.24440110845874988,0.09776834920017219,0.5606734878060876
Test_309,0.013446548400950154,0.16723716694390953,0.7334693552604818,0.08584692939465852
Test_310,0.009753859749881803,0.1665248440894869,0.7753978210362734,0.04832347512435794
Test_311,0.00861780269575548,0.11685816049415419,0.8643815720756176,0.010142464734473024
Test_312,0.03725050383070141,0.0038596062095360355,0.00232546426502625,0.9565644256947364
Test_313,0.06691891758451457,0.03593928251209203,0.024631440737963146,0.87251035916543
Test_314,0.2780572739204616,0.01838912217742672,0.36233744935922974,0.3412161545428824
Test_315,0.07725578958868666,0.0060650602823567375,0.002490940653019737,0.9141882094759368
Test_316,0.36513082645806993,0.022946315799776643,0.503739870724008,0.10818298701814544
Test_317,0.018152307056658275,0.12671550322029176,0.8289101596582268,0.026222030064822998
Test_318,0.13430867822961443,0.028679706161813045,0.009606515209442196,0.8274051003991304
Test_319,0.009347296320826096,0.08846493983656777,0.896086468272156,0.006101295570450198
Test_320,0.03308014347349668,0.06492860290867158,0.8750201639992102,0.026971089618621307
Test_321,0.40743137164236665,0.06719436815642595,0.12207512000336534,0.4032991401978423
Test_322,0.18997816208101145,0.033337632509116456,0.0653630884873094,0.7113211169225627
Test_323,0.2962982387429039,0.049689672974493726,0.49982396111501787,0.15418812716758437
Test_324,0.028355134948599953,0.0826753100872719,0.8362637797367506,0.0527057752273776
Test_325,0.16514730972013497,0.04674182796112893,0.047454345942155585,0.7406565163765804
Test_326,0.006440410326411041,0.08208548519316088,0.8915827854413454,0.01989131903908275
Test_327,0.07937060707341319,0.08464480624057673,0.019952905653425626,0.8160316810325842
Test_328,0.09330061436325837,0.020928329303891664,0.6911688033300507,0.19460225300279943
Test_329,0.01567076892695029,0.021058728225998916,0.9605440550103911,0.002726447836659987
Test_330,0.0350897270407206,0.09675462304487494,0.690631413506811,0.17752423640759343
Test_331,0.40810307384561917,0.04185395384874056,0.15230505547394046,0.39773791683169996
Test_332,0.6975734363340513,0.07100351754336551,0.10266067438036396,0.12876237174221938
Test_333,0.06368521455988808,0.013672486462094017,0.8629065734746731,0.05973572550334453
Test_334,0.022065210511971092,0.007577590700790326,0.9601767087838364,0.01018049000340239
Test_335,0.6415086980076221,0.026061246525141215,0.044771346681606046,0.2876587087856306
Test_336,0.3341161095082592,0.04206179300977272,0.5063206184160814,0.1175014790658863
Test_337,0.6258728712308621,0.023921378822044804,0.01413323967881634,0.33607251026827667
Test_338,0.6751563003986131,0.02717697691725315,0.04461529980724417,0.2530514228768893
Test_339,0.3770580958660565,0.05125214847206763,0.3102481512366747,0.26144160442520126
Test_340,0.11260871676808376,0.0752104399107925,0.4710564681588426,0.34112437516228106
Test_341,0.7875072303016356,0.027327616582502864,0.00627169761123095,0.17889345550463048
Test_342,0.8448508461361319,0.018679574752635677,0.014198445434649088,0.12227113367658352
Test_343,0.4388202431226451,0.04692122758456314,0.2451280953524376,0.26913043394035424
Test_344,0.008715804326088098,0.1011429077327806,0.8856424619590642,0.00449882598206708
Test_345,0.06350725495172346,0.12030176242479303,0.4066955448755858,0.4094954377478979
Test_346,0.0013075172681667096,0.059955791148817605,0.9332151691054785,0.005521522477537154
Test_347,0.46320579013739294,0.0358769755714559,0.1826004845049629,0.31831674978618796
Test_348,0.409427389996178,0.046074133618282234,0.2500376083919472,0.29446086799359283
Test_349,0.4968856493963723,0.05007203162398073,0.011849977915657364,0.4411923410639896
Test_350,0.0349206333294744,0.025377487425376596,0.028278024233937805,0.9114238550112109
Test_351,0.0035776051378165175,0.09726986035282408,0.891308558107511,0.007843976401848507
Test_352,0.1699085014857379,0.05467226407723133,0.07840434599258939,0.6970148884444414
Test_353,0.5403753636406088,0.03672304120849027,0.04757725755786937,0.3753243375930316
Test_354,0.3107059840940408,0.04653645947251369,0.2710937682696957,0.3716637881637497
Test_355,0.3983700555358241,0.01866713429328851,0.0411273194798681,0.5418354906910193
Test_356,0.5259474714540165,0.01825947586722964,0.221688308841912,0.2341047438368419
Test_357,0.5319968307503724,0.0540470703699718,0.06770510092322085,0.346250997956435
Test_358,0.4485347218797318,0.045756936363607364,0.24234466400624263,0.26336367775041825
Test_359,0.03886711662239703,0.005973383295152343,0.004417583514147793,0.950741916568303
Test_360,0.3611529015437993,0.026926899867361645,0.39681891509133593,0.21510128349750332
Test_361,0.8187874793316025,0.028930044803004068,0.07152074681772672,0.08076172904766682
Test_362,0.31734930133663575,0.053264782105778556,0.3249299893048887,0.3044559272526971
Test_363,0.024009004561812756,0.062337552166101325,0.7549559318434195,0.15869751142866653
Test_364,0.09049261859186138,0.07501960694020827,0.7861922411786438,0.04829553328928689
Test_365,0.05456943703262036,0.028023175964000266,0.8921790638638625,0.025228323139517124
Test_366,0.13252953945392684,0.0593479471096436,0.7313271770947222,0.07679533634170717
Test_367,0.3191588244361206,0.028279516984378736,0.2511342253037726,0.40142743327572805
Test_368,0.3718082348154156,0.02758813222228065,0.3131042968424337,0.2874993361198698
Test_369,0.018789277907773228,0.03840977583494095,0.02877093522287927,0.9140300110344066
Test_370,0.0778207062103555,0.006514511511685542,0.7605951626870444,0.15506961959091475
Test_371,0.2888169505973724,0.08341862768232859,0.49995822299452225,0.12780619872577698
Test_372,0.03731392275281553,0.06618437681968803,0.10832636226474371,0.788175338162753
Test_373,0.006012600865005011,0.13515091122133024,0.8039281580502528,0.054908329863411987
Test_374,0.07176282449671194,0.06986804108930639,0.7971326921513433,0.061236442262638566
Test_375,0.5238529117272586,0.03745427671069386,0.007458244568134378,0.4312345669939132
Test_376,0.5071060012625395,0.04073536438783926,0.2522599732521629,0.1998986610974586
Test_377,0.453643320036508,0.09274495101305008,0.02751930726346268,0.426092421686979
Test_378,0.22003245481824615,0.04916334359573131,0.49547205579981013,0.23533214578621245
Test_379,0.17687012294964854,0.04410005803432598,0.6576107655853043,0.12141905343072103
Test_380,0.04009038585487436,0.18522160088272638,0.4552758495735353,0.31941216368886366
Test_381,0.555756176974905,0.03202354603241185,0.007297645545021745,0.4049226314476614
Test_382,0.6582758373968773,0.028802300776605956,0.006757115772825777,0.30616474605369104
Test_383,0.47890074734817056,0.04785081450576834,0.22960686070498412,0.243641577441077
Test_384,0.41061708751355436,0.04429950721154981,0.27560569678218616,0.26947770849270986
Test_385,0.0871094955054303,0.07739405012987521,0.1378354429023398,0.6976610114623547
Test_386,0.004920248184347309,0.1997354564858284,0.7733954364556375,0.021948858874186936
Test_387,0.2843917969747312,0.08702517142061987,0.11099724231793641,0.5175857892867126
Test_388,0.3992546233899656,0.042259848017727794,0.20794400218136488,0.3505415264109416
Test_389,0.34255025133156397,0.14416914181162813,0.3102239292785895,0.20305667757821835
Test_390,0.20639123497120562,0.0833329185183648,0.13051129677509302,0.5797645497353363
Test_391,0.01369037962504843,0.05851461629908956,0.90155574704611,0.026239257029751866
Test_392,0.017084746692724345,0.05576434749322389,0.8770588696985055,0.05009203611554638
Test_393,0.046731888774654756,0.12679342687551146,0.12053067613387146,0.7059440082159623
Test_394,0.46472043921285183,0.03882694736545069,0.22489228302657585,0.27156033039512134
Test_395,0.44959249766519865,0.043716013108103524,0.23345210200238245,0.27323938722431573
Test_396,0.341306176400994,0.03258250440740692,0.35525054381479765,0.27086077537680153
Test_397,0.18150966011897615,0.09811860108791978,0.06342888533983278,0.6569428534532713
Test_398,0.17964321280043238,0.07009055317549921,0.5298423634918884,0.22042387053217988
Test_399,0.43009616680212276,0.015431433661998109,0.1766753474981989,0.37779705203768055
Test_400,0.002930661668998807,0.07406974183822951,0.8888245261746628,0.03417507031810903
Test_401,0.016813592969244964,0.05766415225712593,0.8883535463489926,0.03716870842463649
Test_402,0.21732655968922485,0.024454424564990668,0.02781146122224832,0.7304075545235362
Test_403,0.014501449754858523,0.11787027223674396,0.8053501193799161,0.06227815862848141
Test_404,0.06603723776790843,0.038874931869649465,0.03961599757673385,0.8554718327857077
Test_405,1.4609445611843637e-06,1.6001453959560727e-06,6.915155432801449e-07,0.9999962473944997
Test_406,0.003956119780604796,0.00974736191380549,0.002381895388022744,0.983914622917567
Test_407,0.002450184061457208,0.00231829071672868,0.00020736382982468286,0.9950241613919893
Test_408,0.03537545095045132,0.0052923966975906124,0.0012437435156361144,0.958088408836322
Test_409,0.00783760891821107,0.1616990540571653,0.8043472061357978,0.0261161308888258
Test_410,0.2065792559203901,0.0863438595312731,0.04378629880281364,0.6632905857455234
Test_411,0.5885960058213104,0.08659821047866906,0.06010399909732221,0.26470178460269833
Test_412,0.006056253257511886,0.28144388710073637,0.6376028922029395,0.07489696743881225
Test_413,0.42483597428047054,0.05866188705922774,0.24626728298504721,0.2702348556752545
Test_414,0.2247285654439601,0.06803911162764803,0.417578745668665,0.2896535772597268
Test_415,0.0042264428743608575,0.07317139813290148,0.9183531320758106,0.004249026916927123
Test_416,0.14314126887876077,0.04606036393577397,0.5708458097172028,0.23995255746826236
Test_417,0.005632986314954506,0.03499168694217373,0.9576012510231153,0.0017740757197562615
Test_418,0.4974799603456453,0.03138411134731056,0.19934044106569043,0.27179548724135366
Test_419,0.5084140534275032,0.05216036530924793,0.05245843537535845,0.3869671458878906
Test_420,0.003579666624868269,0.09900178545311292,0.8862801040116007,0.011138443910418095
Test_421,0.16036418299200816,0.06243972088791946,0.12293931197573991,0.6542567841443327
Test_422,0.42958299282337653,0.046876461109800587,0.25664178873182586,0.26689875733499707
Test_423,0.02373990391114196,0.16642300094418938,0.6766007306347738,0.13323636450989462
Test_424,0.046496093908355136,0.11378247767140766,0.8214205020038292,0.01830092641640797
Test_425,0.28999873255135805,0.058941605579545676,0.025620363130421986,0.6254392987386742
Test_426,0.07409126954116109,0.0324011187320019,0.7793835750360946,0.1141240366907424
Test_427,0.029069438805860482,0.017059996194025772,0.018371541542606243,0.9354990234575071
Test_428,0.01576486542593981,0.015514190734713195,0.003981675394993297,0.9647392684443532
Test_429,0.0774760421377737,0.07536174736587614,0.7742662921393352,0.07289591835701509
Test_430,0.011790181707887216,0.09276833935029417,0.8653564375255838,0.03008504141623455
Test_431,0.059899842023632396,0.1974701704627936,0.08149847828634653,0.6611315092272274
Test_432,0.11273329853594952,0.04766689725998003,0.01419510561595256,0.825404698588118
Test_433,0.001976212959101203,0.004107163957315718,0.0017037171098126425,0.9922129059737703
Test_434,0.1787974747422963,0.06396331686952311,0.2224540636822797,0.5347851447059009
Test_435,0.546725400158859,0.041695579794887985,0.18528485371827097,0.22629416632798185
Test_436,0.44562237651670067,0.047683958775344974,0.2764281504057674,0.23026551430218684
Test_437,0.17247259663070774,0.03895713898987384,0.4866486818591534,0.30192158252026535
Test_438,0.02537867396152725,0.345804095734619,0.49912903996191993,0.12968819034193366
Test_439,0.10215735334614066,0.11179963711482234,0.7244598526545928,0.06158315688444438
Test_440,0.002551592905012388,0.12300741946794042,0.8693286305281817,0.0051123570988654745
Test_441,0.23818557167731094,0.07494710102139227,0.09866241155849662,0.5882049157428003
Test_442,0.41919730991897547,0.048737686935012334,0.2464477747137999,0.28561722843221193
Test_443,0.012960532353930902,0.05369069289453876,0.007770381592160678,0.9255783931593696
Test_444,0.64017220036099,0.04956868967579763,0.16971581158081767,0.1405432983823951
Test_445,0.004796234119318813,0.09999137096914504,0.8735115791208881,0.021700815790647927
Test_446,0.14656448858450474,0.05500057784872173,0.42547963455533533,0.37295529901143826
Test_447,0.2270089077239157,0.10904729640842235,0.60831391268672,0.05562988318094201
Test_448,0.004930463558584863,0.10055238116120135,0.8813800010817554,0.013137154198458748
Test_449,0.40801666593218844,0.08375360221870048,0.22471126388602047,0.28351846796309055
Test_450,0.313137883115373,0.008125795588767058,0.43458491148075723,0.2441514098151027
Test_451,0.022195990196650896,0.06784433900761648,0.8814371733331974,0.02852249746253525
Test_452,0.2390094100796912,0.04420721380659056,0.5700480554237711,0.14673532068994688
