image_id,healthy,multiple_diseases,rust,scab
Test_0,0.0032457338238276274,0.13598915511616844,0.851381810724324,0.009383300335679941
Test_1,0.047268210503921215,0.05491474165406814,0.8257303149828403,0.07208673285917012
Test_2,0.49288174784674094,0.03713269570477275,0.13540466724992503,0.33458088919856144
Test_3,0.7376190025031449,0.03384732062915823,0.12341267607702268,0.10512100079067409
Test_4,0.010878682437247551,0.08814641004263846,0.8955176498731705,0.005457257646943739
Test_5,0.4913109850711229,0.037109699842984754,0.1458626515179167,0.32571666356797546
Test_6,0.6064766551264255,0.03610639788558829,0.08172037811744401,0.2756965688705424
Test_7,0.06593576904101671,0.2807452252615447,0.434934529704118,0.2183844759933206
Test_8,0.3351511236083787,0.1590981267851352,0.03445690090253233,0.4712938487039536
Test_9,0.2804361866436391,0.06609248483501726,0.2859110779579491,0.36756025056339453
Test_10,0.030145682017772207,0.046450608532191746,0.8828183955428701,0.04058531390716586
Test_11,0.33083140743378636,0.03736962824606975,0.3069752854371688,0.3248236788829752
Test_12,0.49557145956946413,0.1218789933311456,0.153033750245352,0.2295157968540385
Test_13,0.1317385162391607,0.03264567748731581,0.8128733862189486,0.02274242005457497
Test_14,0.002401914547874515,0.0216692674322786,0.9734419216579664,0.002486896361880491
Test_15,0.3018851137009362,0.022691117020514868,0.5859901811136836,0.08943358816486548
Test_16,0.30734711092454325,0.0441480766958284,0.14252155431577967,0.5059832580638487
Test_17,0.0476437902069752,0.12097115628478909,0.4026522638731769,0.4287327896350589
Test_18,0.21548606796505398,0.05192430238475507,0.1491445596235565,0.5834450700266344
Test_19,0.029970822431567408,0.04347951121683706,0.8996121046106821,0.026937561740913482
Test_20,0.6763281664740426,0.0032060279344466513,0.20362624321651393,0.1168395623749967
Test_21,0.5035343718705871,0.03759417508346654,0.1392140166817279,0.3196574363642186
Test_22,0.26935650898682284,0.031104416836495386,0.5984563315764534,0.10108274260022831
Test_23,0.13306931637719138,0.08271967781600968,0.12336169058088761,0.6608493152259113
Test_24,0.5456890694316329,0.0873087160446125,0.1555248604623602,0.2114773540613943
Test_25,0.5401260074262494,0.030259396193980076,0.15253282488321515,0.27708177149655544
Test_26,0.27848058734731335,0.06295321025691601,0.16303728115683136,0.4955289212389394
Test_27,0.05174389970364869,0.0810350412607843,0.8323272884076277,0.03489377062793966
Test_28,0.6249804893732657,0.04073741320662104,0.10311692865875882,0.2311651687613542
Test_29,0.6571226239632644,0.045791986358326424,0.22568057408687528,0.07140481559153361
Test_30,0.34815566859181424,0.04034143575896724,0.0632979648240304,0.5482049308251883
Test_31,0.006378516553178457,0.0895670015927112,0.8927961057845207,0.011258376069589933
Test_32,0.4950753644444296,0.025439222971719033,0.0285454682364738,0.45093994434737733
Test_33,0.04228102333765549,0.011593722958838438,0.017216916979082543,0.9289083367244234
Test_34,0.4900255885215446,0.03015792446424694,0.12824902315835773,0.3515674638558507
Test_35,0.4525252599785763,0.037709451022007526,0.1417848131019949,0.367980475897421
Test_36,0.0449396240923234,0.10692906969297582,0.7853571969582722,0.06277410925642864
Test_37,0.567395763446466,0.03122831955727002,0.10220845809202529,0.29916745890423857
Test_38,0.11363962072479158,0.0267735668631317,0.050791625930491864,0.8087951864815849
Test_39,0.04742911165909409,0.03684058736370689,0.5475989981769404,0.3681313028002584
Test_40,0.33831772197146437,0.04403616240546807,0.4064366016598764,0.21120951396319146
Test_41,0.023050424850189752,0.045169967883818773,0.907830798423902,0.02394880884208927
Test_42,0.0684495172141671,0.04868862758063419,0.052597242337407674,0.8302646128677907
Test_43,0.0899942168045163,0.013132910734720697,0.877890037180685,0.01898283528007784
Test_44,0.40584491403897344,0.07990347032985431,0.10703221195582668,0.40721940367534587
Test_45,0.3289177002243577,0.08085867981149167,0.41750135231834296,0.17272226764580775
Test_46,0.3102432850644894,0.015616137664321777,0.12380370529597427,0.5503368719752147
Test_47,0.035517333318356624,0.10352159951779308,0.7609162022346951,0.1000448649291552
Test_48,0.006259538892882978,0.027087700295211188,0.948684600387366,0.017968160424539893
Test_49,0.015043198661439508,0.03421713466617324,0.9183046287526379,0.03243503791974925
Test_50,0.020718341010648247,0.056188769771266384,0.9091323572664266,0.01396053195165899
Test_51,0.04979606012808277,0.07493807814528393,0.838353810427628,0.036912051299005356
Test_52,0.16446522376414732,0.17790511904994025,0.36973702447684864,0.28789263270906384
Test_53,0.03586083277486539,0.06327883843531529,0.8632502075419369,0.03761012124788227
Test_54,0.006800376189022301,0.07669793554815725,0.9088621066668201,0.0076395815960002495
Test_55,0.5518255153836192,0.05925148571820233,0.07821720819796162,0.3107057907002169
Test_56,0.08170669718440465,0.06800352906432519,0.3723159290879531,0.47797384466331694
Test_57,0.5068166638192425,0.029338605847610368,0.11523559271271623,0.34860913762043094
Test_58,0.09901597349742917,0.015407743405258842,0.009232484659597178,0.8763437984377148
Test_59,0.1210392747386546,0.10374365721941631,0.648651548510483,0.12656551953144599
Test_60,0.012248611082596676,0.14636710936456798,0.23348492914402055,0.6078993504088148
Test_61,0.7734926442762459,0.022436351420478742,0.09631580728410614,0.10775519701916939
Test_62,0.16040189000693952,0.006031655316392292,0.533539649147746,0.30002680552892214
Test_63,0.17653656644663007,0.16850860136904253,0.41960059816327255,0.2353542340210547
Test_64,0.6948035024432153,0.013435886884391898,0.21908324396126705,0.07267736671112603
Test_65,0.03360244070828952,0.018274511009431584,0.8301744140308133,0.11794863425146575
Test_66,0.665218260251714,0.023072535861227473,0.2875336656504546,0.024175538236603917
Test_67,0.027459191146065955,0.11282213810160337,0.7709504704692905,0.0887682002830399
Test_68,0.16106245110092515,0.04443193929738921,0.020243936518125893,0.7742616730835598
Test_69,0.018391119439813624,0.03984059950190172,0.9218019521788215,0.019966328879463487
Test_70,0.06398339726618259,0.17789925493303096,0.32354655874822436,0.43457078905256197
Test_71,0.01867809205982336,0.012251018775444466,0.9599595435344733,0.009111345630258859
Test_72,0.07936946293359058,0.05883614720580352,0.36218436517307945,0.49961002468752624
Test_73,0.7721265779304463,0.00579027862810023,0.14001772212449992,0.08206542131695367
Test_74,0.1820009994281256,0.06161085569391488,0.4853074169823451,0.2710807278956145
Test_75,0.4878095049260171,0.036375627931796016,0.14440425539500662,0.33141061174718034
Test_76,0.16312151393978902,0.06722250270396625,0.21008269276409663,0.5595732905921486
Test_77,0.08497920873475226,0.01717910452094411,0.755489436224947,0.14235225051935632
Test_78,0.26565060861918177,0.04706704205294675,0.2726056061054812,0.4146767432223902
Test_79,0.17527342429167012,0.071223439283138,0.04585808133162443,0.7076450550935677
Test_80,0.14398600436031792,0.059808979307708565,0.43113272693731447,0.36507228939465863
Test_81,0.017549715202474475,0.07541502673254263,0.8928351394285621,0.014200118636420962
Test_82,0.4956318982187394,0.037996593586585053,0.14262868514176358,0.323742823052912
Test_83,0.3579346525551738,0.13949663597060985,0.19093257569891256,0.31163613577530364
Test_84,0.5223195494603994,0.03566590214738706,0.13287106801635698,0.309143480375857
Test_85,0.5186914001235855,0.027462724526873296,0.14521233773137687,0.3086335376181638
Test_86,0.06291257448869621,0.1130392740515978,0.6647162680760879,0.15933188338361806
Test_87,0.37476469916211763,0.05451035285869283,0.22656378833186663,0.344161159647323
Test_88,0.27274463137901966,0.055772042791742305,0.032066457706938674,0.6394168681222993
Test_89,0.5648544835953209,0.032610523739336574,0.32274989823259465,0.07978509443274771
Test_90,0.09416864300849168,0.021520892419705687,0.821924781722885,0.062385682848917545
Test_91,0.7280804128232473,0.01131399831781016,0.02177430709749388,0.23883128176144863
Test_92,0.28859516971531,0.020634517166883325,0.10887160892350725,0.5818987041942992
Test_93,0.16008118966013787,0.16199961523723538,0.5045326130940616,0.17338658200856527
Test_94,0.20971771261549943,0.02062536823746876,0.06148326881439608,0.7081736503326355
Test_95,0.4363726336554649,0.09780911269540081,0.2788001197072674,0.18701813394186684
Test_96,0.4485779407551151,0.0357599320960638,0.10542499983034995,0.4102371273184714
Test_97,0.6982203458606214,0.04758850322471821,0.1808727927319751,0.07331835818268502
Test_98,0.1615412812628345,0.32854296484253237,0.1527427081186692,0.35717304577596415
Test_99,0.28615811358268156,0.05990970088844094,0.6009435176557235,0.05298866787315385
Test_100,0.07541197451481105,0.057265681797417346,0.03336915103688986,0.8339531926508817
Test_101,0.2323935447032465,0.0923867587523813,0.20076217412483494,0.47445752241953726
Test_102,0.06114129126818412,0.05358176691174452,0.06132507478996046,0.823951867030111
Test_103,0.3617623993791937,0.11153005667190914,0.21155012316197322,0.31515742078692377
Test_104,0.4653098348376667,0.011866118906389198,0.0950589605550986,0.42776508570084554
Test_105,0.32120958839734054,0.03533883104555469,0.15202921028865238,0.4914223702684523
Test_106,0.29802143757547606,0.047628493792667086,0.6203581553159917,0.03399191331586509
Test_107,0.061426157617783396,0.21561989849147206,0.5986335039943855,0.12432043989635903
Test_108,0.2932531202328945,0.0329912427396559,0.38491607247238013,0.28883956455506954
Test_109,0.35886202853792903,0.06026090479937467,0.364858139476831,0.21601892718586516
Test_110,0.3512610401348847,0.14556923539013844,0.36062474387900667,0.1425449805959701
Test_111,0.5035154593917952,0.03759292481185788,0.13925972147789858,0.319631894318448
Test_112,0.05240466558772641,0.0735977045300955,0.8010223268218362,0.07297530306034197
Test_113,0.506641091035341,0.012107843978737211,0.24170299309009183,0.23954807189582983
Test_114,0.29908665698530074,0.08903756577571141,0.03116141985254289,0.5807143573864448
Test_115,0.4775663272562449,0.026570981160955912,0.05632925728244251,0.4395334343003564
Test_116,0.15994173763463893,0.1740239256092435,0.5012839096745338,0.16475042708158388
Test_117,0.012371024787226062,0.053213783207977455,0.9161411371709541,0.01827405483384244
Test_118,0.027837949225241,0.078155182222191,0.8672581839046019,0.026748684647966113
Test_119,0.4968729378461885,0.03392727783297589,0.2518738167394174,0.21732596758141787
Test_120,0.04405186117368711,0.032786980157938836,0.8999927926120018,0.02316836605637197
Test_121,0.09755634852150537,0.16062937749771997,0.22456818199198028,0.5172460919887945
Test_122,0.09008898685443412,0.08809811213672712,0.7191565619222462,0.10265633908659284
Test_123,0.03556597133647785,0.047761786252725764,0.8959298032194415,0.020742439191354985
Test_124,0.7369972161098255,0.035829354925138605,0.11361745904578309,0.11355596991925263
Test_125,0.08682624735218492,0.14218145827501877,0.14891867694017924,0.622073617432617
Test_126,0.6817937102781364,0.0458121746269611,0.16923055667392836,0.10316355842097442
Test_127,0.11054970848792744,0.04593136603379204,0.0334830576297976,0.8100358678484828
Test_128,0.282032585403092,0.03425453279719356,0.18588756773060966,0.4978253140691046
Test_129,0.02799605143137533,0.2052155688237865,0.7271183837812485,0.039669995963589895
Test_130,0.5258201358586575,0.009176648928111635,0.044563967513583366,0.4204392476996478
Test_131,0.08988661336657311,0.011352092043762354,0.021691611564534165,0.8770696830251302
Test_132,0.47468453714647973,0.04571699189480599,0.14193719063004406,0.3376612803286701
Test_133,0.10583675466679848,0.07353575277053452,0.03784213362055994,0.7827853589421072
Test_134,0.4958036964103595,0.03809874210317937,0.13627662191793752,0.32982093956852376
Test_135,0.3371875171763403,0.06209488761318451,0.42918347300438137,0.1715341222060939
Test_136,0.09923248448321915,0.05052377691076799,0.5368974793745948,0.31334625923141796
Test_137,0.1918521063894491,0.06776945315106433,0.5628941924097518,0.1774842480497348
Test_138,0.040108271547178796,0.0857826023909527,0.8209927254707015,0.05311640059116666
Test_139,0.7466425870303162,0.0071203931273719455,0.07052285076132869,0.17571416908098322
Test_140,0.1914724782275506,0.030348097744317824,0.6646989971214761,0.11348042690665529
Test_141,0.5045985224216953,0.036701125528009804,0.13679249741577265,0.3219078546345222
Test_142,0.19709910699362995,0.18602592495462417,0.352313317393572,0.26456165065817366
Test_143,0.7296076306994692,0.017198174284127413,0.018599607799585822,0.23459458721681734
Test_144,0.38189512475138077,0.04040764449333544,0.31077467719070995,0.2669225535645741
Test_145,0.4100824900928197,0.051029744494389566,0.13975901398527016,0.3991287514275205
Test_146,0.048319623464726506,0.04199388475921338,0.8530798933491582,0.05660659842690206
Test_147,0.017816398084605327,0.06905805698246117,0.8854447346100746,0.027680810322859104
Test_148,0.7586575490330295,0.019605889208326614,0.14326224155855216,0.07847432020009161
Test_149,0.10300924741802027,0.14927157199512278,0.30701390164428916,0.44070527894256784
Test_150,0.5231113435025526,0.03052589266255671,0.15383461098847603,0.2925281528464143
Test_151,0.08549419089409724,0.10090807818344753,0.7273357605369941,0.08626197038546077
Test_152,0.230753943939912,0.06859210111577269,0.2515496710869415,0.4491042838573737
Test_153,0.5591498711639004,0.010825693178475981,0.03349387196006257,0.39653056369756157
Test_154,0.2947213286373676,0.04432571917833874,0.6126465053537961,0.04830644683049793
Test_155,0.006006677862587402,0.080775515257051,0.9032794197427257,0.009938387137635942
Test_156,0.07561718745580605,0.044004758284680014,0.11447753789349455,0.7659005163660194
Test_157,0.1447420152559369,0.03792531437290472,0.7883016953886504,0.0290309749825081
Test_158,0.32487270173477845,0.005101490717621941,0.03160020521957554,0.6384256023280238
Test_159,0.344665471647922,0.020546635651973476,0.19768942155284266,0.43709847114726175
Test_160,0.6888860947183888,0.04700569207545076,0.10403591113791909,0.16007230206824152
Test_161,0.20335377338431135,0.03900794368804532,0.06793067550301324,0.6897076074246302
Test_162,0.05598934742189814,0.006433733885668895,0.9272757662892508,0.010301152403181949
Test_163,0.01262492498067186,0.09959986512833986,0.8760968583630251,0.011678351527963007
Test_164,0.6596448977952334,0.01916219197856729,0.10360897357247442,0.21758393665372497
Test_165,0.20543506155256985,0.02585614533458863,0.02866117321247708,0.7400476199003646
Test_166,0.3903624424232948,0.004190638677006453,0.04767381984900887,0.5577730990506897
Test_167,0.03934873568223035,0.019262074150208187,0.9031679661332074,0.038221224034353844
Test_168,0.02660020309756055,0.04507115621616407,0.8345552352404264,0.09377340544584883
Test_169,0.12963456755918268,0.05091206251486839,0.798066663782567,0.021386706143382138
Test_170,0.5042680655359648,0.03937630800660217,0.14425514839287484,0.3121004780645582
Test_171,0.007521393323604181,0.06871755760373532,0.8489152043416962,0.074845844730964
Test_172,0.07926578099743455,0.038484973977068515,0.8083626454563059,0.07388659956919118
Test_173,0.013707982378966173,0.02762533273183262,0.9350988473977704,0.02356783749143072
Test_174,0.28852226979220363,0.017599123315019696,0.4192057201849777,0.27467288670779877
Test_175,0.6863837793352813,0.029413690093156003,0.02422417921286395,0.25997835135869896
Test_176,0.5960430405960043,0.06940429426875123,0.13332973817925858,0.20122292695598576
Test_177,0.04628576337386468,0.0063496069678726395,0.02179996228269171,0.925564667375571
Test_178,0.05669890619936467,0.008837266454794343,0.03218982108209295,0.902274006263748
Test_179,0.01426384504440812,0.17609269531408778,0.7784324860321977,0.031210973609306556
Test_180,0.5288769308926865,0.02701882661217515,0.19418249499630122,0.24992174749883714
Test_181,0.09705129591844995,0.15413810268792824,0.16881104908537017,0.5799995523082515
Test_182,0.010216090535075967,0.028231086193051636,0.9438428011605503,0.017710022111321992
Test_183,0.36820082629523376,0.04614922140288865,0.4458652986173054,0.1397846536845722
Test_184,0.46928212854473117,0.018257854558271787,0.41139173228680115,0.1010682846101959
Test_185,0.26322873755711174,0.059269482693405574,0.20024349625211044,0.4772582834973725
Test_186,0.4850591975310483,0.024324628125618118,0.0328350513438326,0.457781122999501
Test_187,0.04463655637485964,0.08876442951406319,0.6590955009497137,0.20750351316136345
Test_188,0.6065954204356457,0.010808115205360971,0.12673038479831522,0.25586607956067836
Test_189,0.6631427487815048,0.021483424162315072,0.11808765773111095,0.19728616932506923
Test_190,0.057545015262381025,0.1313326432970521,0.585287710338681,0.22583463110188598
Test_191,0.018704228322444838,0.06613619822996854,0.6962112172937843,0.21894835615380234
Test_192,0.5700610902840076,0.0024488074057127445,0.022089476367749772,0.4054006259425298
Test_193,0.01938889257416633,0.06746578415735098,0.8966316560106149,0.01651366725786783
Test_194,0.03846510559949092,0.05048680866046421,0.8776433418045396,0.03340474393550534
Test_195,0.8113239833291801,0.03642300766687687,0.05220461925813301,0.10004838974581023
Test_196,0.4248944296118922,0.08275550928273566,0.28561428342735834,0.2067357776780138
Test_197,0.09745270018514415,0.02595313282120182,0.8299669855114477,0.04662718148220632
Test_198,0.037560002838410544,0.01683874403378478,0.021346327379332515,0.9242549257484721
Test_199,0.056285693285812254,0.11391848781646222,0.7150845764237368,0.11471124247398883
Test_200,0.039833165627022195,0.05112555866106854,0.8592465228395373,0.04979475287237199
Test_201,0.3287891694152899,0.04284686035107894,0.04585746201702907,0.582506508216602
Test_202,0.0025440233576028816,0.09195838621567357,0.8967003119438641,0.008797278482859485
Test_203,0.2118455362945861,0.16041066660852307,0.26966862245616,0.3580751746407308
Test_204,0.1126296512144729,0.09705597621987466,0.29434352001942665,0.4959708525462256
Test_205,0.15237956451870624,0.009401215202188411,0.023538167273499364,0.814681053005606
Test_206,0.14303965672546146,0.03556246094236478,0.14608043530840323,0.6753174470237704
Test_207,0.046636989652377,0.19663033308692862,0.5012670633315901,0.25546561392910444
Test_208,0.34223660657745253,0.09432256067850933,0.17490129791360978,0.38853953483042847
Test_209,0.011369751724020428,0.08346811444845365,0.8473010495341418,0.05786108429338418
Test_210,0.22051248332802706,0.07368213349453163,0.3883572540207126,0.3174481291567285
Test_211,0.029665660182533762,0.08487033855889489,0.8467772512396264,0.03868675001894505
Test_212,0.10836258249302876,0.02280758593796876,0.8587739996489803,0.01005583192002218
Test_213,0.21658829393148293,0.25635490200050104,0.3341511642510047,0.19290563981701173
Test_214,0.016912670589920666,0.025248947705439062,0.8152283854281082,0.14260999627653212
Test_215,0.4658718232331626,0.08102238296022858,0.14357925500611404,0.30952653880049485
Test_216,0.4586096604471077,0.02637332095069136,0.051214534088205206,0.463802484513996
Test_217,0.017487265029691796,0.06124612291944171,0.7986959669869799,0.12257064506388639
Test_218,0.41404319596736877,0.07076343405808781,0.10878572361299169,0.4064076463615519
Test_219,0.09231978082789455,0.029946905574333167,0.8378204356041965,0.03991287799357584
Test_220,0.36812233406008943,0.029520998766090295,0.020161688652247316,0.582194978521573
Test_221,0.5056151068103656,0.03745025476125014,0.13897429903588582,0.3179603393924985
Test_222,0.04554483469986076,0.04743026227482432,0.8820882691876466,0.024936633837668535
Test_223,0.015058509390912779,0.07989001554622133,0.5926625316690779,0.31238894339378825
Test_224,0.5013505572442322,0.037610364815838744,0.13990516237399211,0.3211339155659371
Test_225,0.28985171731719533,0.043888163601930645,0.2862133757396606,0.38004674334121324
Test_226,0.060535449134640415,0.3276759130012456,0.5320832468788337,0.0797053909852804
Test_227,0.3303444609954309,0.02168983661168936,0.1592615088668433,0.48870419352603656
Test_228,0.47696189342539946,0.01835786113387639,0.17810959902007442,0.3265706464206494
Test_229,0.021548152589738183,0.04245249244784741,0.9183227337420423,0.017676621220372005
Test_230,0.37775255752348036,0.034393273137391954,0.1644313367098319,0.42342283262929575
Test_231,0.08769164594828108,0.01025076594935128,0.010083017217670819,0.8919745708846967
Test_232,0.24316659662183118,0.02444855813163438,0.7040836261013662,0.028301219145167908
Test_233,0.4394358777075892,0.0980295326932153,0.09817232011448213,0.36436226948471356
Test_234,0.5126797423975904,0.03196657709277332,0.13402948503034698,0.32132419547928903
Test_235,0.06723655707044562,0.06676669884162872,0.5658129343200133,0.30018380976791226
Test_236,0.4735783323885938,0.020567048044408887,0.1775511508124592,0.32830346875453853
Test_237,0.1113610476769771,0.1088129941314825,0.2930587522137499,0.4867672059777903
Test_238,0.4992954987132444,0.03794811602398832,0.1413488042149623,0.32140758104780504
Test_239,0.008264023100309355,0.08291496354886822,0.8803904306142375,0.028430582736584845
Test_240,0.004756671036935864,0.03473590343904572,0.9553170115247598,0.005190413999258679
Test_241,0.20270168075455447,0.21823725712605954,0.33342283493437314,0.24563822718501302
Test_242,0.14176750055010992,0.0799452087034593,0.027479514307569817,0.7508077764388611
Test_243,0.5959257445126309,0.13638604839846116,0.16538512440546105,0.10230308268344694
Test_244,0.1945625402656739,0.06557106987792727,0.1662112853373601,0.5736551045190388
Test_245,0.016985366579532306,0.02004697885951409,0.9507243078841263,0.012243346676827423
Test_246,0.24829661725328556,0.09389327106012695,0.02201765810290076,0.6357924535836866
Test_247,0.014509934638170777,0.027372008020012103,0.023822735080824185,0.9342953222609929
Test_248,0.42635314379208766,0.026675870412893352,0.09746651140507334,0.44950447438994534
Test_249,0.23639020334965563,0.01669846774370439,0.3434611056650003,0.4034502232416396
Test_250,0.46322501764601054,0.06638101120366047,0.38604731855171515,0.08434665259861376
Test_251,0.4723879181802672,0.048689932609251585,0.06211990065836476,0.41680224855211656
Test_252,0.011615947405888947,0.09475565821140045,0.8647712706322372,0.02885712375047318
Test_253,0.04905906085150186,0.02679305101709079,0.022895939738271684,0.9012519483931354
Test_254,0.19044750928036924,0.012088498575872592,0.03471645207421713,0.7627475400695412
Test_255,0.31833386077461073,0.08792667444167057,0.1787909111205644,0.41494855366315436
Test_256,0.08715245601073648,0.038863366643211404,0.03768880313459064,0.8362953742114612
Test_257,0.026093286112723813,0.036190160265558095,0.8887998963651945,0.04891665725652321
Test_258,0.10351491367082963,0.07393078013712998,0.3807944188778353,0.44175988731420485
Test_259,0.16902067155319836,0.059186606950741454,0.6502694125229291,0.12152330897313118
Test_260,0.2791877363308751,0.012948278398155674,0.09560559850027105,0.6122583867706982
Test_261,0.006447662092126232,0.09264098251399164,0.8882699264868863,0.012641428906995923
Test_262,0.13895418411362326,0.15632515984109,0.3075397205788055,0.3971809354664813
Test_263,0.5388991007085253,0.04084641434246115,0.11962966797887742,0.30062481697013616
Test_264,0.14926059705927675,0.11789990731762566,0.6538718949604975,0.07896760066260004
Test_265,0.45348410188074256,0.04351476090513862,0.13562910140897175,0.36737203580514705
Test_266,0.019019465008324153,0.009452211951134454,0.0033881322246470556,0.9681401908158944
Test_267,0.7058552108341859,0.014417273558147752,0.04950383482313065,0.23022368078453606
Test_268,0.015801278916898635,0.03556528799395194,0.7301961520584395,0.21843728103071008
Test_269,0.49299531366421706,0.057775412885799564,0.22325819846261125,0.22597107498737196
Test_270,0.39773944880073187,0.018329802357094423,0.020239356969750807,0.5636913918724231
Test_271,0.5629230614994917,0.05826296942890958,0.1556820932742197,0.22313187579737923
Test_272,0.03946274581428646,0.052615606060795746,0.8820642559822514,0.02585739214266654
Test_273,0.45763427396574596,0.03734103682714321,0.04809606222020733,0.4569286269869034
Test_274,0.0020406092084669456,0.033822503114719536,0.9591434452159029,0.004993442460910652
Test_275,0.037710075231261214,0.3641881533783664,0.4707468895163677,0.12735488187400462
Test_276,0.04699155965995446,0.13144243272853812,0.6081354846165755,0.21343052299493193
Test_277,0.634949984808736,0.04386606411842038,0.0823837029512246,0.23880024812161907
Test_278,0.13572502541961196,0.05448331263871615,0.3431046318258209,0.46668703011585144
Test_279,0.08566840958535533,0.011783786788920034,0.8735470936198305,0.029000710005894527
Test_280,0.324528680555795,0.024152901339747162,0.24796764475270333,0.4033507733517542
Test_281,0.3814648752618135,0.01721166392263043,0.276438472164628,0.324884988650928
Test_282,0.10009048927953654,0.0872509872242062,0.02900758000736663,0.7836509434888906
Test_283,0.007300291219058742,0.03577025465359125,0.9159244610284539,0.04100499309889571
Test_284,0.02600529754049013,0.1104200208594272,0.6671341124592197,0.1964405691408632
Test_285,0.511339980916036,0.03592514852584431,0.13566457017013142,0.31707030038798856
Test_286,0.15194811692809823,0.007700996411925182,0.6082544402699399,0.2320964463900365
Test_287,0.7291275753463531,0.024509217933926332,0.1969743805616122,0.04938882615810835
Test_288,0.08557562555706827,0.06579650824800462,0.0540125265705256,0.7946153396244018
Test_289,0.013732196705508412,0.011319213134878044,0.004323274321729096,0.9706253158378844
Test_290,0.46261174896584656,0.041397377987957035,0.12228914106456841,0.37370173198162804
Test_291,0.06778824239461566,0.020442469877835434,0.8847365167834226,0.027032770944126264
Test_292,0.18585641218663193,0.13376307379226923,0.6172846894443648,0.06309582457673397
Test_293,0.007811845882664914,0.04753291685788328,0.9385361660122137,0.006119071247238242
Test_294,0.06206222605541263,0.05252468270562229,0.8541695805160839,0.031243510722881125
Test_295,0.06954782802256038,0.023988992214045733,0.7102335798066699,0.19622959995672395
Test_296,0.27955939316619866,0.009186539724611144,0.29475178549333886,0.41650228161585107
Test_297,0.006142414990637203,0.03471338967998769,0.020910663937830545,0.9382335313915446
Test_298,0.0796498965165182,0.10438498260419019,0.5996926351887368,0.2162724856905547
Test_299,0.48444932949700564,0.03792591930250966,0.1420800625783877,0.335544688622097
Test_300,0.8612989956388407,0.013266775910904588,0.033498383973880656,0.09193584447637382
Test_301,0.5285609164393377,0.02239080678277831,0.1973692705740684,0.25167900620381545
Test_302,0.029184547727114644,0.04606290995510676,0.7827939363565042,0.14195860596127438
Test_303,0.30259153478617756,0.031007395511214248,0.22853176416582618,0.437869305536782
Test_304,0.545623269002611,0.0880023521008132,0.09878594206825725,0.26758843682831884
Test_305,0.25700413798911487,0.04791432229421842,0.6032695733227296,0.09181196639393746
Test_306,0.2400496162208814,0.012075315619940475,0.5741095055121128,0.1737655626470653
Test_307,0.5709686283494273,0.015579183496078095,0.1373674791192095,0.2760847090352851
Test_308,0.13106583315836562,0.27105906090609455,0.11224939559835813,0.48562571033718166
Test_309,0.04769472082352166,0.1918114923955247,0.6569540133653393,0.10353977341561457
Test_310,0.010743352034827017,0.20149414384703335,0.722031811541347,0.06573069257679243
Test_311,0.007657818168193592,0.1697556387904398,0.7580119372074205,0.06457460583394597
Test_312,0.03801814023733782,0.014502137987890332,0.016862305813097216,0.9306174159616745
Test_313,0.13568853313783155,0.01679569516414211,0.09047102053755592,0.7570447511604705
Test_314,0.20042971775311783,0.01975279740898976,0.4554467990771628,0.32437068576072975
Test_315,0.06108294503650307,0.021934648724804336,0.04198975012966965,0.8749926561090231
Test_316,0.5244135843743395,0.097453525188856,0.3289245245665977,0.04920836587020684
Test_317,0.026547473949455825,0.057362582154538655,0.9002750441312892,0.015814899764716017
Test_318,0.17583653875589358,0.017371375596444624,0.024670823620027992,0.7821212620276338
Test_319,0.0106020502315856,0.04194826591964282,0.9358138859888885,0.01163579785988333
Test_320,0.08384461618785692,0.09204630310540378,0.7818105816514789,0.04229849905526057
Test_321,0.5332265590920409,0.015580748109288266,0.2146140545745671,0.2365786382241041
Test_322,0.18203764461660205,0.05839914987468111,0.4059613475990408,0.35360185790967585
Test_323,0.11159706483042083,0.030667390909636882,0.8063845382162933,0.0513510060436492
Test_324,0.0480551313838114,0.09189756531537094,0.8189585248635404,0.041088778437277214
Test_325,0.3293098472422768,0.0498453308469209,0.24679543375684154,0.3740493881539609
Test_326,0.0191394280329877,0.03553911499498909,0.9128193917199637,0.03250206525205959
Test_327,0.028895955748642795,0.043521569394996865,0.042326940895126945,0.8852555339612336
Test_328,0.2990919540866623,0.054361384191547645,0.5065450756616631,0.14000158606012733
Test_329,0.016723046816209196,0.03440822179425805,0.9409349199373278,0.007933811452205107
Test_330,0.08751647804557876,0.15241958395337085,0.32570343923112693,0.43436049876992366
Test_331,0.25460038143166813,0.04987964167004054,0.19514565894394312,0.5003743179543482
Test_332,0.6402715128481857,0.08464611475365469,0.1653070824131674,0.1097752899849921
Test_333,0.2041448347008109,0.06270602674340264,0.6797910070670229,0.0533581314887634
Test_334,0.006958582928534514,0.023639050394844104,0.9639889512767231,0.0054134153998979485
Test_335,0.756616952778292,0.013370594008520432,0.05760210757302124,0.17241034564016625
Test_336,0.11101609472963113,0.07686208165776937,0.7513030235367014,0.06081880007589818
Test_337,0.7744944775846604,0.016516302623312124,0.028611975427302382,0.18037724436472521
Test_338,0.4281047587868453,0.046844826998724026,0.08712427252225056,0.43792614169218047
Test_339,0.3834661714935132,0.11063404395581258,0.24876500850491728,0.2571347760457571
Test_340,0.34685583101887135,0.013329607412556274,0.5561154169124136,0.08369914465615896
Test_341,0.5651026791401256,0.01872397422293533,0.06859585970040182,0.34757748693653734
Test_342,0.7159835291127039,0.02693737250719031,0.0437309219144227,0.21334817646568308
Test_343,0.4975778800082921,0.03757343600068792,0.13386989033317018,0.3309787936578496
Test_344,0.047807030327464195,0.17450227570841154,0.7313523289694974,0.04633836499462688
Test_345,0.019277409989331643,0.030033141616022357,0.9217965866341374,0.02889286176050859
Test_346,0.027917048243639324,0.0855446679106612,0.7770692059667077,0.10946907787899195
Test_347,0.3244498736150408,0.031636502603233606,0.1607079754327867,0.48320564834893875
Test_348,0.43653047678613704,0.035323294932053516,0.12143150169060273,0.40671472659120644
Test_349,0.4673011381314791,0.09185689820923626,0.22495253269377566,0.2158894309655086
Test_350,0.03908091225743388,0.09938758128949243,0.5690297296152617,0.2925017768378121
Test_351,0.01895702726887416,0.05671994094927867,0.8974486115796,0.02687442020224674
Test_352,0.4403565356312291,0.06227459269668717,0.12690002666955336,0.37046884500253036
Test_353,0.7626177405616379,0.010646917548749288,0.10965616470456889,0.11707917718504385
Test_354,0.23721678752034775,0.07709156058482483,0.37827479805136677,0.3074168538434604
Test_355,0.4548621352966196,0.07350381681701491,0.23689499571585818,0.2347390521705072
Test_356,0.5085031465445943,0.0406391091564817,0.2553415033165009,0.19551624098242326
Test_357,0.5953622468333987,0.021640791947955557,0.2561076268037193,0.1268893344149265
Test_358,0.5192773533242341,0.03745468202944645,0.1308783876637034,0.3123895769826162
Test_359,0.03621358481292489,0.019279089891827084,0.016347596894405368,0.9281597284008427
Test_360,0.43366984765472094,0.01058957962516992,0.3281671607008957,0.22757341201921333
Test_361,0.5778171970335383,0.05114139440483335,0.20782796798438657,0.1632134405772416
Test_362,0.29868837336621484,0.04020441880532369,0.2528858482191148,0.40822135960934663
Test_363,0.004755176079108025,0.016313391320073766,0.9594517268140087,0.01947970578680938
Test_364,0.19129022682462926,0.04984434744398336,0.565154322888964,0.19371110284242388
Test_365,0.037585181075489284,0.02961787678298347,0.9104283553442463,0.022368586797280723
Test_366,0.04558558734204492,0.10973629437562246,0.7848984453220215,0.05977967296031108
Test_367,0.3315444184260855,0.042246469612867335,0.25665585598907265,0.36955325597197436
Test_368,0.5049237544566706,0.007323561064562051,0.0755869186966733,0.41216576578209413
Test_369,0.032667733968050755,0.1129523742165534,0.07833707430829204,0.7760428175071036
Test_370,0.013293818173731235,0.009892423096086976,0.961868357064695,0.014945401665486755
Test_371,0.03955259752080168,0.10367697160753096,0.8055759150610629,0.05119451581060451
Test_372,0.09533594279466887,0.052535978140866434,0.42401447265993075,0.42811360640453394
Test_373,0.029182509625717366,0.02442260946627033,0.8416071403230527,0.10478774058495957
Test_374,0.026893321383279805,0.07452576048897168,0.8832922415589074,0.01528867656884123
Test_375,0.4361696449986782,0.03227461197091972,0.030057718961715635,0.5014980240686864
Test_376,0.526345383915669,0.06080485859051907,0.09416170749382576,0.3186880499999861
Test_377,0.6203660643121102,0.03161403408630209,0.20899652220033546,0.13902337940125228
Test_378,0.20247631809619282,0.01544823976292182,0.6013632465381481,0.18071219560273752
Test_379,0.16099376364399956,0.056468090665242894,0.712914114762006,0.06962403092875137
Test_380,0.008740176953113023,0.07294804721488551,0.7610068297374442,0.1573049460945571
Test_381,0.7969207434866866,0.007756203375311016,0.05011290026033047,0.14521015287767192
Test_382,0.21767366086613565,0.0792701955724756,0.05446849762173185,0.6485876459396571
Test_383,0.6316579619405888,0.02859100153984986,0.10342473126596588,0.23632630525359552
Test_384,0.04163891404132224,0.01596852832361932,0.9256358986369387,0.01675665899812001
Test_385,0.1587793140352798,0.07157794291347874,0.2815785835889837,0.488064159462258
Test_386,0.0064204835104577605,0.1974301167286214,0.7358765308269897,0.060272868933931203
Test_387,0.3631930416202237,0.05754430397758818,0.07138691021273497,0.5078757441894532
Test_388,0.473087565768751,0.0329267475699071,0.12194350039445111,0.3720421862668907
Test_389,0.21975097042341343,0.21161577596386405,0.3589962523025727,0.2096370013101496
Test_390,0.26993709365436636,0.15202433005316388,0.16961753023461423,0.4084210460578554
Test_391,0.016687362709497323,0.04486530972111541,0.9048954609374525,0.03355186663193492
Test_392,0.009337161879611765,0.029505715839554157,0.9498689812885163,0.011288140992317976
Test_393,0.04023315311916378,0.1195173772547633,0.12803696538702722,0.7122125042390457
Test_394,0.5053110258357902,0.024727087798913455,0.13302490073607603,0.3369369856292199
Test_395,0.4348406800225616,0.022790363040119322,0.21482508016780918,0.32754387676950963
Test_396,0.46088076087815655,0.02792931297490148,0.1859181284483543,0.32527179769858766
Test_397,0.09405799720486649,0.022199589672301033,0.032256101613439295,0.8514863115093937
Test_398,0.07257661822413856,0.18673851705694142,0.5919240453394228,0.1487608193794975
Test_399,0.25309257437683685,0.04129127819664889,0.25421059365925336,0.451405553767261
Test_400,0.08098690901464381,0.07198959505701845,0.7308472975040498,0.11617619842428778
Test_401,0.03866322639093329,0.06591223103396715,0.8745043769385941,0.020920165636505377
Test_402,0.34447357148202845,0.024242128426072568,0.1858251514424283,0.4454591486494707
Test_403,0.013100483472958328,0.18955135378563195,0.7431358146486311,0.05421234809277874
Test_404,0.19506427654343275,0.03144056381314788,0.05670301196725092,0.7167921476761683
Test_405,0.014084308312512566,0.012272930317579462,0.010201011516986111,0.963441749852922
Test_406,0.014552944467575948,0.027414341770361096,0.019867745643090132,0.938164968118973
Test_407,0.008813328873098908,0.021556600976181506,0.004361524600075061,0.9652685455506443
Test_408,0.06107371099636577,0.01997383320480837,0.004868064441852398,0.9140843913569735
Test_409,0.0050391503628582955,0.024889553848857483,0.9609193695864907,0.009151926201793508
Test_410,0.028987532976736837,0.024084472120739015,0.005012022681896107,0.9419159722206277
Test_411,0.5352236924910181,0.034768290850697256,0.08542718263756721,0.3445808340207176
Test_412,0.01544505122176465,0.18959720485661627,0.4226423735179162,0.3723153704037032
Test_413,0.5856445270126581,0.0638393129606428,0.2656810691688869,0.08483509085781256
Test_414,0.34408634824719303,0.12213483564981151,0.24556154544181782,0.2882172706611778
Test_415,0.005181554176980859,0.072934591779825,0.9045869047137702,0.017296949329423477
Test_416,0.12104824711320253,0.05759141196949441,0.6139133431251043,0.20744699779219905
Test_417,0.01806761367050468,0.02106365070175503,0.9558751975069807,0.004993538120759627
Test_418,0.46195134310177766,0.10400540208367964,0.13715677681027566,0.2968864780042669
Test_419,0.5114724500889771,0.03895367229697,0.09103792183710752,0.3585359557769456
Test_420,0.04768049808409128,0.11403746097635284,0.7842681547829587,0.05401388615659714
Test_421,0.26416517243773363,0.08168569815755501,0.06567444014599433,0.5884746892587174
Test_422,0.4833330722144568,0.03664445984132945,0.13766427424858238,0.3423581936956315
Test_423,0.07130611915806158,0.12047172526762381,0.7081010694267897,0.10012108614752488
Test_424,0.01635812317157913,0.04607298956784846,0.898189329304146,0.03937955795642627
Test_425,0.2606911525343712,0.05071910595409765,0.045584749634975635,0.6430049918765556
Test_426,0.10072109052434254,0.0194183223893346,0.8025695493555839,0.07729103773073857
Test_427,0.1056227025885196,0.11760095482268944,0.07112628740423196,0.7056500551845591
Test_428,0.03407962212570279,0.012977776436148508,0.005415722452018311,0.9475268789861304
Test_429,0.10237050667290817,0.035135096039637576,0.7848967156942764,0.07759768159317797
Test_430,0.03485666910579084,0.09254802677188469,0.7990105731230135,0.07358473099931101
Test_431,0.2792293338384035,0.035937296808674996,0.12051906857314455,0.564314300779777
Test_432,0.14579235177390296,0.206415869055855,0.24557966909419507,0.4022121100760471
Test_433,0.022184126479844007,0.02892091982023222,0.012632853231228954,0.9362621004686947
Test_434,0.2242611969397815,0.1224440242368345,0.08316977554413199,0.5701250032792516
Test_435,0.4868639538131623,0.00897261270764519,0.4141891102606691,0.08997432321852326
Test_436,0.54820499478802,0.018878744346672135,0.3511967647015672,0.08171949616374047
Test_437,0.01167079709428538,0.03647622626423948,0.9235266343827353,0.028326342258740072
Test_438,0.019335849809540225,0.12142135409096746,0.8039205529885177,0.05532224311097426
Test_439,0.204433108049865,0.1454472462220529,0.5954558833685946,0.05466376235948722
Test_440,0.007950173134514456,0.05146705984736385,0.9194238364588433,0.021158930559278394
Test_441,0.3392378728833778,0.041317602557953595,0.17598361238241736,0.44346091217625144
Test_442,0.42379972144180195,0.03855705949652072,0.13449251627294564,0.40315070278873166
Test_443,0.014954493631338089,0.08067438939737381,0.03436767892148913,0.8700034380497988
Test_444,0.7061417107554939,0.03776573669707962,0.07915867704581092,0.17693387550161574
Test_445,0.03363888067001875,0.04100229039918553,0.9065444034528537,0.01881442547794174
Test_446,0.27663251588366367,0.22459032123254496,0.14915215608753266,0.34962500679625863
Test_447,0.21172085971970805,0.10676872798845626,0.5790522600450569,0.1024581522467787
Test_448,0.015587723897226733,0.07535202873768382,0.8640392859878383,0.04502096137725097
Test_449,0.26979721494747017,0.06873022077062471,0.3642958836576603,0.29717668062424496
Test_450,0.09469629982601048,0.012720639488831528,0.5741840255610909,0.318399035124067
Test_451,0.04465198311641198,0.16993643580690848,0.7021024275115548,0.08330915356512478
Test_452,0.18417447667771383,0.010864525126815896,0.7428482430413497,0.06211275515412076
Test_453,0.045416767208382336,0.058933728003823634,0.18285560960632108,0.7127938951814732
