image_id,healthy,multiple_diseases,rust,scab
Test_0,0.006427519993752213,0.01691524902881027,0.9752009063030902,0.0014563246743472533
Test_1,0.051948327800573665,0.0717983244358265,0.7413765382636024,0.13487680949999736
Test_2,0.2368115694718495,0.018924806727458887,0.004441930949097873,0.7398216928515938
Test_3,0.7642936058619257,0.0622930848538478,0.04083713853649344,0.13257617074773306
Test_4,0.0027491298238084875,0.01720442743248584,0.9793012389104089,0.0007452038332968365
Test_5,0.6245286145172733,0.0006238349108254444,0.3405051164753411,0.0343424340965603
Test_6,0.8742775827090761,0.004450992129833154,0.018459771252495833,0.10281165390859495
Test_7,0.002386741498655076,0.009058671258968141,0.003525900709176558,0.9850286865332001
Test_8,0.15107264813111856,0.38488800320386585,0.0006472188467418772,0.46339212981827366
Test_9,0.471065583725162,0.007712152266180208,0.49347952614471685,0.02774273786394102
Test_10,0.0018475607343101446,0.050513928406547275,0.9446769764211824,0.002961534437960241
Test_11,0.11972574215943,0.0050588087335021615,0.8247646284520278,0.05045082065503995
Test_12,0.2687428022325582,0.326912837145228,0.022313841237787187,0.3820305193844266
Test_13,0.5423611408728344,0.06438330576994808,0.3480896468889853,0.04516590646823215
Test_14,0.0005397354251138837,0.003001458525885286,0.9964318067124058,2.6999336594823855e-05
Test_15,0.11771101527002087,0.00473909649750747,0.8543110368416451,0.02323885139082661
Test_16,0.40494608258853204,0.012148908668205297,0.07406186968693318,0.5088431390563295
Test_17,0.001816999382996794,0.09602205786480143,0.7920669499840525,0.11009399276814945
Test_18,0.6440468127442484,0.042663132275159006,0.111152616509749,0.20213743847084362
Test_19,0.004041078330080778,0.007521042194586249,0.9816943779080706,0.006743501567262495
Test_20,0.6301723068331501,0.04377806558622849,0.11389864734498722,0.2121509802356342
Test_21,0.009582473114736957,0.0007343470538213976,1.328922832174425e-05,0.9896698906031198
Test_22,0.0369273498107011,0.08195106010338724,0.8668750433499344,0.014246546735977314
Test_23,0.005019690514122903,0.004535593155850675,0.004931360158057152,0.9855133561719692
Test_24,0.8448374023052968,0.12691681343871042,0.0006610177147505031,0.02758476654124218
Test_25,0.003956637963723282,4.0282280926308906e-05,0.00019343180744711577,0.9958096479479034
Test_26,0.0444557861603731,0.12880564391635935,0.0435466669000079,0.7831919030232597
Test_27,0.02156607508791089,0.0513017559751239,0.8645384602795015,0.06259370865746355
Test_28,0.8535172677827356,0.02683504850852682,0.03989012575864367,0.07975755795009391
Test_29,0.6516163561866262,0.16099582214886635,0.12270070212701324,0.06468711953749426
Test_30,0.07737612215353921,0.006087073725924047,0.022126884123064315,0.8944099199974724
Test_31,0.00040234284976858084,0.023051288470208372,0.9764755669191475,7.080176087546191e-05
Test_32,0.5343536812519574,0.005973712274791414,0.08883073826215497,0.3708418682110963
Test_33,0.0059496184449023114,0.002679331587035979,0.001787730493992881,0.989583319474069
Test_34,0.6859907194137708,0.0022855188896228973,0.1963704709974009,0.1153532906992054
Test_35,0.9336052306573361,0.05735231038605609,0.0017992150701481877,0.007243243886459583
Test_36,0.0009560892474604039,0.022076553312621008,0.9754217186289291,0.0015456388109894223
Test_37,0.00605528539681526,0.0012619697922703604,0.004008134715682312,0.9886746100952322
Test_38,0.009549576022777164,0.012720468038560263,0.006831429572444141,0.9708985263662185
Test_39,0.0028882430923707994,0.006007587882248504,0.930724255816861,0.06037991320851969
Test_40,0.10820163669904131,0.05623755859254795,0.6706666510859344,0.16489415362247634
Test_41,0.005442926823730012,0.0201123677279172,0.96867031771672,0.005774387731632805
Test_42,0.008879951237198376,0.010147571109737021,0.01713673245164664,0.9638357452014179
Test_43,0.29060352645160276,0.00575977126817141,0.6874206970555455,0.01621600522468028
Test_44,0.8308948863869727,0.02495541596739535,0.0033554236569074435,0.14079427398872438
Test_45,0.27651424502529387,0.07734263845280781,0.16440926778895376,0.48173384873294456
Test_46,0.4735248288704966,0.0011525126159931069,0.00026055647047886225,0.5250621020430315
Test_47,0.0037577768589991847,0.025432184964463478,0.9615570651491088,0.009252973027428621
Test_48,0.0004883466792691156,0.006430955193696866,0.9914090866821528,0.001671611444881187
Test_49,0.002234060808790858,0.01654414773011651,0.9665513060989863,0.014670485362106316
Test_50,0.0013807491470360018,0.0032269783336632404,0.9951769750058675,0.0002152975134331858
Test_51,0.0025441212568901046,0.009910600306280078,0.9839208506468327,0.0036244277899973704
Test_52,0.04532863820231456,0.08995844276505098,0.8106793150471059,0.054033603985528575
Test_53,0.014197210389015854,0.05346653150065649,0.9187722694675889,0.013563988642738542
Test_54,0.0047927205534111506,0.25013274339162656,0.736209462469987,0.008865073584975314
Test_55,0.5156936854492095,0.017740936219966082,0.044402076584292065,0.4221633017465323
Test_56,0.022435638549948508,0.047747370245883526,0.11840750812739016,0.8114094830767777
Test_57,0.9986657100195594,1.6931943153070055e-05,2.6978752516377006e-05,0.0012903792847712519
Test_58,0.050546609366515075,0.00744510891809941,0.02573178114008991,0.9162765005752955
Test_59,0.19370960973593832,0.23649587435828404,0.35721987022884294,0.2125746456769347
Test_60,0.0007257442816293602,0.11451972064542285,0.12227791373141421,0.7624766213415336
Test_61,0.7749086160324165,0.04211526265618131,0.08076695870895055,0.10220916260245165
Test_62,0.290112709104261,0.001025459072136178,0.5502373931864747,0.15862443863712816
Test_63,0.00422478285726669,0.061687118714984245,0.23895357284826274,0.6951345255794863
Test_64,0.34590843023659845,0.03423792526605979,0.15453091565418633,0.46532272884315545
Test_65,0.0035383734498869875,0.0288858801215741,0.9399313832224514,0.027644363206087475
Test_66,0.9784333669368398,0.0007573986809269921,0.01919113800180476,0.0016180963804285273
Test_67,0.004871267605636992,0.03919591048271469,0.9447594966219871,0.01117332528966107
Test_68,0.19039585799356845,0.06071035146274806,0.04688691447354112,0.7020068760701423
Test_69,0.013099884391139505,0.01460196697735127,0.9683438962475672,0.003954252383941976
Test_70,0.015522152608819862,0.08958623214405943,0.1955562080576838,0.6993354071894369
Test_71,0.15964347791730626,0.002187127401251982,0.8363707259973008,0.0017986686841410236
Test_72,0.07211853328616431,0.14464219754260405,0.37040123337479103,0.4128380357964406
Test_73,0.9811632236279001,0.0006340567972652854,0.014585676876679872,0.0036170426981548486
Test_74,0.7346619228059073,0.017264599473469998,0.08989012789513715,0.15818334982548546
Test_75,0.23725442835296504,0.06016029734002082,0.6395229656461067,0.06306230866090758
Test_76,0.07510054663007842,0.15400954732164937,0.06321820747112072,0.7076716985771514
Test_77,0.006604881640070083,0.0506362234635857,0.9150281986855441,0.027730696210800182
Test_78,0.019932820430151786,0.4088145651974614,0.09550713434233903,0.47574548003004796
Test_79,0.10987057774235055,0.1602599555391791,0.5716590912510398,0.1582103754674306
Test_80,0.10621653815510021,0.14394680316060948,0.4094258498812486,0.3404108088030418
Test_81,0.022309646993543892,0.5905437562009551,0.33844248777337715,0.04870410903212371
Test_82,0.15455024366399142,0.3499892294426913,0.3089033988207067,0.18655712807261057
Test_83,0.1858588086489278,0.09007957753328563,0.2547687049945083,0.4692929088232784
Test_84,0.19301419993521304,0.0007082467371599139,0.7916112725521364,0.014666280775490589
Test_85,0.01922107393790223,1.223816056434394e-05,0.9370504842909435,0.04371620361058991
Test_86,0.11490715503948343,0.08581579557990557,0.7879765273079257,0.011300522072685403
Test_87,0.8816244234685139,0.004525824470295545,0.06391431562930205,0.04993543643188854
Test_88,0.3074499329283067,0.09698088801305087,0.01574215870183136,0.5798270203568111
Test_89,0.10508737305478867,0.0023438528254502025,0.8051789687368541,0.08738980538290707
Test_90,0.0264854355742633,0.042098073997886995,0.9069484867408144,0.024468003687035236
Test_91,0.569755489173274,0.04734334398064529,0.14950415617161328,0.23339701067446741
Test_92,0.3784135444515523,0.07335852062415324,0.04349211972031914,0.5047358152039754
Test_93,0.0548529021967149,0.21702283779912376,0.6225450236366403,0.10557923636752088
Test_94,0.016280536747877692,0.004603865775732351,0.006734543532618626,0.9723810539437714
Test_95,0.7779051453901947,0.03922703171771989,0.09953113119925873,0.08333669169282663
Test_96,0.06890651304741358,0.005179872375813796,0.00750326911681409,0.9184103454599586
Test_97,0.7463527082701786,0.09931558442868893,0.06896704888467417,0.0853646584164582
Test_98,0.24572681742947106,0.41956332876913993,0.09644921885228862,0.2382606349491003
Test_99,0.512806630208777,0.01976257199493384,0.2655543669552727,0.20187643084101636
Test_100,0.007185157536821446,0.011619860836304112,0.003231274344453459,0.9779637072824209
Test_101,0.2709201324099268,0.013911780699222179,0.3351490948971535,0.3800189919936976
Test_102,0.08406552944196506,0.14826955275675346,0.04265323718368096,0.7250116806176006
Test_103,0.039148974073106864,0.32659685922422366,0.04634173389389145,0.5879124328087781
Test_104,0.6370384205085198,0.06374155540890056,0.005334333258093911,0.2938856908244858
Test_105,0.0022866462586473534,4.881894769004985e-05,8.145521763974131e-05,0.997583079576023
Test_106,0.8084968403384748,0.021735275082687095,0.09882588544129586,0.07094199913754204
Test_107,0.001867286505358978,0.035509933558309795,0.9449819453802735,0.017640834556057795
Test_108,0.2169281090510198,0.0070883785575409615,0.017773327395716736,0.7582101849957225
Test_109,0.7240901870399042,0.12475971828651906,0.0717299762879112,0.07942011838566565
Test_110,0.8332286639650591,0.008807656498564341,0.014325909412098856,0.14363777012427786
Test_111,0.8749945529461287,0.0001283649922515037,0.01082177718524385,0.11405530487637601
Test_112,0.02641794730837155,0.061028557089228164,0.8719315671759401,0.040621928426460126
Test_113,0.3801591869475645,0.020361228223708314,0.42522387790915145,0.17425570691957576
Test_114,0.3834007089969678,0.14327513131404468,0.03505849601903709,0.43826566366995023
Test_115,0.07158368824491403,0.008387992539930113,0.2554798602357776,0.6645484589793783
Test_116,0.24463456478479317,0.08291245452080571,0.4604007450547433,0.2120522356396578
Test_117,0.0024108922311734124,0.04978446808863543,0.9469911154865124,0.0008135241936788508
Test_118,0.013005329701057285,0.029940076445707647,0.9503726169271107,0.00668197692612426
Test_119,0.6606284919971231,0.037906577557606,0.1169097490508159,0.18455518139445484
Test_120,0.0012885513369715542,0.0009936979099861986,0.9938396394917248,0.0038781112613172986
Test_121,0.17332965701503983,0.030041578717882537,0.578407392422629,0.2182213718444487
Test_122,0.0049033702864819265,0.01792562873377055,0.9706285032512919,0.006542497728455571
Test_123,0.00013905748061630223,0.08359905054643599,0.9162581862707435,3.7057022041361312e-06
Test_124,0.9613306118546145,0.011559810634657136,0.005870291964920175,0.021239285545808218
Test_125,0.051127464962243206,0.27053577366963505,0.010491325618228317,0.6678454357498934
Test_126,0.6229848233268883,0.06877801244114044,0.2739965416377642,0.034240622594207036
Test_127,0.055959933441273285,0.02270055729794967,0.0028142423763920276,0.918525266884385
Test_128,0.022223919788724306,0.0007500870188455056,0.004906963305901415,0.9721190298865289
Test_129,0.0024302417048801565,0.018618411649283333,0.9725251097406554,0.006426236905181061
Test_130,0.06901601156386197,0.005226245712353342,0.0048279056333230645,0.9209298370904617
Test_131,0.004318747791661238,0.0016593005572616574,0.015897321456147567,0.9781246301949295
Test_132,0.9310010377729566,0.013965048402084599,0.025662275153161353,0.029371638671797266
Test_133,0.08567440932535719,0.24432473618144918,0.09609288251034176,0.5739079719828518
Test_134,0.18665619459615942,0.013882636985414847,0.643747981834759,0.15571318658366662
Test_135,0.6485258753987556,0.043115974452424925,0.043634025663629665,0.2647241244851898
Test_136,0.001564509492502109,0.004776261187712284,0.031238381357759713,0.9624208479620259
Test_137,0.00016211233008778467,0.007221525267364817,0.9918592292720874,0.0007571331304599745
Test_138,0.00018544268637349232,0.0044323052455054425,0.9952896617330853,9.259033503575014e-05
Test_139,0.9905983621087344,0.00044622925148197427,0.0004689696528143245,0.008486438986969299
Test_140,0.027095757670820887,0.0061343683328502945,0.9386629031711982,0.028106970825130705
Test_141,0.024520892107454957,0.00031565722078008167,0.013968116900550682,0.9611953337712142
Test_142,0.44561834253089483,0.1782289669900084,0.10411609509522356,0.27203659538387326
Test_143,0.15141063011062744,0.055498787208913,0.0013968929039861867,0.7916936897764734
Test_144,0.46042903170551497,0.07956395268580053,0.38839692602660447,0.07161008958207989
Test_145,0.18494421881191467,0.01763759489885624,0.10153487035741329,0.6958833159318157
Test_146,0.0013806738637767017,0.034399735218896915,0.9579687299559421,0.006250860961384407
Test_147,0.04501096554524726,0.03444886700417825,0.9128595357795685,0.007680631671006105
Test_148,0.9133659399116277,0.014945618538225628,0.053801686088511276,0.01788675546163522
Test_149,0.018849779112288644,0.4433234812308313,0.39224177294751283,0.1455849667093672
Test_150,0.46636111365421984,0.025609486626859322,0.0373855891713036,0.4706438105476172
Test_151,0.020178603871151037,0.06321331963314036,0.9155613918108445,0.001046684684864136
Test_152,0.014787337463604064,0.010171841228492049,0.9742765604203668,0.0007642608875370585
Test_153,0.25886486137039144,0.005540313598852944,0.00782629720598142,0.7277685278247742
Test_154,0.12926679130077,0.023848243532021866,0.8300934247087206,0.01679154045848753
Test_155,0.005459385427618351,0.009492370025253133,0.9841361835256727,0.0009120610214558451
Test_156,0.002129343563252321,0.00013038977225107593,0.00024956876377141626,0.9974906979007253
Test_157,0.05239987639003669,0.05034605756138974,0.8698521705676594,0.027401895480914165
Test_158,0.06291682065935308,0.004414079094818607,0.0025046165215305517,0.9301644837242978
Test_159,0.2797745327057253,0.0001139423269041063,0.47536720362537804,0.24474432134199242
Test_160,0.7635066392235443,0.004475901880082025,0.00787904367047173,0.22413841522590208
Test_161,0.0677477974236142,0.08577328168395901,0.0335356473502951,0.8129432735421317
Test_162,0.05178929180139411,0.002613557923130908,0.9438792363393343,0.001717913936140597
Test_163,0.0020992249092202475,0.036728596152328596,0.9604624280574677,0.0007097508809834907
Test_164,0.6452096173562788,0.013882285767866397,0.06806655069206129,0.27284154618379347
Test_165,0.07801815547253221,0.07094130113493427,0.05941369310252429,0.7916268502900092
Test_166,0.2455155613012273,0.0029135015579057687,0.3173994698668992,0.43417146727396766
Test_167,0.04226945934842635,0.0014725753420069072,0.9515011861097817,0.0047567791997849395
Test_168,0.00567509591116485,0.03394781380364168,0.9528872890430377,0.00748980124215585
Test_169,0.7330260833845794,0.0040359115902852,0.2431573772494809,0.019780627775654463
Test_170,0.02030048925663615,0.3885275797629722,0.3757358193029334,0.2154361116774581
Test_171,0.006257291983953423,0.03672291034937456,0.7807096802888592,0.1763101173778127
Test_172,0.09231938778609337,0.06646382991777475,0.6644391290073307,0.17677765328880118
Test_173,0.0018518553397547522,0.006089787921301222,0.9881538981428609,0.0039044585960831073
Test_174,0.7065809142626189,0.03552275786535552,0.036505234826831004,0.22139109304519453
Test_175,0.41102492675722474,0.029673150031318832,0.10869991108484454,0.45060201212661194
Test_176,0.021608941454155595,0.009398116947731574,0.634524003747905,0.33446893785020787
Test_177,0.04656189819486356,0.0009822299983432076,0.016503775152748874,0.9359520966540444
Test_178,0.00020512645750735294,0.00012979317017598188,8.409319312500886e-05,0.9995809871791916
Test_179,0.009123139312991366,0.03074411150378405,0.8249671521745069,0.13516559700871783
Test_180,0.03556711866099369,0.008885421076835215,0.032737223251377554,0.9228102370107935
Test_181,0.005307824771201959,0.02117452885358016,0.005545961365957365,0.9679716850092605
Test_182,0.0009315580526777766,0.018002284510961253,0.9801491845990353,0.0009169728373254833
Test_183,0.7291504600287716,0.012763060119066907,0.20086648039341787,0.05721999945874344
Test_184,0.14790783005664104,0.005094485077887997,0.6545540063685843,0.19244367849688668
Test_185,0.06533959802144558,0.04023010249237145,0.24080484980353775,0.6536254496826452
Test_186,0.3572523650185321,0.01095547017564531,0.06337743036356269,0.5684147344422599
Test_187,0.054778866342710654,0.08194154189316316,0.8376604479835935,0.025619143780532688
Test_188,0.33439730969518555,0.029349124043477053,0.1976368240194036,0.4386167422419339
Test_189,0.5410459329763773,0.007267351030645137,0.39754216005051723,0.05414455594246028
Test_190,0.010140034560167235,0.015047782685241746,0.2855469842380292,0.6892651985165618
Test_191,0.02619501810254866,0.01059025435609132,0.8572063721563264,0.10600835538503339
Test_192,0.8535683749433195,0.06330305383790458,0.01970252948606364,0.06342604173271249
Test_193,0.05780386101258819,0.05042928147403477,0.8906362013813652,0.0011306561320118453
Test_194,0.007207446561894267,0.0635194451687198,0.9241498491848292,0.0051232590845567
Test_195,0.19720648941950927,0.3974293746933572,0.2752876635876845,0.1300764722994492
Test_196,0.22996497216908884,0.11517358819565558,0.06690899086705136,0.5879524487682043
Test_197,0.20453717345848163,0.048460113950768866,0.5925940256272049,0.15440868696354462
Test_198,0.0017437006457032035,0.0022006193922268023,0.0015633144548465915,0.9944923655072233
Test_199,0.09089996060587499,0.057553640455000915,0.8240428593638995,0.027503539575224546
Test_200,0.0016473155297339517,0.01816136801917723,0.978621298660218,0.001570017790870695
Test_201,0.09381317147632526,0.0023254706812390054,0.0028425870461823394,0.9010187707962535
Test_202,0.0025858251473064426,0.011074627144083925,0.9840091719476732,0.002330375760936411
Test_203,0.049322314220086746,0.001903095300883106,0.8715873270606876,0.0771872634183424
Test_204,0.26743025389917835,0.014135433052324667,0.19720643795295142,0.5212278750955455
Test_205,0.016150007775723056,0.03596372691828218,0.0028943855229430927,0.9449918797830515
Test_206,0.02859836487337338,0.003128491087588335,0.01063376695472118,0.9576393770843172
Test_207,0.04167701000859213,0.04570898778643832,0.2823297614993115,0.630284240705658
Test_208,0.4175645526276189,0.09537013103679996,0.162618765555879,0.32444655077970214
Test_209,0.00373953985888073,0.17485230988138842,0.7599018990902751,0.061506251169455926
Test_210,0.12266612431839166,0.05607853361513746,0.28466187650130775,0.5365934655651631
Test_211,0.0033925576183235556,0.21816925879137988,0.7752732953907967,0.0031648881994997755
Test_212,0.11491407549917955,0.04057594594305661,0.8410517074854454,0.0034582710723184335
Test_213,0.1470746922153382,0.3732293025444102,0.317773790190949,0.16192221504930257
Test_214,0.035200619875959495,0.005672108176223447,0.8217266999364526,0.13740057201136438
Test_215,0.5580766287585034,0.012940657825880128,0.025552001162623204,0.40343071225299315
Test_216,0.9448498420743399,0.019704984467183776,0.021903427034736776,0.013541746423739568
Test_217,0.008406598772530315,0.1272848878496308,0.43098173640954823,0.4333267769682907
Test_218,0.6302143162494149,0.08765746754345244,0.12962873885907564,0.15249947734805702
Test_219,0.08095051326549006,0.016780313692062107,0.8786308687026125,0.023638304339835315
Test_220,0.01702027624970557,0.006939709104304202,0.03700942372558772,0.9390305909204024
Test_221,0.974626375618143,0.01657215965630853,0.00331664051785711,0.005484824207691317
Test_222,0.008020162010744064,0.009817737671877201,0.8285332130798994,0.15362888723747936
Test_223,0.004915846577208528,0.014625447725352996,0.9539463942316979,0.026512311465740526
Test_224,0.44596080517002773,0.002336369761412434,0.23292502686123073,0.31877779820732915
Test_225,0.6303431050604943,0.015753955064505505,0.2754545183174586,0.0784484215575417
Test_226,0.0019305190720020876,0.04733033308669484,0.9493791894802274,0.0013599583610755424
Test_227,0.017310389544454144,0.09119543459367449,0.09878458529828137,0.79270959056359
Test_228,0.4722751444193446,0.039408534624117655,0.421764891310316,0.06655142964622157
Test_229,0.005610671561425402,0.057400372742420304,0.9348901063051714,0.002098849390982908
Test_230,0.9205840003960778,0.006090885170241093,0.04623897288019369,0.027086141553487496
Test_231,0.024775439774205862,0.001447440638027268,0.0017618998375036263,0.9720152197502633
Test_232,0.7345442679031065,0.0077625058927219565,0.2568170435592287,0.000876182644942921
Test_233,0.4813902728938247,0.0051300489342118475,0.1183383337303341,0.39514134444162946
Test_234,0.6659947403034219,0.05339477502433643,0.09426100747685978,0.18634947719538186
Test_235,0.021799995259308542,0.10317822681173436,0.0892372784030892,0.7857844995258679
Test_236,0.2461497240497812,8.537578201169387e-05,0.6603623763276923,0.09340252384051481
Test_237,0.01476638671144746,0.005119860978754193,0.00186724669766603,0.9782465056121323
Test_238,0.5214362783666618,0.167998223891927,0.16179589006946124,0.14876960767194986
Test_239,0.005104923008864394,0.058021858355242435,0.9293733193466632,0.007499899289229859
Test_240,6.448516466036246e-05,0.012238592906283008,0.9876814641162828,1.5457812773788906e-05
Test_241,0.04864546116195902,0.12116831163624733,0.13416305727927333,0.6960231699225204
Test_242,0.22976658638574254,0.023621786316995578,0.007942196073120876,0.7386694312241411
Test_243,0.9149608639122021,0.029169161005852144,0.02972407021819841,0.02614590486374738
Test_244,0.04624510049966646,0.5389208363087896,0.09022960186183053,0.3246044613297134
Test_245,0.00015607896294427516,0.006131829360407637,0.9935719985295987,0.00014009314704935998
Test_246,0.04827320766586834,0.010275827967136348,0.00550681973330794,0.9359441446336874
Test_247,0.0015132820180897546,0.00989894252055572,0.004888089370344017,0.9836996860910106
Test_248,0.41235202711548863,0.2541654813136448,0.02617575835191117,0.30730673321895546
Test_249,0.2039406641424328,0.023664501423692648,0.33261756172248685,0.4397772727113877
Test_250,0.7619336532255201,0.01574275086506667,0.21396140412810977,0.008362191781303454
Test_251,0.3142911990977492,0.03524791079050961,0.013979601971839098,0.6364812881399021
Test_252,0.003922631379809554,0.005871814177199741,0.6001663008269817,0.390039253616009
Test_253,0.00184767328015233,0.00364329910050306,0.0008725779126904177,0.9936364497066541
Test_254,0.21802330757830432,0.012412500838501726,0.050168856560113495,0.7193953350230805
Test_255,0.4915171654462488,0.1287324809728868,0.059118223735765536,0.32063212984509887
Test_256,0.0017925730769330032,0.04652182091751793,0.002458237575718447,0.9492273684298306
Test_257,0.0017584742201147887,0.049094539043384296,0.9459897420785729,0.003157244657928039
Test_258,0.017542326447407674,0.20534478364861,0.7407821965396916,0.03633069336429062
Test_259,0.16334828286872266,0.040779175464724364,0.22224090375050723,0.5736316379160458
Test_260,0.007971666379539803,0.0030288657901202235,0.003912637630985386,0.9850868301993546
Test_261,0.014979524578749105,0.013619484589573513,0.9686926717027801,0.0027083191288971636
Test_262,0.16137535174700987,0.1338393506507531,0.03197725694440714,0.67280804065783
Test_263,0.6205836336504291,0.011079862391503034,0.002791292889581577,0.36554521106848625
Test_264,0.36849922846680544,0.038288834829218084,0.5713747083864544,0.021837228317522044
Test_265,0.009387523322721747,0.01613421779198995,0.9689547223489867,0.005523536536301584
Test_266,0.008257460345880306,0.0009974339033236403,0.0017420003959469925,0.9890031053548489
Test_267,0.6377567968305378,0.06674966304833325,0.06887077592604177,0.22662276419508728
Test_268,0.0003477059813397932,0.01627535082213621,0.9565592118904984,0.026817731306025553
Test_269,0.509984396626229,0.004354790991835942,0.05762312269316516,0.4280376896887699
Test_270,0.20680322270459522,0.0017477445896723152,0.0005138041697290063,0.7909352285360034
Test_271,0.8638891111440837,0.017640332382034416,0.05008035154758028,0.06839020492630163
Test_272,0.0018997891436125889,0.006959162958805173,0.9887549053175299,0.002386142580052378
Test_273,0.3206549483660861,0.028687280564329308,0.01253939281827099,0.6381183782513136
Test_274,0.004093773473323118,0.040961136489562316,0.9411341939749073,0.013810896062207357
Test_275,0.04109332198410742,0.22101052607902563,0.5655481190314477,0.1723480329054193
Test_276,0.0027788092114161642,0.14632264465526104,0.446008365387558,0.40489018074576466
Test_277,0.44317313786874113,0.005972281756340621,0.1271328292956814,0.42372175107923693
Test_278,0.05238368570055477,0.011040817791845183,0.012796738247934744,0.9237787582596654
Test_279,0.005871055726028538,0.0007338786965710403,0.9888646655037332,0.004530400073667297
Test_280,0.04176514971643517,0.017890515646716596,0.016131954245611865,0.9242123803912364
Test_281,0.4096924079230714,0.003152642256751422,0.11502470884477697,0.4721302409754002
Test_282,0.009243126371381543,0.39209972770480883,0.030393276579239063,0.5682638693445706
Test_283,7.537141946570629e-05,0.01046104262745735,0.9864839240903093,0.0029796618627675364
Test_284,0.0009809530358991948,0.1183701098237757,0.8181584293014652,0.062490507838859864
Test_285,0.6813393268514075,0.000534406658445069,0.034269419674667685,0.2838568468154798
Test_286,0.08598324215967212,0.0021699681664191822,0.6453741822690878,0.2664726074048208
Test_287,0.9390101673813079,0.0027886047642176654,0.0540532811238115,0.004147946730662748
Test_288,0.015870499969607554,0.019220416093785907,0.005990021805734311,0.9589190621308723
Test_289,0.017256438346506312,0.004713940820381788,0.009356707209058415,0.9686729136240535
Test_290,0.40083769169013694,0.036451764123845556,0.35366575549155127,0.20904478869446622
Test_291,0.29932319745803754,0.022238853013918702,0.6758647153309034,0.002573234197140473
Test_292,0.9028234070327006,0.003891811209116274,0.04162835894030005,0.051656422817883
Test_293,0.0017970797991455195,0.005603912249293606,0.9923509354757905,0.00024807247577044605
Test_294,0.0005930760137399783,0.010679612224002464,0.9784650829854299,0.010262228776827646
Test_295,0.21605431551499618,0.010322496090879978,0.5888517298254733,0.18477145856865057
Test_296,0.45197278181061384,0.002572150170320859,0.33409905639313386,0.21135601162593143
Test_297,0.0031059921122153517,0.44001686402381524,0.04156075297885978,0.5153163908851096
Test_298,0.003980605755680498,0.12971496752868572,0.24499260738112397,0.6213118193345097
Test_299,3.206214109425543e-05,0.3398490846494965,0.6152814522551983,0.04483740095421113
Test_300,0.8512457810037313,0.01673925990282719,0.054328269678484954,0.07768668941495653
Test_301,0.7868640683796205,0.005509618754020519,0.010454190528896637,0.19717212233746223
Test_302,0.008655341020998278,0.013401360704769194,0.92704310505849,0.050900193215742434
Test_303,0.2138474432254885,0.10133274268480019,0.32567657917192877,0.35914323491778266
Test_304,0.963000199174869,0.005598954675973248,0.008857684303871937,0.022543161845285733
Test_305,0.4751009191228499,0.07575354568638341,0.3701483007346095,0.07899723445615706
Test_306,0.5133170781836269,0.00824567815000371,0.1787625966146571,0.2996746470517122
Test_307,0.8880005255418313,0.017563474739429954,0.004022828809796587,0.09041317090894212
Test_308,0.09466617542482852,0.05063017882679374,0.10707930329125781,0.7476243424571201
Test_309,0.00722371089224389,0.05082831217244928,0.9231900797456255,0.018757897189681235
Test_310,0.02736677823611313,0.2884296963347129,0.6351996042042796,0.04900392122489445
Test_311,0.008334599189711028,0.12257693214489307,0.8550827680461492,0.014005700619246683
Test_312,0.0047742090451269,0.003142232666315166,0.005338093839103721,0.9867454644494541
Test_313,0.10989079938469457,0.015251774807250503,0.05260248604454945,0.8222549397635055
Test_314,0.40105176592093233,0.012449385251328323,0.1916608113867311,0.3948380374410082
Test_315,0.07266747767150535,0.01018210620501571,0.011210583906429228,0.9059398322170497
Test_316,0.5226336926767905,0.011134665267206665,0.45189790802577917,0.014333734030223722
Test_317,0.008135593857964581,0.06876187945673987,0.9083089496612419,0.014793577024053458
Test_318,0.11332503796765155,0.0511122861036561,0.002753815364775269,0.8328088605639171
Test_319,0.004870853468071777,0.0482618653910866,0.943126111702177,0.003741169438664611
Test_320,0.04741471574893085,0.0314367208964088,0.906196630455896,0.01495193289876408
Test_321,0.5630685484081152,0.04709027117576774,0.06280017637954365,0.3270410040365734
Test_322,0.39036206149614866,0.03330888519195152,0.12573472732826949,0.45059432598363025
Test_323,0.05131631033429499,0.005722193156572066,0.9324148329406567,0.010546663568476253
Test_324,0.003646645330467916,0.004749441667544031,0.9887736336593589,0.0028302793426292754
Test_325,0.0747071369372574,0.033172114892749086,0.009535748417990314,0.8825849997520031
Test_326,0.0026414730498753266,0.0496908997319695,0.9378841296923517,0.009783497525803705
Test_327,0.3973711558075691,0.042885815131620236,0.006116894403831957,0.5536261346569787
Test_328,0.2248302388066458,0.019682148404390788,0.7201042656109768,0.035383347177986586
Test_329,0.13169328198435304,0.008037145183507812,0.834289627053556,0.025979945778583098
Test_330,0.04585556079144367,0.1124646609682942,0.31923204874973304,0.5224477294905291
Test_331,0.9167970641225108,0.011569422427450545,0.00781540871756259,0.0638181047324758
Test_332,0.5998443723951764,0.055725125099002515,0.24509487806301686,0.0993356244428043
Test_333,0.08574040451731435,0.010154368726672249,0.8628979112770069,0.041207315479006475
Test_334,0.0008589933641252656,0.0007573481564333694,0.99681182888432,0.0015718295951215088
Test_335,0.6802320592102326,0.00896999159762363,0.1804601432185873,0.1303378059735564
Test_336,0.43089851077019176,0.015268843808990526,0.5349657825170658,0.018866862903751905
Test_337,0.3110567703502585,0.022066898185983157,0.03649501692147283,0.6303813145422856
Test_338,0.47544887316083906,0.006337268522814847,0.25230736533691456,0.2659064929794316
Test_339,0.039408191945496614,0.40630246754327193,0.4061744363392594,0.1481149041719719
Test_340,0.11226881467342638,0.014788469139655657,0.563443031836805,0.30949968435011305
Test_341,0.6002751560602213,0.023473687080664236,0.00965892246780864,0.36659223439130584
Test_342,0.9531487706816705,0.008354252186525985,0.013457222046979527,0.025039755084824207
Test_343,0.9605187582062008,0.00011238207651994107,0.008323935107636819,0.031044924609642314
Test_344,0.0005524183722135589,0.023803726584008318,0.9753103982890181,0.00033345675475996583
Test_345,0.02663927190570144,0.07319122510353526,0.7212781912091858,0.17889131178157747
Test_346,0.00012098082167227659,0.0008312216847047506,0.9989274691611388,0.00012032833248420265
Test_347,0.11800124768082497,0.04580523505387249,0.32264019688377366,0.5135533203815289
Test_348,0.8167252285024595,0.00031137337041438454,0.021098183396033685,0.16186521473109244
Test_349,0.09183810748505952,0.00676986696108827,0.011890729572255645,0.8895012959815966
Test_350,0.050757587783824235,0.03497795887450006,0.01241797568782801,0.9018464776538477
Test_351,0.00033913244895108325,0.021127701287812755,0.9779839543339606,0.0005492119292757462
Test_352,0.061287743876184825,0.0311240830008218,0.052282090720559594,0.8553060824024339
Test_353,0.8804624938237663,0.0033722989787904317,0.03583753354531796,0.08032767365212531
Test_354,0.1912981822481439,0.03398624503225788,0.5623170862082477,0.21239848651135063
Test_355,0.5247517019421645,0.014440818978211596,0.03604495547215831,0.42476252360746575
Test_356,0.8101921466771197,0.032271585445775915,0.026003895628590974,0.13153237224851339
Test_357,0.7603995635025719,0.0488629351511206,0.13652386850877277,0.05421363283753467
Test_358,0.3323250061096936,0.007145822640578965,0.5992862070234851,0.06124296422624223
Test_359,0.12719101026194726,0.01667624599689097,0.05943014206386772,0.796702601677294
Test_360,0.31157722301813506,0.002581416901763985,0.6729986535977823,0.01284270648231858
Test_361,0.8447315168939283,0.011878640375591831,0.12051983205353324,0.02287001067694668
Test_362,0.02382153514892764,0.02479059831779288,0.865923417909293,0.08546444862398642
Test_363,0.020428664780984387,0.02171133294863162,0.9453012014611134,0.01255880080927062
Test_364,0.052016789864464875,0.03505246210472947,0.9029338735097346,0.009996874521071192
Test_365,0.05302433120039089,0.03428452415993057,0.8982611247159871,0.014430019923691547
Test_366,0.022355160531105676,0.08563515382376298,0.8487799411969731,0.04322974444815827
Test_367,0.09824723997940069,0.018709288243450597,0.12274206808500508,0.7603014036921436
Test_368,0.33077548267725837,0.009113861597322508,0.12121301607547218,0.538897639649947
Test_369,0.022935828974610245,0.025934524346853994,0.021050021067225307,0.9300796256113104
Test_370,0.004509944323224434,0.00029555402469192896,0.9926514796466184,0.0025430220054653866
Test_371,0.00689525211691269,0.013943388937311806,0.97477862782191,0.004382731123865422
Test_372,0.019004301736164714,0.021023660296317744,0.004443084912030154,0.9555289530554874
Test_373,0.01320233889941185,0.08184981959868887,0.8665414103335569,0.03840643116834236
Test_374,0.009862238485331073,0.026982053957853327,0.8667777609883098,0.09637794656850573
Test_375,0.43693370813292637,0.055638368053622406,0.017678527850616122,0.48974939596283495
Test_376,0.6048288507380688,0.035628795393171125,0.153493685764986,0.20604866810377415
Test_377,0.809024777115171,0.01915891736124682,0.08152496109313317,0.09029134443044913
Test_378,0.08131321867036084,0.013757968041319155,0.901731295458217,0.003197517830103027
Test_379,0.2030586254799721,0.1690311153969972,0.2680254278007224,0.3598848313223082
Test_380,0.03704723766990518,0.3032305332340206,0.0495317394539073,0.6101904896421668
Test_381,0.9052159908960363,0.01050403748811169,0.007894417840762637,0.0763855537750894
Test_382,0.5345925264787394,0.060519212219695244,0.01762709347820531,0.38726116782336
Test_383,0.7848295460558297,0.000978672989006481,0.01281490030932425,0.20137688064583947
Test_384,0.4077538840245508,1.5990754884910526e-05,0.2023900848639147,0.38984004035664943
Test_385,0.09902157593397151,0.1473257452624897,0.15107938000661816,0.6025732987969207
Test_386,0.0009235110335318199,0.18512257151257674,0.6949142539506642,0.11903966350322723
Test_387,0.37030058900836255,0.11194957722217519,0.07587538207240684,0.44187445169705536
Test_388,0.46531142755353244,0.024349683365312895,0.0008339670886300855,0.5095049219925245
Test_389,0.681831760604379,0.04099329628053058,0.14130665658236125,0.13586828653272925
Test_390,0.2685076431426701,0.08742252084241414,0.06121998703157831,0.5828498489833375
Test_391,0.003741714002275262,0.01377831067380318,0.977649245476257,0.004830729847664679
Test_392,0.04578523150350823,0.020961224146657832,0.9114454826104467,0.02180806173938716
Test_393,0.014717836258149559,0.09597185349495164,0.05832667576913703,0.8309836344777618
Test_394,0.6217936032365081,0.046637112684289946,0.017487077684049206,0.3140822063951527
Test_395,0.08872647856065934,0.019387746401381183,0.8877364840200811,0.004149291017878407
Test_396,0.7118047581397243,5.5421915026028584e-05,0.03141160156223555,0.25672821838301413
Test_397,0.13002306136980074,0.0052426269646459545,0.0015822026550402948,0.8631521090105131
Test_398,0.005459913316359691,0.04728699841117358,0.8764647578200975,0.07078833045236918
Test_399,0.7385465131124052,0.008984825974624171,0.041108230964455414,0.21136042994851528
Test_400,0.00034009378509517135,0.015703275408873788,0.9824913276631597,0.001465303142871376
Test_401,0.017829542049376194,0.04676138375225839,0.922754433843212,0.012654640355153493
Test_402,0.19255597670788702,0.048943814811033215,0.04763595637430584,0.710864252106774
Test_403,0.03200704940836402,0.16465334402289544,0.7571068955080208,0.046232711060719765
Test_404,0.12758734808092145,0.003024580532517668,0.1249194029998657,0.7444686683866951
Test_405,0.0007598174630962185,0.0007354108282833841,0.0010814676789289376,0.9974233040296914
Test_406,0.00013900491355283627,0.01838688609192328,0.0028012874742290163,0.9786728215202948
Test_407,0.0013669880943155313,0.001319857500898122,0.00013120561848060008,0.9971819487863057
Test_408,0.019924875401619777,0.014975592554483783,0.004481157604155173,0.9606183744397413
Test_409,0.0023624526661979186,0.05208619653766686,0.9405215095854697,0.0050298412106655485
Test_410,0.005780455585054909,0.008117549577935462,0.0018531877607741237,0.9842488070762356
Test_411,0.8661706927461886,0.08572841105492215,0.0019306574552264185,0.04617023874366278
Test_412,0.02522933157948063,0.374427416921071,0.5005567603356781,0.0997864911637702
Test_413,0.11736108008876067,0.011188638819870868,0.7693437650574616,0.1021065160339069
Test_414,0.028079123869395,0.11380987505792245,0.7683829523997396,0.08972804867294303
Test_415,0.003219462990429626,0.013355748323418811,0.981471721336086,0.0019530673500656396
Test_416,0.008762716418455448,0.028179536225854035,0.5959142471601756,0.36714350019551495
Test_417,0.0009289548021488601,0.0009501887629474444,0.9980833257504373,3.753068446630009e-05
Test_418,0.20522178322132334,0.05924283982381741,0.2866959484818363,0.4488394284730229
Test_419,0.9146542951342673,0.01143509861266203,0.022629213504020033,0.051281392749050636
Test_420,0.003268520898231979,0.07105199797461696,0.9238922411953937,0.001787239931757388
Test_421,0.007870050698196396,0.012584404792692398,0.0018055480507784415,0.9777399964583326
Test_422,0.015586951011248129,0.01457864018744852,0.07955424487702872,0.8902801639242747
Test_423,0.013613163577580684,0.18428813126540264,0.7824973323624376,0.019601372794578995
Test_424,0.007047542856614647,0.03456827775550575,0.9501290204705377,0.008255158917341734
Test_425,0.39155853780198907,0.020537039449001735,0.012701487884704907,0.5752029348643042
Test_426,0.17225742922477028,0.006472770840590966,0.7368523464162259,0.08441745351841282
Test_427,0.0031469148715932895,0.0013684601801689008,0.0005376686997361507,0.9949469562485017
Test_428,0.02157937910937348,0.00744384078475724,0.006499077266568842,0.9644777028393005
Test_429,0.005327405586991405,0.0725143140034908,0.9160922627817368,0.0060660176277809695
Test_430,0.005280643868013402,0.02478595475482791,0.9682044273256146,0.0017289740515440781
Test_431,0.011899836565138338,0.00035123392008767386,0.10608344811495121,0.8816654813998227
Test_432,0.3774754649721535,0.12043395178506809,0.012665004078638596,0.48942557916413976
Test_433,0.0017470323201326124,0.01898333120106759,0.005601596226418601,0.9736680402523813
Test_434,0.5596094215800189,0.09504042752636442,0.008164856181815436,0.3371852947118013
Test_435,0.4355493683013245,0.05690124140790447,0.3140008708187012,0.19354851947206989
Test_436,0.26337536205696827,0.27928849613948675,0.33441702411146634,0.12291911769207864
Test_437,0.025035711718588847,0.08209689714921607,0.6871147094456636,0.20575268168653155
Test_438,0.005333220094632228,0.39113580961865674,0.5979346032990241,0.00559636698768677
Test_439,0.32113668057397665,0.3547212030336314,0.1968940753742712,0.1272480410181207
Test_440,0.0002886750763379911,0.02540551824352205,0.9695864407075275,0.004719365972612453
Test_441,0.5941677684855239,0.07241680916284246,0.025955675443581613,0.3074597469080521
Test_442,0.530625989354527,0.00017170116997901834,0.06359815794062763,0.40560415153486645
Test_443,0.0011552615780006344,0.006076830358149174,0.0011483884588382848,0.9916195196050118
Test_444,0.767298634109979,0.029509876885449027,0.0753644361196429,0.12782705288492893
Test_445,0.003657926116300594,0.02205639150737377,0.9726586709786553,0.001627011397670319
Test_446,0.1171697660161335,0.08223337984739963,0.1748921245421085,0.6257047295943583
