image_id,healthy,multiple_diseases,rust,scab
Test_0,7.500583482596294e-07,0.005090699278988224,0.9949080149802336,5.356824298652772e-07
Test_1,0.03154785730206537,0.046157629889191046,0.8336725362769783,0.08862197653176528
Test_2,0.3015022750748588,0.026643774418870215,0.3691466841032149,0.3027072664030561
Test_3,0.6469956484699607,0.09145235755063455,0.007144062900499196,0.2544079310789057
Test_4,0.00020555105321061297,0.029580055292206732,0.9700471765940408,0.00016721706054172874
Test_5,0.6460452180523909,0.0009351968663875762,0.2847254049290246,0.06829418015219696
Test_6,0.5528085568522284,0.0043688809028568365,0.0077134194872258855,0.43510914275768886
Test_7,0.0019691288175971563,0.01812889336676934,0.00020082363217127657,0.9797011541834622
Test_8,0.3805974129289832,0.05009046436323914,0.004639802603308939,0.5646723201044687
Test_9,0.5280277060284594,0.01922520685967152,0.44714343444990984,0.005603652661959154
Test_10,1.0876681434615502e-05,0.00986696160184676,0.9891805848588583,0.0009415768578601997
Test_11,0.4160250483572262,0.016218100988704895,0.33896624062415365,0.22879061002991533
Test_12,0.0839385230919571,0.04144479460886136,0.003964266194865007,0.8706524161043164
Test_13,0.5990462345489752,0.024400653302668152,0.3303935206029542,0.046159591545402494
Test_14,1.7742331855814805e-07,6.599383402043345e-05,0.9999338123535123,1.6389148497313815e-08
Test_15,0.21426361420343862,0.04515266316045869,0.7290249380856013,0.011558784550501373
Test_16,0.08363031802598803,0.012423497635122205,0.0029301516009248305,0.9010160327379649
Test_17,5.337846858817859e-05,0.17788235965281032,0.23976812180087437,0.5822961400777271
Test_18,0.6312346814857673,0.05325193583166345,0.0075252645015263485,0.30798811818104277
Test_19,8.260270628866501e-05,0.017634220979463145,0.9750455790186826,0.007237597295565722
Test_20,0.564077861637698,0.0012291719735848992,0.1993692020702612,0.2353237643184559
Test_21,0.3767199494112621,0.015382296045960149,0.29789402843010865,0.3100037261126691
Test_22,0.013452979764461408,0.14824795081062148,0.46950214090180115,0.3687969285231159
Test_23,0.0002939785451699782,0.0013767341822998609,0.00013802987359824175,0.998191257398932
Test_24,0.6582180783671,0.021103497139105237,0.05984129367616332,0.2608371308176315
Test_25,0.4630751658288367,0.020292442514599017,0.23477167885959335,0.281860712796971
Test_26,0.22910295959032104,0.10564914765726857,0.2941517733664328,0.37109611938597753
Test_27,0.00025718000686241924,0.0035685591608953936,0.9958417223550223,0.00033253847721991637
Test_28,0.9744483121552573,0.0012776214448519442,0.00421395508840974,0.020060111311481138
Test_29,0.8700614233948757,0.023185049749376362,0.10322896768187786,0.0035245591738699796
Test_30,0.39583588093895794,0.02146520736142492,0.08313888919671496,0.49956002250290205
Test_31,2.672771865315734e-05,0.14739557617267104,0.8517733718670215,0.0008043242416541638
Test_32,0.17127849672652345,0.004741559299961912,0.009219444035266247,0.8147604999382484
Test_33,8.418974523811876e-05,6.837648864428626e-05,5.048535844618196e-07,0.9998469289125331
Test_34,0.3556973555219013,0.012635929479575312,0.30391787252918984,0.3277488424693335
Test_35,0.34815109581759873,0.019117931609662114,0.3093404764433134,0.3233904961294259
Test_36,1.2362843829387956e-05,0.04198409982535713,0.9531461389840636,0.004857398346749758
Test_37,0.39256346085422517,0.019515263911061544,0.2383109589185259,0.34961031631618733
Test_38,0.0021574812404878243,0.000901706955477432,4.37027291088895e-05,0.9968971090749258
Test_39,0.018214112898072343,0.00824716667084958,0.5541724980266356,0.4193662224044425
Test_40,0.0796978333250911,0.11198069882834019,0.46412287753361514,0.3441985903129535
Test_41,2.5487580375767297e-05,0.08495807431346124,0.9135813142692156,0.0014351238369471587
Test_42,0.00025759458971658415,0.0007730504219933877,0.00023830958012917647,0.9987310454081608
Test_43,0.16684585875222913,0.0009444172879583833,0.8300772290083908,0.002132494951421628
Test_44,0.8509868168216598,0.025664060822463353,0.0006698072834874229,0.12267931507238948
Test_45,0.18824786030114232,0.029375543563943535,0.08789381643030472,0.6944827797046095
Test_46,0.42783353571996546,0.008931693086499624,0.0110084964388509,0.552226274754684
Test_47,0.0003251295773913153,0.04355762802989141,0.9474700340266206,0.008647208366096646
Test_48,8.852369675045589e-08,0.001434711971647457,0.9985438174165112,2.1382088144648674e-05
Test_49,7.239207822461295e-06,0.018471245491902745,0.9755461711211001,0.005975344179174762
Test_50,1.3921948109632175e-06,0.0017951401115839434,0.9981665708848484,3.6896808756759954e-05
Test_51,0.010868943260930656,0.05340925769467076,0.9254670513281389,0.01025474771625963
Test_52,0.1587784718175078,0.11581553455679809,0.3196051704511363,0.40580082317455785
Test_53,0.00018902982420923838,0.004668073011108465,0.9951031191771972,3.977798748506326e-05
Test_54,3.741357075818725e-05,0.07041926374261404,0.9295216422008247,2.168048580303891e-05
Test_55,0.22214397378191472,0.012564974681130681,0.012445615328811332,0.7528454362081433
Test_56,0.003203809383206833,0.009527145974207863,0.41886265662850747,0.5684063880140778
Test_57,0.4241735490556067,0.010703445326576534,0.2154921207553018,0.3496308848625149
Test_58,0.008960109308209533,0.0002751917819237914,0.00021406458269553218,0.9905506343271712
Test_59,0.023070691419873415,0.2954631313360156,0.5212641100108917,0.1602020672332192
Test_60,2.3646476694357186e-06,0.21790610256483087,0.04521273180111512,0.7368788009863846
Test_61,0.9626603560718036,0.007578671853052383,0.02290361226167023,0.006857359813473606
Test_62,0.32586109244232747,0.00015865751659858166,0.5315798504991706,0.14240039954190353
Test_63,0.248701332663866,0.097024849562478,0.4676010518484629,0.1866727659251932
Test_64,0.5639203732288333,0.01831558267677645,0.06152492815730203,0.35623911593708824
Test_65,0.005182239721888861,0.09978132481929974,0.7905078328092491,0.10452860264956244
Test_66,0.9739473887238137,0.0006476780056184252,0.022064996825043582,0.003339936445524175
Test_67,2.8382805900200764e-05,0.051485610785026885,0.9185776663307247,0.029908340078348236
Test_68,0.10426521857784152,0.04360090003601098,0.0020868207285437016,0.8500470606576037
Test_69,1.766800383553414e-05,0.0030793547551948995,0.9968427078061559,6.026943481376996e-05
Test_70,0.00946195850143059,0.03486420611392842,0.14656947222990654,0.8091043631547344
Test_71,0.04038192387218993,0.00274893404929383,0.9543722713452573,0.002496870733258991
Test_72,0.02748619294973657,0.08482687056583821,0.14845955269793398,0.7392273837864913
Test_73,0.9300551448097294,0.0007375911674174981,0.040107323651922565,0.029099940370930343
Test_74,0.4227953789048038,0.01113016108671434,0.4534199353119298,0.11265452469655204
Test_75,0.3733197439196586,0.016180067802597026,0.320345331567225,0.2901548567105193
Test_76,0.0014225426148452537,0.08604094168556127,0.0070561450277970665,0.9054803706717963
Test_77,0.16534523599799153,0.03121988609480306,0.550307066993421,0.2531278109137844
Test_78,0.0005478167642056517,0.03584238124812376,0.007608155689067419,0.9560016462986032
Test_79,0.19176232403969337,0.015418952113516904,0.6573697783547892,0.13544894549200046
Test_80,0.23830003729052937,0.05458156476549289,0.07547063949688437,0.6316477584470933
Test_81,3.1598912640474547e-06,0.011912281648885383,0.9880591980835249,2.5360376325562077e-05
Test_82,0.36541363477311734,0.01732195415664726,0.32409135395032923,0.2931730571199061
Test_83,0.1313334365918467,0.16780519077804318,0.22029736489063087,0.48056400773947916
Test_84,0.38002767027773643,0.01652226351883535,0.3108472050538096,0.29260286114961864
Test_85,0.3238360789800344,0.01106824450152256,0.32405085793809096,0.341044818580352
Test_86,0.009210051581157364,0.20071664912233333,0.7629597154084797,0.02711358388802946
Test_87,0.6714603544092175,0.0001536722714807535,0.19876636850981153,0.12961960480949017
Test_88,0.16087578865952842,0.04752651500404793,0.002095362134903486,0.7895023342015202
Test_89,0.24854653402565088,0.009578127741773692,0.48259587239254476,0.2592794658400306
Test_90,0.0005334684045381541,0.004960144329623892,0.9944612132213683,4.5174044469687466e-05
Test_91,0.8985159975218613,0.004429085343740159,0.00829447815704935,0.08876043897734932
Test_92,0.7483820295759885,0.025192817807382695,0.002120499937357179,0.22430465267927147
Test_93,0.0313301230508427,0.756032394313044,0.1954745970349539,0.017162885601159385
Test_94,0.012939818740090878,0.002832764293998782,0.0001027737318180052,0.9841246432340923
Test_95,0.6352246629370147,0.03482873342576932,0.2976494188171452,0.03229718482007062
Test_96,0.1613572264673075,0.01041570109267048,0.21345686568787522,0.6147702067521468
Test_97,0.8612523637053151,0.026958127740516535,0.021252683767803697,0.0905368247863646
Test_98,0.10940216685655473,0.13538724881249092,0.00895122870405034,0.7462593556269039
Test_99,0.3815320694458078,0.0341407441834977,0.35929371689520256,0.22503346947549185
Test_100,0.001136935123791544,0.007297415253527763,4.153527291629364e-05,0.9915241143497644
Test_101,0.5772266081607151,0.012176197762541129,0.023175059199035657,0.3874221348777081
Test_102,0.019186814455935293,0.09512704542031226,0.001767099967494178,0.8839190401562583
Test_103,0.4026315574319332,0.08963405529596366,0.1637535527812347,0.3439808344908686
Test_104,0.5948032330112227,0.015040647617240686,0.09864984947524925,0.2915062698962873
Test_105,0.29660822910087054,0.007934648646539113,0.21624671729048411,0.4792104049621062
Test_106,0.817813313573284,0.01041651310180509,0.16380008743998245,0.007970085884928445
Test_107,1.7963958524301375e-05,0.1510467091525534,0.8369298998283017,0.012005427060620754
Test_108,0.38622017752429155,0.004367524240184744,0.0012709816114356142,0.6081413166240881
Test_109,0.5834222459830084,0.2525925545774463,0.11115115625259754,0.05283404318694762
Test_110,0.8167363523383362,0.0689030404842211,0.0121913856862545,0.10216922149118833
Test_111,0.3822028010730827,0.016248176092685508,0.3038164472802692,0.2977325755539626
Test_112,2.4201580179802737e-05,0.009428021164353968,0.9870589244002115,0.003488852855254814
Test_113,0.6587752732116815,0.047114935791533856,0.19513732297655356,0.09897246802023099
Test_114,0.5117208084724217,0.1411304467798768,0.01864048229643435,0.32850826245126713
Test_115,0.3712310096927243,0.017393667715948444,0.10592109896997098,0.5054542236213562
Test_116,0.04698314947913348,0.13473513070203838,0.8096620023797974,0.008619717439030696
Test_117,2.05395229821453e-05,0.029204833781625812,0.9700515070661597,0.0007231196292323101
Test_118,0.0004716742949777696,0.06994394635764523,0.9144608142095078,0.015123565137869307
Test_119,0.7016485695243644,0.012199804999591073,0.088481462386321,0.19767016308972346
Test_120,0.0005160040111249818,0.001228246558330299,0.9979190602282397,0.00033668920230506933
Test_121,0.2247839170251531,0.2939020670914733,0.336133083571248,0.14518093231212556
Test_122,0.00048057067860058625,0.026433926593226797,0.9705923662289818,0.002493136499190623
Test_123,0.00896399297354432,0.015825379676418075,0.9724638838269944,0.002746743523043207
Test_124,0.9709602419766972,0.003417004146412599,9.033660150890866e-05,0.025532417275381258
Test_125,0.004879985826079117,0.359694629347655,0.0066251546620360565,0.6288002301642298
Test_126,0.8825463874980287,0.02108683512569865,0.08565110633046034,0.010715671045812475
Test_127,0.06503549310561993,0.019757975128755892,0.00011198296511918448,0.915094548800505
Test_128,0.30904288682332004,0.012359295529013147,0.2638354712883376,0.41476234635932924
Test_129,0.00030442426776572184,0.06982912980606025,0.919876532475434,0.009989913450740037
Test_130,0.305558038445034,0.03127991835682346,0.05406454983330021,0.6090974933648423
Test_131,0.001652444089978215,0.0006006716379225658,0.00018181005790403573,0.9975650742141953
Test_132,0.8317395754013885,0.035533228608532544,0.0423331004284834,0.09039409556159547
Test_133,0.008620530686505763,0.052572958725085134,0.00914909449046304,0.9296574160979462
Test_134,0.36667836782824725,0.01652405764356936,0.30339006041664146,0.3134075141115419
Test_135,0.31586885572520956,0.0036110639080343065,0.1523700770136184,0.5281500033531377
Test_136,0.03619640586983659,0.004860994354601225,0.012347245851177347,0.9465953539243849
Test_137,0.27959426203022036,0.03858841113871082,0.5121979089546841,0.16961941787638465
Test_138,4.999609186827967e-07,0.016101672313743674,0.9837620917498727,0.00013573597546503739
Test_139,0.8664557997576149,0.004190770771092852,0.06667750100381833,0.06267592846747387
Test_140,0.2533358313173152,0.03646780774054305,0.6442489871413826,0.06594737380075917
Test_141,0.3696566421879939,0.01646429667928449,0.3233320382235991,0.29054702290912243
Test_142,0.15080151872996247,0.2806458440448427,0.4810284727978251,0.08752416442736967
Test_143,0.45881508899237833,0.013627143940458716,0.006689008828538733,0.5208687582386241
Test_144,0.042683259179621194,0.8296102423740062,0.0438396644269908,0.08386683401938196
Test_145,0.7950393906880496,0.0014695726017113079,0.08944793927958239,0.11404309743065662
Test_146,9.154042374758129e-06,0.040907805036587364,0.956606079371651,0.002476961549386882
Test_147,1.595004088332757e-06,0.005044321005771874,0.9944943469374031,0.0004597370527367993
Test_148,0.8375737919819412,0.03311196937968813,0.07996396638160223,0.04935027225676841
Test_149,0.000708035366401741,0.3905924650772892,0.23064445967852354,0.37805503987778555
Test_150,0.3171047276347325,0.017928189585872563,0.217300103815085,0.4476669789643099
Test_151,4.532563524469793e-06,0.003062666563908014,0.9969323704623592,4.30410208540363e-07
Test_152,0.00843026119233184,0.016527887436015406,0.9724417382064864,0.002600113165166445
Test_153,0.5321823029971594,0.00595815788303597,0.11885135552398227,0.34300818359582236
Test_154,0.10498664480201114,0.047591898841845864,0.8274705796366754,0.019950876719467665
Test_155,1.747191213421927e-06,0.0036501334190491386,0.9963310987782934,1.7020611444125765e-05
Test_156,0.02375628497486624,0.0055587531116251775,0.013269857977390704,0.9574151039361178
Test_157,0.0018202536702136539,0.0369848720386983,0.9581494644887469,0.0030454098023411976
Test_158,0.004055356653974583,0.0004593420357229139,2.822725856126205e-05,0.9954570740517412
Test_159,0.20294571493484492,0.0020581801083197136,0.5818598893911284,0.21313621556570694
Test_160,0.8356093231089357,0.0025045468841956376,0.10080734081510702,0.06107878919176168
Test_161,0.012198888637939225,0.13451787334652612,0.004043880645668593,0.849239357369866
Test_162,0.08498116464036642,0.003436470980338133,0.9090665333331586,0.002515831046136955
Test_163,1.5038549839381602e-07,0.017791994810855773,0.982206382577697,1.472225948784137e-06
Test_164,0.9382125483811816,0.005023397570394849,0.009796876503522253,0.04696717754490137
Test_165,0.19033706164813663,0.07501687532288118,0.08294837733812359,0.6516976856908586
Test_166,0.5392279861424568,0.0038402535937964387,0.051353028857112494,0.40557873140663425
Test_167,0.005978294656331418,0.00023302570432030684,0.9934821040038929,0.0003065756354553342
Test_168,0.00030681160407973685,0.00801217928866726,0.9915249965210685,0.0001560125861845046
Test_169,0.6466077868087319,0.004309042891195696,0.10257272053796147,0.2465104497621111
Test_170,0.3715183533342517,0.01862892175074112,0.303380720364836,0.3064720045501712
Test_171,2.687152426927446e-05,0.02600593167296348,0.9511693665603106,0.022797830242456758
Test_172,0.1021402177118797,0.01579949611889983,0.8722867890048394,0.009773497164381223
Test_173,0.00020171588399252316,0.010373237072573524,0.9858927929165684,0.003532254126865546
Test_174,0.9765472291744028,0.00994908419535137,0.0010033542828164898,0.012500332347429097
Test_175,0.5583564909658116,0.05721066865766318,0.013890017807163781,0.37054282256936133
Test_176,0.22609961195731929,0.11017367336834948,0.41267591995380437,0.25105079472052677
Test_177,0.009273777495131544,0.0005145069168557035,0.002736274603064895,0.987475440984948
Test_178,0.000993010280921979,0.00029089424225526374,8.358431262404962e-06,0.9987077370455604
Test_179,0.0019822572498009528,0.07679582956737163,0.9036673455163173,0.017554567666510125
Test_180,0.4501603204195048,0.008445395209327761,0.3189386162486936,0.2224556681224739
Test_181,0.0028397921388340756,0.07001917110959278,0.021379023867258012,0.9057620128843151
Test_182,3.0247293867735376e-05,0.026618846856841814,0.9714558981323365,0.0018950077169538637
Test_183,0.9324760152066647,0.002316641654091686,0.04584470466948743,0.019362638469756083
Test_184,0.5887340814580385,0.0014912397643933775,0.030120297913263004,0.37965438086430503
Test_185,0.18884904863124016,0.1982162150810238,0.32271840549027875,0.2902163307974574
Test_186,0.10818786388902099,0.0006513300286071514,0.018337724631193503,0.8728230814511783
Test_187,0.14857598345702805,0.361356091433534,0.42549314659315096,0.06457477851628698
Test_188,0.6706832507151643,0.007754327806233399,0.053834429817693465,0.2677279916609089
Test_189,0.46257049295854746,0.0112385747350565,0.2060286001154727,0.3201623321909233
Test_190,0.14242544662153006,0.03881296310623041,0.5840719456213794,0.23468964465086012
Test_191,0.008735704189358881,0.02483898111265778,0.24055969896843543,0.7258656157295478
Test_192,0.5173214197849654,0.0020894970500726865,0.0962634672403274,0.38432561592463454
Test_193,0.000823954557612397,0.0047977521177603,0.9943352154993217,4.307782530565915e-05
Test_194,0.00026259686234191915,0.39428837332705347,0.5888698409761408,0.016579188834463715
Test_195,0.022982424431282802,0.1076618119822445,0.838596411333319,0.03075935225315375
Test_196,0.3818027703141912,0.01816418569390603,0.3107998567989389,0.2892331871929638
Test_197,0.016145965905495212,0.04450747033609714,0.9320421498154146,0.0073044139429930596
Test_198,0.0010622383818350567,0.00048551329713322875,4.715964027701104e-05,0.9984050886807548
Test_199,0.020469253283164988,0.059652424381662905,0.9107244113069514,0.009153911028220892
Test_200,2.864682085572026e-05,0.004129119578830587,0.9956515546925585,0.00019067890775518271
Test_201,0.292460563918426,0.0067552315167304115,0.0322924257527076,0.668491778812136
Test_202,2.300434027380321e-05,0.015213255034480462,0.9843217824625506,0.0004419581626951152
Test_203,0.3139792707062965,0.024073740743152362,0.3235409225822899,0.3384060659682612
Test_204,0.5444665750266579,0.09548493884958943,0.17629511095458417,0.18375337516916848
Test_205,0.03897897497958939,0.034338743855784,0.003950485439337377,0.9227317957252892
Test_206,0.023698663668679305,0.01514155391388968,0.006196296404741628,0.9549634860126893
Test_207,0.0003792975985540858,0.23345172877479936,0.36589294663474814,0.40027602699189835
Test_208,0.680842970684786,0.19970499343233675,0.048672777345017224,0.07077925853786007
Test_209,3.311429506697127e-05,0.034444338029507124,0.9628784288390704,0.0026441188363555434
Test_210,0.1571146104535899,0.02136855494974887,0.04400078138728919,0.7775160532093721
Test_211,2.688749097640334e-07,0.03276100816284963,0.9672196052154234,1.91177468172226e-05
Test_212,0.008384381288653828,0.0036386960367434168,0.9879260287828654,5.089389173730043e-05
Test_213,0.027944596690537827,0.4426596595687172,0.3487239938079552,0.1806717499327896
Test_214,0.018862743357388703,0.04104162487396421,0.4820851241091956,0.45801050765945145
Test_215,0.43668318020656527,0.00027884097991185894,0.03844119468599057,0.5245967841275323
Test_216,0.6813296133797223,0.0161872163939084,0.09584113120739761,0.2066420390189718
Test_217,0.00011419629307696037,0.12138114535190946,0.6968817780437796,0.18162288031123394
Test_218,0.6472069574919688,0.09097627186110412,0.12879740044980856,0.13301937019711857
Test_219,0.0037583898580117207,0.002028255257486863,0.9939353388956699,0.00027801598883149493
Test_220,0.03034463831372475,0.005204576099286861,0.009180637310076066,0.9552701482769123
Test_221,0.3825037370845953,0.017109588618629858,0.3063819622091387,0.2940047120876363
Test_222,0.013637624120287632,0.0042205507917462476,0.9624826736361894,0.019659151451776855
Test_223,0.0017406904226029102,0.03160238895311646,0.9190462313428094,0.047610689281471455
Test_224,0.37609011812872833,0.016899193952234087,0.31321747890339136,0.29379320901564626
Test_225,0.4404573086114071,0.0767111273139038,0.04277700904207204,0.4400545550326171
Test_226,0.01158188056702657,0.06634122385090079,0.9184714381469946,0.0036054574350781504
Test_227,0.22673924105360319,0.0069014084337119756,0.03340944997981736,0.7329499005328676
Test_228,0.3925667590847008,0.011318189531048519,0.3759704285190164,0.22014462286523423
Test_229,1.6805425385920386e-05,0.0320516521086821,0.9677648620536617,0.00016668041227024192
Test_230,0.4091473701734266,0.012009130864779952,0.2806647744404098,0.2981787245213836
Test_231,0.04891951223939767,0.003680077557953974,0.0027601218602247633,0.9446402883424236
Test_232,0.6874252551378579,0.00403359094447589,0.30378540201406823,0.004755751903598039
Test_233,0.4618630454677663,0.006647341980547579,0.23938968084241294,0.2920999317092731
Test_234,0.12162228075168216,0.02991817571703425,0.026037638945618207,0.8224219045856654
Test_235,0.02390072362845784,0.09623646800824694,0.03472281559770371,0.8451399927655915
Test_236,0.32084359253334965,0.00606112514413672,0.36663692290960254,0.3064583594129111
Test_237,0.174454401552151,0.00949183702573553,0.08550484263420108,0.7305489187879124
Test_238,0.3778795925520318,0.017480560885769294,0.31539456534914445,0.28924528121305443
Test_239,0.00020810526685108456,0.2932132752738999,0.687101824662871,0.019476794796378
Test_240,5.3616491823420724e-05,0.01961789995176475,0.9798860591456328,0.0004424244107789977
Test_241,0.12503109744499474,0.225111561719303,0.4585703600897077,0.1912869807459945
Test_242,0.18749827688299814,0.06197851290245661,0.0025664739866732085,0.747956736227872
Test_243,0.9627867436010896,0.006742615347076448,0.009301026272178731,0.021169614779655097
Test_244,0.004702797188995765,0.6143265700542094,0.24072876050895206,0.14024187224784282
Test_245,6.591637805250251e-05,0.050627920132129696,0.9484035689993957,0.0009025944904221708
Test_246,0.07356772700701014,0.03560432083103637,0.004122292103211186,0.8867056600587423
Test_247,0.0005533705916191074,0.0013364012355424996,0.00031305040127968596,0.9977971777715589
Test_248,0.6169271478555509,0.05999721988405733,0.04923239104593471,0.2738432412144569
Test_249,0.45284620695623257,0.0030463448223280233,0.14648005900115005,0.3976273892202893
Test_250,0.5313136998557448,0.005305587835128363,0.4587160155813043,0.004664696727822346
Test_251,0.6390569980440188,0.002141013173760392,3.0309681514425315e-05,0.3587716791007063
Test_252,0.02296411173131759,0.053326305195601505,0.8629338666113847,0.06077571646169611
Test_253,0.0006623678930200113,0.004802928329962648,2.081311700938781e-05,0.994513890660008
Test_254,0.12240457843051634,0.0035831775371336456,0.0011103446488473815,0.8729018993835026
Test_255,0.8656554229178484,0.02174178270722744,0.005266575658159232,0.10733621871676495
Test_256,0.006692935312409285,0.012894908308213257,0.004445640572630338,0.9759665158067472
Test_257,5.698565307794621e-06,0.004326741272196468,0.9933675561044669,0.0023000040580288313
Test_258,0.03899219589606807,0.15008758959233487,0.550027352056415,0.2608928624551822
Test_259,0.7435081344447739,0.010625452336789427,0.09551213288114373,0.15035428033729303
Test_260,0.0139328471958327,0.0001686455897501449,0.0010465162351975565,0.9848519909792197
Test_261,4.480622574284415e-05,0.0038915694608673006,0.995951183594448,0.00011244071894194988
Test_262,0.040785768292157,0.7010933349726305,0.04305710663748182,0.2150637900977307
Test_263,0.39045784648455756,0.016235014551683028,0.2087991525022158,0.38450798646154355
Test_264,0.1104195177100995,0.02590623280021345,0.8229704327651763,0.04070381672451076
Test_265,0.0362711514977731,0.0253045154969994,0.5965485619024252,0.34187577110280226
Test_266,0.000757547610186377,7.979833551124739e-05,1.0035244497950504e-06,0.9991616505298526
Test_267,0.7429125415127172,0.013445011322893288,0.038181416488694664,0.20546103067569493
Test_268,2.0995350292697963e-05,0.030904409710470544,0.8739737111474103,0.09510088379182648
Test_269,0.44531307716719665,0.0024046867211226426,0.013165518783384787,0.5391167173282959
Test_270,0.2579668785510291,0.002271550672779099,0.0003510845271650391,0.7394104862490267
Test_271,0.7652873961994093,0.0008144627285671163,0.14432681409622772,0.08957132697579581
Test_272,0.0003060687598603434,0.024268292351593702,0.9731425319353788,0.00228310695316699
Test_273,0.9132308046940578,0.014888529882930115,0.027534765857166472,0.04434589956584554
Test_274,6.9725939714330534e-06,0.017886220125275788,0.981668261691418,0.00043854558933497046
Test_275,0.004281717244754171,0.40561690964134656,0.5854838423273597,0.00461753078653944
Test_276,0.00019556999970386446,0.01706854781013211,0.07580416715844303,0.906931715031721
Test_277,0.6009634360330375,0.01470889128645677,0.08638442004271536,0.29794325263779037
Test_278,0.029814093188901613,0.018083533311415333,0.001659963950671468,0.9504424095490116
Test_279,0.01037325515527855,0.0037159973319542358,0.9839627756175741,0.001947971895193256
Test_280,0.3253524743930168,0.013378584394582867,0.2955075502457515,0.3657613909666489
Test_281,0.6264222848986684,0.004020281182119295,0.16352295664952454,0.20603447726968785
Test_282,0.0011043581827436717,0.025374831799898915,0.01681298799703351,0.956707822020324
Test_283,8.153281823092779e-07,0.0034339675642973072,0.996428588059272,0.0001366290482482752
Test_284,2.3938375653268807e-05,0.1237364091784902,0.6683733144913315,0.20786633795452494
Test_285,0.37526986597417644,0.016781875561808254,0.31630165212187195,0.2916466063421433
Test_286,0.26328289522409043,0.001022595420668098,0.5536558674993916,0.1820386418558499
Test_287,0.9878859164279149,0.00020667307318131668,0.008800268701004352,0.0031071417978993567
Test_288,0.0022377602777028795,0.03389631145660038,0.0008075167613486602,0.963058411504348
Test_289,0.0020911343542319924,0.00018977032164646453,2.7531560497558374e-05,0.9976915637636239
Test_290,0.16682798593559856,0.04373849341153731,0.6315025373130856,0.15793098333977842
Test_291,0.024667954010078784,0.0015067808063237518,0.9734833729278513,0.00034189225574621695
Test_292,0.8863040339542794,0.0314371966597955,0.03180824228183915,0.050450527104086026
Test_293,1.5011819264414484e-06,0.001618511815199353,0.9983798868609594,1.0014191473728072e-07
Test_294,0.004141369030756557,0.054343547689853014,0.934072623211533,0.0074424600678576255
Test_295,0.7655146179239662,0.005160367053461715,0.10475239565020758,0.12457261937236452
Test_296,0.22328527397027614,6.859019475730846e-05,0.7466298007635885,0.03001633507137799
Test_297,0.0004916187811332449,0.0496569631146519,0.002790841506075674,0.9470605765981391
Test_298,0.029791762986414175,0.4936054268431664,0.27639184096766306,0.2002109692027565
Test_299,0.37257279541245103,0.017543715324770233,0.31722313438943195,0.29266035487334674
Test_300,0.9119192711620498,0.014070317411434007,0.01927581092437025,0.054734600502145944
Test_301,0.8968746229072747,6.85061986519651e-05,0.000342609058115997,0.10271426183595722
Test_302,0.05126472029034879,0.07935508706120444,0.8043561130260685,0.06502407962237833
Test_303,0.6522368300718964,0.026187820362607122,0.17011879480576453,0.15145655475973188
Test_304,0.8942068859403329,0.002741947770316545,0.04256140850774735,0.060489757781603114
Test_305,0.41479980122669413,0.13845738541258515,0.4150101429640692,0.031732670396651494
Test_306,0.16916895652093564,0.002516921682282421,0.6778035906466486,0.15051053115013335
Test_307,0.48908220160589755,0.010162470939615979,0.2645118204306635,0.236243507023823
Test_308,0.028157297562055754,0.7907203729664636,0.013813848119734354,0.16730848135174622
Test_309,0.00076853687354951,0.018438229898917587,0.9485755096469372,0.032217723580595756
Test_310,3.4124781974991264e-05,0.467701652770026,0.523946952173314,0.00831727027468494
Test_311,0.00013729276578981599,0.2649100841732688,0.7314509279524551,0.003501695108486253
Test_312,0.004288991072371284,0.00037426834952947023,7.315348491596872e-05,0.9952635870931833
Test_313,0.02764789054860816,0.004252015523880382,0.0028619429705979264,0.9652381509569135
Test_314,0.25968227741229705,0.004676509410951019,0.5071938690235731,0.22844734415317883
Test_315,0.008441972910233474,0.0011992072234935282,8.198243010332472e-05,0.9902768374361696
Test_316,0.41571058316247855,0.0023970123817829377,0.5697120349038963,0.012180369551842278
Test_317,0.0010051158494697946,0.014874585385030155,0.9837049898421336,0.00041530892336657014
Test_318,0.0293711085580222,0.004308552287128516,0.00016756113126957357,0.9661527780235798
Test_319,6.670595704407884e-06,0.0032543941035766215,0.9966061259601509,0.00013280934056798737
Test_320,0.0021405261919330903,0.043391059873275,0.9491424048233873,0.005326009111404507
Test_321,0.6547520968403545,0.13436743174787233,0.09041031743521112,0.12047015397656202
Test_322,0.3050157499764917,0.0016818006311848232,0.2978182220456401,0.3954842273466833
Test_323,0.4717205166537432,0.01710915807630146,0.31522589240203125,0.19594443286792404
Test_324,0.0005588530486576194,0.0041021212852801504,0.9898070949980606,0.0055319306680016245
Test_325,0.09227673662066367,0.014198401521801456,0.005000500390494019,0.8885243614670408
Test_326,4.626239097153915e-05,0.02141829034354096,0.9771917324447025,0.0013437148207851694
Test_327,0.020606381293778495,0.032997634211396586,0.006754434851672498,0.9396415496431525
Test_328,0.10603041157309448,0.008971690671300488,0.8703299165564953,0.014667981199109793
Test_329,0.003209778649123098,0.00390004353128879,0.9926550937051477,0.00023508411444049838
Test_330,0.00842838661367429,0.23768280608865927,0.2769429115221334,0.476945895775533
Test_331,0.5441906509271288,0.015109691274585548,0.06090328033765171,0.37979637746063394
Test_332,0.898684539787431,0.04356941238192003,0.0343381728182436,0.0234078750124053
Test_333,0.013970268244155615,0.005962403186857556,0.9788276852736263,0.001239643295360512
Test_334,0.002258319434538075,0.0019295538141506326,0.9943026177564671,0.0015095089948441714
Test_335,0.8913478015447034,0.0034434492305136307,0.014855333720746173,0.09035341550403704
Test_336,0.32670794448020307,0.04924752511906458,0.5419077979593399,0.08213673244139254
Test_337,0.8320172748895742,0.002347273186025077,0.004263689996557492,0.16137176192784333
Test_338,0.38671213584574304,0.0027655853310400305,0.15598334033920663,0.4545389384840104
Test_339,0.4814399571582532,0.07739015704927243,0.17043575923812304,0.2707341265543512
Test_340,0.013557607814942875,0.04273919991508846,0.0937171389958227,0.849986053274146
Test_341,0.8959690905396164,0.001421148749089735,0.0008825155705759859,0.10172724514071789
Test_342,0.9715171298463158,0.00523385123755982,0.005571530486402813,0.0176774884297216
Test_343,0.37997680904589276,0.01634615441733109,0.2867193131619955,0.3169577233747808
Test_344,5.361148546065982e-05,0.0490374148924174,0.9494968938710809,0.0014120797510408817
Test_345,0.08710144889900351,0.16479588112282936,0.3838180557864293,0.36428461419173785
Test_346,4.530014264237958e-07,0.000332894779989152,0.9996648278229695,1.8243956148887197e-06
Test_347,0.4628932999909359,0.014422472261732476,0.14013762739623264,0.3825466003510991
Test_348,0.3323458319207177,0.011540293112297938,0.2114574327357362,0.4446564422312482
Test_349,0.20016162973017956,0.024672459934894753,0.001429842444461773,0.7737360678904639
Test_350,0.016356954554023695,0.0050375252837145034,0.01936114418142832,0.9592443759808336
Test_351,1.9262941299778073e-07,0.013553869234942662,0.9863859207100097,6.0017425634760494e-05
Test_352,0.0826909000731144,0.06847589032388204,0.08318754781325223,0.7656456617897512
Test_353,0.6576464605045372,0.01835023900517779,0.045060615300952775,0.2789426851893324
Test_354,0.24337704318331727,0.0412475897835202,0.4428195914401053,0.27255577559305727
Test_355,0.36694025732077334,0.00256304354122134,0.013987192175224254,0.616509506962781
Test_356,0.7502439804452373,0.007517741105929019,0.10984389021024285,0.13239438823859065
Test_357,0.90468768991974,0.01493956255638997,0.023186244393868446,0.0571865031300015
Test_358,0.3623265614651686,0.019365964656821118,0.312895537823646,0.3054119360543643
Test_359,0.004071112748066488,0.00014194059845514851,6.702252896977333e-05,0.9957199241245086
Test_360,0.334574004480222,0.015093902510243073,0.5213891229110166,0.12894297009851835
Test_361,0.9193416597093169,0.006342703995166677,0.03484146995631535,0.03947416633920106
Test_362,0.36497398562703615,0.017931255303186344,0.2983176869547981,0.3187770721149794
Test_363,0.006995604155294457,0.04953421679006236,0.9048475347923883,0.038622644262254854
Test_364,0.013614914520261766,0.027093014261058406,0.9473495898550228,0.011942481363657111
Test_365,0.0030022401809399776,0.0007774050191317237,0.9959067176641123,0.00031363713581596966
Test_366,0.0010392691659904798,0.07218262488628886,0.9068570609325055,0.019921045015215164
Test_367,0.2860688353815513,0.0019037145503028204,0.2562714301221295,0.45575601994601633
Test_368,0.36417905477713974,0.005062257214426653,0.2393246934821264,0.3914339945263072
Test_369,0.00023443033491677155,0.005147374770586388,0.00031691013106458697,0.9943012847634323
Test_370,0.004767214441873865,0.0005476343888606463,0.992701348342235,0.001983802827030447
Test_371,0.00015774045568685898,0.0014192741547869512,0.9983903641907805,3.262119874569954e-05
Test_372,0.06694695707412432,0.07923379679050443,0.1282479556517086,0.7255712904836626
Test_373,5.067545626389585e-06,0.04376667611836943,0.935575140643895,0.020653115692109127
Test_374,0.05921155153006335,0.09412185146916573,0.8322544402127775,0.014412156787993487
Test_375,0.22565315839313477,0.0021206171768047015,3.6297463405113695e-05,0.7721899269666556
Test_376,0.29041452113907146,0.0733144207381034,0.03397062215198758,0.6023004359708376
Test_377,0.96072172972261,0.009226304671461407,0.022422663791776282,0.0076293018141521795
Test_378,0.1273553121304655,0.014468556661075367,0.7551737092807118,0.10300242192774736
Test_379,0.036400583007805284,0.07367336789470032,0.7885575430752947,0.10136850602219961
Test_380,0.0012820949656808882,0.7093931348729415,0.09798319487044417,0.1913415752909334
Test_381,0.9574058390382287,0.0017258833020652865,0.0012257775602821936,0.039642500099423966
Test_382,0.8330733602457792,0.019671053560712543,0.00023174962461812348,0.14702383656889026
Test_383,0.5190603617986236,0.014239477101836318,0.1824101041063608,0.2842900569931793
Test_384,0.36006618391931094,0.014614429995196222,0.29065665115330913,0.3346627349321837
Test_385,0.06044048033664996,0.04344212529160768,0.05260104528614637,0.8435163490855959
Test_386,2.3264840930645684e-06,0.3387877743228662,0.4768663056800488,0.18434359351299198
Test_387,0.07636079514151721,0.117993709486054,0.021650493931562983,0.7839950014408659
Test_388,0.44850271973348443,0.00931408393574067,0.12865775935873916,0.41352543697203575
Test_389,0.2440668951477967,0.08716677797937986,0.6441471725332916,0.024619154339531876
Test_390,0.3070244045424279,0.12942694367102187,0.13242373717337577,0.4311249146131745
Test_391,5.0975904815100034e-05,0.003397739640356955,0.9949998258776032,0.0015514585772246794
Test_392,0.004298104037590593,0.03344672590199379,0.9118730852900404,0.05038208477037501
Test_393,0.00316070673514671,0.15093778039496408,0.008490498550221253,0.837411014319668
Test_394,0.5073732292030582,0.013282109934306051,0.12284701574992814,0.3564976451127077
Test_395,0.4802750968842664,0.027867070560019483,0.33350774111323767,0.15835009144247653
Test_396,0.304782825071041,0.009515223462787301,0.34418032084645905,0.3415216306197127
Test_397,0.1355853315529324,0.014073547165990378,0.008387457063105232,0.8419536642179719
Test_398,0.10672355442909898,0.04433020624734437,0.7805471314312811,0.0683991078922756
Test_399,0.47552741104115914,0.0032811130414802316,0.12379232053034782,0.39739915538701276
Test_400,9.369307308729633e-06,0.007410804011522954,0.9766043774230794,0.015975449258088824
Test_401,0.00040420987778133296,0.03077021043752395,0.9673808731194427,0.0014447065652521567
Test_402,0.25366882492855436,0.010445594407506845,0.00925649107671789,0.726629089587221
Test_403,0.00017801680733085524,0.3420773777033379,0.4443278690811443,0.21341673640818698
Test_404,0.09030966199534599,0.004979324781335547,0.018872625500274867,0.8858383877230437
Test_405,7.581458897505108e-05,9.783177623396772e-05,1.7812350972575344e-06,0.9998245723996938
Test_406,2.2324721862874385e-05,0.0004327093912800273,4.204144112276633e-06,0.9995407617427449
Test_407,1.603323411425986e-05,5.13170030998798e-05,2.126768259386299e-08,0.9999326284951031
Test_408,0.018629085735253913,0.008877454041935587,7.505327393650105e-05,0.9724184069488739
Test_409,0.0005518431392018564,0.0721994616298641,0.9105052654620198,0.01674342976891418
Test_410,0.0012604099261454829,0.0011473537506625675,3.7592928248576784e-06,0.9975884770303672
Test_411,0.6170123479094116,0.03747833080454253,0.13129314808041023,0.21421617320563557
Test_412,1.0289218069988817e-05,0.6857221249937924,0.24686510919565338,0.0674024765924843
Test_413,0.3850381220911294,0.02399967041365741,0.38944174269461873,0.20152046480059452
Test_414,0.0843241248930884,0.12763784280251342,0.7271005125451402,0.06093751975925796
Test_415,1.2549879474060082e-05,0.010775012023007222,0.9891512139401499,6.122415736870225e-05
Test_416,0.01243847548645404,0.0039271869168370785,0.12265489888606694,0.8609794387106419
Test_417,9.31444249483629e-06,0.00047926013666609225,0.999511123743381,3.016774580584353e-07
Test_418,0.6889170407178478,0.0077094512242376284,0.23551357575764306,0.06785993230027164
Test_419,0.8988707557941279,0.005534361834875654,0.015357877023720575,0.08023700534727578
Test_420,1.748283114441787e-06,0.022941772831730083,0.9767145349989462,0.0003419438862092528
Test_421,0.1847194063398174,0.03073929163704843,0.11515683478937422,0.6693844672337599
Test_422,0.37317722394548847,0.01635867393546327,0.28225368610116414,0.3282104160178841
Test_423,0.0037213637173543258,0.4806384317631544,0.44454775029711885,0.07109245422237243
Test_424,3.169582024649382e-05,0.004265881166245369,0.995528953406493,0.00017346960701526397
Test_425,0.3392506096794148,0.021789006185604767,0.004405733517452187,0.6345546506175282
Test_426,0.03172097850321701,0.0060935953853938725,0.9085585594448207,0.05362686666656849
Test_427,0.014115542874367877,0.0022017474981376657,0.004087205851364065,0.9795955037761305
Test_428,0.004328512431126845,0.005497050271424656,0.0004131223791629819,0.9897613149182856
Test_429,0.018769349774433165,0.03307266218517008,0.9275846853299888,0.02057330271040795
Test_430,6.792810260413226e-06,0.037668698463235624,0.962049799101301,0.0002747096252030009
Test_431,0.28327776915558117,0.016301977814795386,0.22337475277723923,0.47704550025238424
Test_432,0.15620720690009438,0.2598181009558688,0.01076821631970275,0.573206475824334
Test_433,2.505000246897111e-05,6.458933921932613e-05,7.274450398134798e-06,0.9999030862079136
Test_434,0.30587303053792636,0.06407552254103553,0.08045314090792816,0.54959830601311
Test_435,0.5823330941285749,0.009832273836232558,0.18844045439666954,0.21939417763852306
Test_436,0.8399253702668467,0.007727734486841702,0.14891268577528438,0.003434209471027343
Test_437,0.08026039180095315,0.04825891549198367,0.6934670739239622,0.17801361878310082
Test_438,0.003420172173448999,0.3515810998485232,0.6375915077733529,0.007407220204674779
Test_439,0.03437750642695744,0.1446326289771329,0.807297775488755,0.013692089107154809
Test_440,2.733123585460951e-07,0.034728690439540404,0.9636333965787094,0.0016376396693917824
Test_441,0.5393288028343209,0.008684742556648996,0.005308108244600191,0.4466783463644298
Test_442,0.35863731597006715,0.011693816248556468,0.25667489020911766,0.3729939775722588
Test_443,5.845153394717666e-05,0.023400317646675432,6.765671494430998e-05,0.9764735741044331
Test_444,0.8276547666324697,0.07351154339519965,0.02307619387127491,0.07575749610105571
