image_id,healthy,multiple_diseases,rust,scab
Test_0,0.004099691865892295,0.14285757327786547,0.8509318540006876,0.002110880855554403
Test_1,0.07132045537446091,0.08141081752614147,0.7036096980027886,0.14365902909660916
Test_2,0.6182747962631092,0.03133311268654272,0.08590758442717668,0.26448450662317124
Test_3,0.5599386328326884,0.04443677157313633,0.1784663399892754,0.2171582556048999
Test_4,0.03417124743286844,0.0510035303663765,0.8598964718703924,0.0549287503303624
Test_5,0.23543776342155914,0.01766715007360281,0.23849239795688476,0.508402688547953
Test_6,0.3061230404516407,0.0076364373073584185,0.02724801467281113,0.65899250756819
Test_7,0.02821905203379264,0.1185831983855505,0.5106803906217532,0.3425173589589044
Test_8,0.47196360110822067,0.13008060338897062,0.08553445001150616,0.31242134549130257
Test_9,0.07789006463986654,0.055440297127271526,0.8516341005669881,0.015035537665873585
Test_10,0.002419534392416294,0.09873681806593425,0.8940455364166527,0.004798111124996697
Test_11,0.08430732062272236,0.027752135488116583,0.8563082512200879,0.03163229266907316
Test_12,0.12986806150463717,0.02807324772898351,0.00666231394291432,0.8353963768234653
Test_13,0.5072664648595245,0.028297528869803138,0.41766873507875424,0.04676727119191821
Test_14,0.001982380084242789,0.04847120626841959,0.9489655515628129,0.0005808620845249184
Test_15,0.19956272896619703,0.044736750980372754,0.7068588899725136,0.04884163008091678
Test_16,0.5067395216242119,0.01320363103261201,0.010838536025404698,0.46921831131777103
Test_17,0.023732252576063227,0.13079117580386748,0.18751457516291256,0.6579619964571567
Test_18,0.7771917757255626,0.009976991343273978,0.05901728497585123,0.15381394795531242
Test_19,0.007734784813671001,0.03782359223736871,0.9335277397288868,0.020913883220073294
Test_20,0.8196149593078491,0.01578993847674853,0.04803903310220563,0.11655606911319687
Test_21,0.21280854309325278,0.027903432768907863,0.43899353390153045,0.32029449023630846
Test_22,0.3645498359762883,0.02802993136411364,0.29003298576059594,0.31738724689900216
Test_23,0.017199136615126787,0.011307969294903063,0.031382998704588626,0.9401098953853814
Test_24,0.5465986825811827,0.12581476621798124,0.06352916136888503,0.26405738983195126
Test_25,0.30590976643586404,0.027843009788309104,0.026838994196333846,0.639408229579493
Test_26,0.5770113093129222,0.008637862033963143,0.030405343101174962,0.3839454855519398
Test_27,0.017838942177324252,0.1648809122981774,0.7955306796538437,0.02174946587065409
Test_28,0.8895728541541398,0.011097103659342838,0.035883273025821644,0.0634467691606956
Test_29,0.40153916153447156,0.14677626334793714,0.10735431357689798,0.34433026154069346
Test_30,0.6433738757884354,0.02477288787980167,0.05698418679401232,0.2748690495377506
Test_31,0.006428321287323768,0.18363402946179533,0.7982170913061376,0.011720557944743328
Test_32,0.4314356352478451,0.04484209416056009,0.04747561024773021,0.47624666034386454
Test_33,0.059512051545707045,0.004215795571929069,0.0007827091157028689,0.9354894437666609
Test_34,0.11350608089883481,0.021174294568680852,0.10526474221675976,0.7600548823157244
Test_35,0.2688325631609138,0.073335432310133,0.22626256908688955,0.4315694354420638
Test_36,0.002450729397405655,0.07989567322760159,0.9130548149942217,0.004598782380770988
Test_37,0.5993769582595979,0.049486914320104824,0.1364405677072397,0.2146955597130573
Test_38,0.014528005016295021,0.019135861819560725,0.0036442595245038674,0.9626918736396398
Test_39,0.15379873722601495,0.022891886152196873,0.5329066761895028,0.29040270043228505
Test_40,0.1570241968698332,0.021199992615702226,0.1372883955886296,0.6844874149258351
Test_41,0.041315009274260545,0.11874265471197941,0.8215842544488441,0.018358081564916046
Test_42,0.03936726006710442,0.022129875743928707,0.009302672156898053,0.9292001920320686
Test_43,0.06706482720788345,0.03873393664427105,0.8664631148360795,0.027738121311765885
Test_44,0.5108535306793787,0.11954921198572586,0.05519857240463421,0.3143986849302614
Test_45,0.5206422146106591,0.0698149792801492,0.08662212306545716,0.3229206830437346
Test_46,0.32303738565438167,0.015293280678600644,0.002775790611415928,0.6588935430556017
Test_47,0.013743263751064721,0.19907206392338125,0.7693698608931676,0.01781481143238628
Test_48,0.001583525030789921,0.09243687015610315,0.9001632015088415,0.005816403304265396
Test_49,0.009399672161440898,0.08092991383928856,0.8999555228149029,0.009714891184367464
Test_50,0.010570693129363136,0.062428159944658924,0.9223449541883649,0.004656192737613401
Test_51,0.060920721087545884,0.10860545155782272,0.7555457437004929,0.07492808365413843
Test_52,0.12537303582576492,0.2164185188077018,0.49067903691797843,0.1675294084485549
Test_53,0.021229434900991384,0.10385122943734143,0.8636400109617287,0.011279324699938273
Test_54,0.019227253325931302,0.16645595969407556,0.8074351126703926,0.006881674309600697
Test_55,0.2614413420574773,0.02854881771090884,0.05523541434246223,0.6547744258891515
Test_56,0.03958064147623355,0.024470014968283927,0.5491476697965428,0.3868016737589398
Test_57,0.46898129401882027,0.02813474674416039,0.14284294783745025,0.360041011399569
Test_58,0.07675401754485611,0.007253143103587046,0.009249683045965984,0.906743156305591
Test_59,0.054770716256263716,0.11303973888080991,0.1532233818461814,0.678966163016745
Test_60,0.01800337213637726,0.18966214046772634,0.10609362713796813,0.6862408602579282
Test_61,0.8600720973554423,0.031529963445607205,0.04715711779565531,0.061240821403295474
Test_62,0.3924222960745215,0.011493896967712943,0.51437933553567,0.0817044714220961
Test_63,0.1970878209369467,0.09031470829747366,0.33096703582510073,0.3816304349404791
Test_64,0.6907368306436815,0.034555779062732855,0.040812974256651834,0.2338944160369335
Test_65,0.11451959541503727,0.07152480832060433,0.725407913115123,0.08854768314923572
Test_66,0.7204884518962194,0.02192238584160455,0.13806019696714075,0.1195289652950355
Test_67,0.01755877203897953,0.14496113854439,0.7956228705923011,0.04185721882432966
Test_68,0.19468951155044306,0.14317765085465986,0.023430987426828528,0.6387018501680685
Test_69,0.0055250644639541855,0.05156776188160567,0.9385999174317176,0.004307256222722582
Test_70,0.10381219049373328,0.11024316494658597,0.15503131124260505,0.6309133333170759
Test_71,0.05749191202962067,0.02555566735287189,0.9074002258510302,0.009552194766476944
Test_72,0.1753325784561398,0.1215008756666244,0.16055070347722683,0.5426158424000088
Test_73,0.8235570439448737,0.010971535454226577,0.13196045632293693,0.033510964277962796
Test_74,0.2672827352924136,0.043265459434224815,0.5787831913192737,0.11066861395408772
Test_75,0.472577102083197,0.018210641074528088,0.0505234334160227,0.4586888234262523
Test_76,0.09160988698755647,0.1220074975735596,0.03376071076532545,0.7526219046735586
Test_77,0.07055694049047083,0.026364480064081132,0.6294078445499947,0.2736707348954535
Test_78,0.08836570810322289,0.08429498149394085,0.05115056411522545,0.7761887462876107
Test_79,0.15068499990977124,0.09108225882272643,0.6799141748432435,0.0783185664242586
Test_80,0.39059472494514796,0.07081392337818575,0.3008702936412817,0.2377210580353844
Test_81,0.007903321538458971,0.0437257786764407,0.9424341587700632,0.005936741015036931
Test_82,0.32210436838541207,0.032866817718668825,0.3265236172720464,0.31850519662387294
Test_83,0.18148286869752378,0.1261436371160606,0.5578326065669272,0.1345408876194886
Test_84,0.35965480270458855,0.027336281843218933,0.3540034994985356,0.2590054159536568
Test_85,0.25610015174197415,0.0244145508278309,0.5582115090528988,0.16127378837729628
Test_86,0.017106323390345117,0.18715178373419558,0.7383444226165218,0.057397470258937565
Test_87,0.5859159640509847,0.01820465948229791,0.09503669916329242,0.300842677303425
Test_88,0.10566653748484545,0.03702006852119867,0.006788173030509381,0.8505252209634465
Test_89,0.07664192194383443,0.00704763546530963,0.5522834209220406,0.36402702166881534
Test_90,0.013910968405329998,0.1436437108617919,0.8270372680049598,0.015408052727918247
Test_91,0.8386012747303988,0.02563291998523843,0.038891214866688235,0.09687459041767461
Test_92,0.3229958939039011,0.031676559165518724,0.10593123331376712,0.5393963136168133
Test_93,0.08315567220707792,0.2163957320926617,0.6318081721025718,0.06864042359768896
Test_94,0.0555797482290115,0.006504853503266853,0.0012810991109830513,0.9366342991567387
Test_95,0.3076585533063187,0.11679310950499087,0.24295104153021826,0.33259729565847207
Test_96,0.2614579376763193,0.04407558918910552,0.0975148772089881,0.5969515959255872
Test_97,0.42697688546763224,0.09409302850801482,0.15662577670970754,0.3223043093146454
Test_98,0.2836021488655186,0.2843466362391037,0.18590875351615624,0.2461424613792212
Test_99,0.2932057019656994,0.1065467766524493,0.4038899032010306,0.19635761818082073
Test_100,0.07201663322277174,0.030868318495834733,0.007455516751511403,0.8896595315298821
Test_101,0.5031799167635114,0.1031284138131187,0.2243138309923933,0.1693778384309765
Test_102,0.1410897583667623,0.05807927141064277,0.015859173772819705,0.7849717964497753
Test_103,0.3693118670968917,0.050264802770867034,0.20662709590792402,0.37379623422431746
Test_104,0.34744478385477584,0.036085473442866674,0.08073842404809478,0.5357313186542628
Test_105,0.21764580084754287,0.017816976129243666,0.1424446404935857,0.6220925825296277
Test_106,0.7590088140837281,0.04476925655339874,0.09098753758977136,0.10523439177310182
Test_107,0.01366072124615603,0.08157362238698117,0.8651488605270571,0.03961679583980587
Test_108,0.17984048583409307,0.020785835862173183,0.06630715194096513,0.7330665263627686
Test_109,0.769603123129454,0.05367904449422265,0.04766072482889003,0.12905710754743305
Test_110,0.40753570497733377,0.11549932674559982,0.08359705889027735,0.3933679093867894
Test_111,0.2913771382052828,0.03169117177316277,0.3744779285098766,0.30245376151167785
Test_112,0.018245273594431077,0.09607850001651856,0.8022731893642471,0.08340303702480296
Test_113,0.6902230921438816,0.0881241185173106,0.043214224249839416,0.17843856508896827
Test_114,0.4036527676053787,0.0857094012795154,0.018386499239791288,0.49225133187531467
Test_115,0.3827581276445919,0.02269184094415325,0.1499923790921621,0.4445576523190928
Test_116,0.24216821109272568,0.10914168011745863,0.25531017124892125,0.3933799375408947
Test_117,0.001120770735349408,0.08750251473997456,0.9067936990894289,0.004583015435247119
Test_118,0.017151406488569096,0.10691271629171588,0.8631692102329619,0.012766666986753031
Test_119,0.5987292800080276,0.06350785415904957,0.11857726905665236,0.21918559677627056
Test_120,0.0260203770193867,0.10532872202330633,0.8480826852513543,0.020568215705952932
Test_121,0.09348547925668378,0.0661192596294963,0.5891064379867105,0.25128882312710904
Test_122,0.031669521179445305,0.11467465828749523,0.7935731005371576,0.060082719995901854
Test_123,0.005444755285229138,0.03764516747644881,0.9509479244201243,0.005962152818197932
Test_124,0.8740436342029025,0.022750587105082157,0.011462092546901144,0.09174368614511394
Test_125,0.09030048161486706,0.21654951250263113,0.07497545266824253,0.6181745532142592
Test_126,0.2868832961443161,0.032571829518201395,0.5535590105930404,0.1269858637444425
Test_127,0.05757041533141872,0.03046383501955829,0.005211915639953404,0.9067538340090696
Test_128,0.14095535169445012,0.02998084981934782,0.34241782167853285,0.48664597680766924
Test_129,0.002336482176125864,0.07662940825046188,0.9056417033420678,0.01539240623134422
Test_130,0.17388172165755028,0.011073620451397596,0.027792849949611394,0.7872518079414409
Test_131,0.05092247500909827,0.015209740208674015,0.010211084528224558,0.9236567002540035
Test_132,0.7573315471796203,0.08345340971056153,0.02760034715289011,0.13161469595692843
Test_133,0.06431428691963147,0.11147432662002951,0.049027305224629926,0.7751840812357089
Test_134,0.13944765882842905,0.03130589755141244,0.34707561792849057,0.48217082569166775
Test_135,0.6254088135147019,0.09521975157501227,0.07278979784578958,0.2065816370644963
Test_136,0.05567120441965434,0.014807196020389105,0.040458116224323035,0.8890634833356335
Test_137,0.07388263354551862,0.043401901255704665,0.8272761060553758,0.05543935914340089
Test_138,0.0012883589836557518,0.1252565622130733,0.8711387900050365,0.002316288798234623
Test_139,0.82607084773615,0.015311148406328322,0.01715261303818841,0.14146539081933338
Test_140,0.16520331521314507,0.03339463779665815,0.7634938645095629,0.03790818248063434
Test_141,0.38443657577018303,0.028644375373144824,0.23781973786600302,0.3490993109906687
Test_142,0.2768650282012688,0.14766099544702413,0.17187458715103474,0.40359938920067234
Test_143,0.8326746222737129,0.0036513245304081294,0.0019378916206632393,0.16173616157521606
Test_144,0.2689046832628877,0.0768644233185138,0.1289796935494857,0.5252511998691127
Test_145,0.3883118010483934,0.025844442947118868,0.07685748544245222,0.5089862705620352
Test_146,0.002048967854450618,0.08855801139243281,0.9051151829848588,0.00427783776825831
Test_147,0.003881768529912568,0.023273648619482716,0.9661049188938259,0.0067396639567788635
Test_148,0.4177985262457205,0.036565126792364115,0.38348506886328915,0.16215127809862595
Test_149,0.02834957712295045,0.1973960829095907,0.17441593609406641,0.5998384038733922
Test_150,0.4162284881984267,0.02339020658924545,0.1736508183445821,0.3867304868677456
Test_151,0.000868479369231012,0.04268370162930216,0.9548328887008279,0.0016149303006387568
Test_152,0.011764665050142608,0.08157177500419058,0.8878052071867663,0.01885835275890047
Test_153,0.6505644076968525,0.008678812805308696,0.016492290613405524,0.32426448888443327
Test_154,0.23599428113976187,0.04200442876076532,0.6700708439078952,0.05193044619157741
Test_155,0.0013413724162366762,0.0866576997015593,0.9087116919385453,0.0032892359436585287
Test_156,0.03341250794504042,0.003939119916773995,0.004862112605493457,0.9577862595326921
Test_157,0.03565911919251508,0.07064833559703483,0.8796132465022268,0.01407929870822333
Test_158,0.28904573676006334,0.0024969041201498092,0.0029235775243489576,0.7055337815954377
Test_159,0.34771757336197817,0.014906338796078849,0.4862830396127523,0.15109304822919065
Test_160,0.53140226846221,0.01423595312393251,0.06397126742068009,0.3903905109931778
Test_161,0.15504283831873264,0.029594827452404455,0.0596839753163215,0.7556783589125416
Test_162,0.01017433688884527,0.017843702165949462,0.9615048171077771,0.010477143837427719
Test_163,0.0018850397310752982,0.16259937163611557,0.8320941314473943,0.00342145718541473
Test_164,0.6484902610375791,0.021383843381871933,0.07053621132494454,0.25958968425560436
Test_165,0.34825660952644094,0.05474407175109039,0.05474223171870703,0.5422570870037621
Test_166,0.2534233560230111,0.07858022503796351,0.4797708502517121,0.1882255686873132
Test_167,0.023167010675297015,0.07609651340714561,0.8815207701087869,0.01921570580877048
Test_168,0.018709368220762423,0.061479614656255004,0.8951482564229996,0.024662760699982925
Test_169,0.49347549390646633,0.03633240759845102,0.20201305790854254,0.26817904058653985
Test_170,0.24852118732434533,0.03299861405667402,0.44394158099286135,0.2745386176261191
Test_171,0.011895122988893175,0.1319124654345143,0.8271725943651284,0.029019817211463784
Test_172,0.03991121536795424,0.029549900888000663,0.9171006452842895,0.013438238459755975
Test_173,0.00516251726574667,0.028863587523934014,0.94758354851704,0.018390346693279356
Test_174,0.81432756789942,0.02637922170401735,0.03764441893935871,0.1216487914572038
Test_175,0.5394746630899664,0.036304268060249625,0.01647104167072781,0.40775002717905645
Test_176,0.5747904689199678,0.08474488211986259,0.2645859351449336,0.07587871381523587
Test_177,0.03369117975338858,0.0035128471491223255,0.03710309931511183,0.9256928737823775
Test_178,0.005373511803923109,0.0005400239699052654,0.00019064174219784785,0.9938958224839738
Test_179,0.021258922668333843,0.06362372782360169,0.8796186201766217,0.035498729331442824
Test_180,0.1873939479311732,0.09581633926362414,0.17239742489098203,0.5443922879142208
Test_181,0.028797690296866636,0.1893263158963454,0.026661418804875707,0.7552145750019122
Test_182,0.001078010165527866,0.1118731442257867,0.8805942569975891,0.006454588611096158
Test_183,0.8002556029021145,0.025009832380229052,0.06270427164914777,0.1120302930685088
Test_184,0.517456231739933,0.00853875189684538,0.2741866172517498,0.19981839911147176
Test_185,0.6878678750630839,0.07981767028324013,0.10925222734416319,0.12306222730951288
Test_186,0.30168992065235967,0.01565379778699426,0.022829154509404776,0.6598271270512414
Test_187,0.39286296595951126,0.08742674098114173,0.4974255379221653,0.022284755137181513
Test_188,0.2553470667639554,0.012605779618242106,0.5861772944415832,0.1458698591762193
Test_189,0.3301077201646829,0.08297970733305907,0.1929841208021334,0.3939284517001247
Test_190,0.6167244700137235,0.026460146347061432,0.17054344806048477,0.18627193557872995
Test_191,0.02759291531237835,0.03186023068875558,0.4390852649233259,0.5014615890755403
Test_192,0.49120526761204514,0.03580115000999233,0.10366466482954642,0.3693289175484161
Test_193,0.014805884725122802,0.10025182552630325,0.8817249462802398,0.003217343468334229
Test_194,0.04896337760857159,0.143878125573484,0.753346748870057,0.05381174794788746
Test_195,0.1299790290059834,0.11866931388294975,0.5886802842081121,0.1626713729029548
Test_196,0.47104140764704133,0.04844274754181801,0.23111758029438323,0.2493982645167576
Test_197,0.19890756336320162,0.024361256673035268,0.7355759904176634,0.04115518954609983
Test_198,0.008631461230151216,0.00834685254290247,0.0016029312351693668,0.9814187549917768
Test_199,0.12547871285280743,0.056179083572100386,0.6921138911946075,0.1262283123804848
Test_200,0.0064016258063538094,0.05484101076445362,0.9242389752082996,0.014518388220892776
Test_201,0.22396264824252604,0.009655055815015237,0.0049841193842096515,0.7613981765582493
Test_202,0.007521630690424165,0.09602059103453367,0.8909882754592425,0.005469502815799863
Test_203,0.1178936861109777,0.027315236840980923,0.2528206203375741,0.6019704567104673
Test_204,0.1741659442254081,0.03365094935989135,0.3303353700218599,0.46184773639284044
Test_205,0.1575489516276033,0.012496943330197725,0.006384498061887577,0.8235696069803113
Test_206,0.11148715939597072,0.04476314836964604,0.04125787552831557,0.8024918167060677
Test_207,0.03229541048214026,0.05489810849101059,0.8437118580859,0.06909462294094898
Test_208,0.4691432549457541,0.19091605491856678,0.08967850517288992,0.2502621849627888
Test_209,0.003994759317934973,0.1974266689286489,0.7826343246204744,0.015944247132941645
Test_210,0.3695143856063692,0.1049072873694675,0.13509896786524503,0.39047935915891857
Test_211,0.0016824048626753738,0.15949315054443797,0.8355713798281199,0.0032530647647669754
Test_212,0.1257692770296814,0.1090600882716106,0.7589907436589712,0.006179891039736841
Test_213,0.18409423229958208,0.15000778549761976,0.3685331561876398,0.29736482601515846
Test_214,0.09704151381332271,0.05173149531975311,0.5994492748886837,0.2517777159782406
Test_215,0.30940268982905555,0.017293229890681903,0.030270407709117434,0.6430336725711453
Test_216,0.45012765155508394,0.04395031721407614,0.07790165276037685,0.428020378470463
Test_217,0.017890458303035674,0.09306637449169461,0.7658759452825903,0.12316722192267969
Test_218,0.635378858572494,0.09646258313840651,0.07896532315280022,0.18919323513629938
Test_219,0.07249901838185818,0.10994729130099958,0.7976110983706323,0.01994259194650984
Test_220,0.21766501316180178,0.09873332053488358,0.04126258753008146,0.642339078773233
Test_221,0.39187074619191725,0.032083060188077044,0.21290264369908854,0.36314354992091713
Test_222,0.04287033560780198,0.024517384229238964,0.9135482581297628,0.019064022033196078
Test_223,0.003318916340246459,0.12438681578062252,0.8458357638204484,0.026458504058682754
Test_224,0.24198182742122418,0.04805661186191908,0.2891136125882703,0.4208479481285869
Test_225,0.5501351952203657,0.033310544860140755,0.11905247804774599,0.29750178187174725
Test_226,0.011404422123829906,0.16137072380138434,0.79819387816077,0.02903097591401591
Test_227,0.18881238014303126,0.030274692728501897,0.07183021582232155,0.7090827113061455
Test_228,0.7206528092098037,0.037563248489177116,0.14920219977401614,0.09258174252700331
Test_229,0.009601462571218166,0.12497011317454092,0.8528867459426983,0.012541678311542345
Test_230,0.2293934258481596,0.06478752305265648,0.40417034440312843,0.3016487066960552
Test_231,0.019891890896853795,0.01725576112670104,0.011722528959695512,0.9511298190167498
Test_232,0.5150866961676017,0.04280800518849196,0.41302164508988254,0.029083653554023828
Test_233,0.35356066588940954,0.03860385620498332,0.09506484171739651,0.5127706361882111
Test_234,0.5048764917016065,0.045710734151319016,0.05763876982468995,0.3917740043223846
Test_235,0.06926505941209107,0.0878633291189034,0.06398346302352265,0.7788881484454829
Test_236,0.20678916392891283,0.023790644284087448,0.5631799253800905,0.20624026640690932
Test_237,0.10184175274041717,0.03278988995166244,0.012200494698069778,0.8531678626098506
Test_238,0.266308171834078,0.039996291170880154,0.30734209901502657,0.38635343798001487
Test_239,0.01680087618631813,0.0647266631094373,0.8784763768637317,0.039996083840513307
Test_240,0.0008542697375907572,0.1634638564966547,0.8237995327565582,0.01188234100919633
Test_241,0.1086904030439103,0.20947978141481133,0.3060710312081389,0.3757587843331398
Test_242,0.2200741289027822,0.031998334054955294,0.05540457685002167,0.6925229601922407
Test_243,0.9277471967723748,0.024169880115102713,0.0226739691158281,0.025408953996694683
Test_244,0.1330599831721291,0.11303236981631962,0.5016947622530115,0.2522128847585396
Test_245,0.004988767788766557,0.077126626808142,0.9036489458764723,0.014235659526619334
Test_246,0.11435573280635426,0.03728819969602545,0.009998552913614457,0.8383575145840058
Test_247,0.01948705789271314,0.006096198202463105,0.021147779231067018,0.9532689646737567
Test_248,0.40522324580216906,0.09939472388906269,0.038272598631539874,0.45710943167722806
Test_249,0.3967139424872987,0.015271298152923732,0.2172503543844827,0.3707644049752949
Test_250,0.755390070045241,0.0608711403841154,0.09537233230005555,0.0883664572705883
Test_251,0.6324847462776053,0.054425287176968394,0.040822368387149484,0.27226759815827706
Test_252,0.028820128546180244,0.05829040765354878,0.8704876555153643,0.04240180828490619
Test_253,0.05902631060137499,0.028335403101907644,0.008162916829604886,0.9044753694671123
Test_254,0.20935016881852309,0.018965382603561207,0.08461246618495294,0.6870719823929627
Test_255,0.22415952638739706,0.0960621346501935,0.0625792848412453,0.6171990541211639
Test_256,0.10772317118827318,0.03513946104689922,0.05308063760126682,0.8040567301635608
Test_257,0.009024591007311986,0.047010773971108304,0.9350434822776793,0.008921152743900373
Test_258,0.12407608422840499,0.09464851814189343,0.6545544812453806,0.12672091638432062
Test_259,0.2993353328908841,0.04613263466818468,0.5309725483118105,0.12355948412912042
Test_260,0.49163211072349494,0.009492335346767501,0.08712185028165582,0.4117537036480815
Test_261,0.0069348426505967935,0.0726823449846977,0.9153204964342265,0.005062315930479321
Test_262,0.26323695383117807,0.20265919895365722,0.13060807951935013,0.4034957676958144
Test_263,0.3257871781168578,0.03556717469559371,0.12937600697826673,0.5092696402092823
Test_264,0.19496476079445166,0.21502505954379936,0.4408737805598918,0.1491363991018574
Test_265,0.4384817958889861,0.03204633490552003,0.1688750368739378,0.3605968323315558
Test_266,0.017359255710491996,0.006026969011253823,0.0016908048650100872,0.974922970413244
Test_267,0.8133374927230245,0.023074182207746038,0.030343081720325054,0.13324524334890478
Test_268,0.007601158728602805,0.11013813734702749,0.8214407420968494,0.06081996182752032
Test_269,0.4137298863975017,0.008137491221630436,0.027440284009083882,0.550692338371784
Test_270,0.06509047567147619,0.009787235170687998,0.00146599271722819,0.9236562964406078
Test_271,0.7374188933032241,0.01712444782655978,0.07766483985053906,0.16779181901967713
Test_272,0.012756987345226527,0.054701585496753934,0.8855107972353308,0.04703062992268895
Test_273,0.472378150410838,0.014585128950976354,0.03800456523882088,0.47503215539936483
Test_274,0.0010199683730986932,0.0727623443167269,0.9236555058693136,0.0025621814408608324
Test_275,0.03062570212230669,0.3941400811272638,0.44113056878121143,0.13410364796921784
Test_276,0.030311247644333003,0.1639607350265491,0.19689205765542536,0.6088359596736921
Test_277,0.6195052752564687,0.027208825163143182,0.1349211439239769,0.2183647556564112
Test_278,0.09555571099770263,0.05843944059223613,0.0201103939302401,0.8258944544798208
Test_279,0.00969036021058125,0.02687768036954085,0.9587322971820293,0.004699662237848776
Test_280,0.23055982305183573,0.05661302825686392,0.26814095258368237,0.4446861961076179
Test_281,0.7468043535235785,0.03525229901804675,0.06467733794759002,0.1532660095107855
Test_282,0.17616307307325718,0.19464381525295754,0.1314061965506886,0.49778691512309664
Test_283,0.0008327593726270927,0.07046305571692867,0.9212450825647411,0.007459102345703081
Test_284,0.00438388633718476,0.2087915866616902,0.7290597126974778,0.05776481430364742
Test_285,0.2603311767229065,0.025472779747099022,0.32925254471356724,0.38494349881642714
Test_286,0.46173686977342077,0.02498991943458996,0.23517921627238939,0.2780939945195999
Test_287,0.9282974416801203,0.00897423826848567,0.05076532019243174,0.011962999858962422
Test_288,0.02878941185055109,0.018704606310541418,0.005078443931084436,0.947427537907823
Test_289,0.016785901259874114,0.006245418697224351,0.0069704611185493,0.9699982189243523
Test_290,0.5608877540748284,0.05711464862438719,0.13790991520429294,0.2440876820964916
Test_291,0.009293094929948897,0.052127220212193834,0.9287940585560419,0.009785626301815287
Test_292,0.7307242245995775,0.03943410334642225,0.08983943132400159,0.14000224072999895
Test_293,0.002078917540777471,0.09260574230791772,0.903323893489672,0.0019914466616328176
Test_294,0.05483590110121451,0.05387840230842588,0.847459026850777,0.04382666973958274
Test_295,0.3730379683876149,0.029929092509404016,0.45647738846094876,0.14055555064203246
Test_296,0.26377384281410293,0.013531469016061675,0.6526403215064942,0.070054366663341
Test_297,0.026119937103299132,0.18048780295438563,0.2522370548546655,0.5411552050876496
Test_298,0.07055046198674932,0.0729573569065235,0.34954015012225037,0.5069520309844768
Test_299,0.1583435245193145,0.0398559901176775,0.31529963638247316,0.48650084898053486
Test_300,0.5214013834549486,0.08975999959987475,0.02885617233669575,0.359982444608481
Test_301,0.5146574405360271,0.005629058778068098,0.006547762971267066,0.4731657377146378
Test_302,0.02067868261642099,0.05472906783075587,0.7804152815879939,0.1441769679648291
Test_303,0.11716892121543998,0.015147534076096498,0.05979415560664868,0.8078893891018148
Test_304,0.7939684629749578,0.05515330704711137,0.021183083849107432,0.1296951461288234
Test_305,0.11736544049772123,0.05885540806861892,0.7958996895635682,0.02787946187009188
Test_306,0.11237347436349049,0.027296436588946475,0.8154001097197973,0.04492997932776583
Test_307,0.4715514126193385,0.041529669103391086,0.03495259498340068,0.45196632329386943
Test_308,0.09983081699124519,0.07747585056078009,0.06981212762511764,0.752881204822857
Test_309,0.006249803358974806,0.15032260503647185,0.7965008890075947,0.046926702596958615
Test_310,0.02459487451040943,0.12321564613228529,0.8247493233938447,0.027440155963460642
Test_311,0.013399172299241315,0.13793996558290975,0.8119177571654848,0.03674310495236443
Test_312,0.019741863178000658,0.011670034560491187,0.0019975806727528197,0.9665905215887552
Test_313,0.15186002386350267,0.01281051008692024,0.024599026013475883,0.8107304400361016
Test_314,0.1608488244026259,0.025541321976518698,0.6804437584075904,0.1331660952132647
Test_315,0.08593779488132544,0.012986194838997985,0.00239508592701428,0.8986809243526623
Test_316,0.19667362499550076,0.02149808618561159,0.7281465203602843,0.05368176845860312
Test_317,0.04671646401731892,0.11123107181800747,0.8294693705506424,0.012583093614030927
Test_318,0.14458901279632758,0.027238084721665504,0.004646385897413311,0.8235265165845936
Test_319,0.0026133009891156217,0.07269862509740851,0.9218015528665229,0.0028865210469529823
Test_320,0.025797281291783408,0.07151816265008622,0.8726154893740133,0.03006906668411685
Test_321,0.708123529605185,0.07051114476457032,0.11720403808313726,0.10416128754710735
Test_322,0.31564505110574526,0.028646599887715413,0.0781747568060114,0.5775335922005281
Test_323,0.1279566446006173,0.01753409551955057,0.7844380390622135,0.07007122081761837
Test_324,0.024696497006297738,0.17377349540494402,0.7812783833329917,0.020251624255766498
Test_325,0.214654132809724,0.05061851920440982,0.02374343050831857,0.7109839174775476
Test_326,0.03388984133440482,0.09232806919298188,0.8379015371779157,0.03588055229469736
Test_327,0.1049292251527247,0.05021117698183348,0.04811544982285468,0.7967441480425871
Test_328,0.33058397853628724,0.035536792041998125,0.5689477876604819,0.06493144176123297
Test_329,0.02059053852037728,0.034073400049328,0.9392489290120282,0.00608713241826629
Test_330,0.023641312158718616,0.10391836059360243,0.5492263588895795,0.3232139683580998
Test_331,0.32219106519636875,0.038168302008798415,0.06242012738663771,0.5772205054081951
Test_332,0.750738235952048,0.09342923015399877,0.07624560921248032,0.07958692468147274
Test_333,0.13255245017107453,0.06634273190170795,0.7333682246537033,0.06773659327351414
Test_334,0.006055385341626547,0.017656818822127326,0.9709700617420054,0.005317734094240742
Test_335,0.7858773149258631,0.003802609417783689,0.05126033360334469,0.15905974205300855
Test_336,0.3909220153912398,0.0288301834081322,0.4736473953652654,0.10660040583536266
Test_337,0.45805071804400876,0.02344246592827093,0.013480599205277806,0.5050262168224425
Test_338,0.4989859725098009,0.005470293095551179,0.033457091811940544,0.46208664258270726
Test_339,0.2360586191969661,0.1462502577968452,0.358782040032665,0.2589090829735236
Test_340,0.23888697351157853,0.012471614053923823,0.6274273624839021,0.12121404995059584
Test_341,0.3776701328758555,0.057486192633635746,0.06476808860512599,0.5000755858853828
Test_342,0.9036515630804659,0.017939814356073315,0.01807977393185851,0.0603288486316022
Test_343,0.2828173782669742,0.0423187307353401,0.18758754474442105,0.4872763462532648
Test_344,0.0012657494501758597,0.12112599226194078,0.8759058577276736,0.0017024005602097089
Test_345,0.01926509236576236,0.045809678058349956,0.7984639030860907,0.1364613264897966
Test_346,0.0002205322801759123,0.08836692345613026,0.9096170870533241,0.0017954572103698412
Test_347,0.7582481080416691,0.004531028105488064,0.024160025128919748,0.2130608387239234
Test_348,0.26021581089687146,0.015276523141098902,0.13332254446515443,0.5911851214968752
Test_349,0.28325241409516794,0.06281856519374357,0.02331859493657966,0.6306104257745089
Test_350,0.03493216047647959,0.03392637039257824,0.16411161937670915,0.7670298497542333
Test_351,0.0009250838092950539,0.10995532433421244,0.886147362343921,0.0029722295125712127
Test_352,0.22741041992618435,0.21121690690160463,0.12908324624008605,0.43228942693212496
Test_353,0.6192121792737977,0.095531923107248,0.20213534899964583,0.08312054861930845
Test_354,0.19366537523998978,0.04610609348861213,0.6249227447171358,0.13530578655426223
Test_355,0.28816040542771915,0.018402632998711435,0.030706850506227942,0.6627301110673415
Test_356,0.5694857779058354,0.058833934535492266,0.1054180717966713,0.2662622157620011
Test_357,0.579342275870314,0.1393047043021061,0.13956264786375933,0.14179037196382088
Test_358,0.43317245349983824,0.04642395614048333,0.38810766139128594,0.1322959289683928
Test_359,0.08834674735512571,0.002734830568893317,0.004596445679861715,0.904321976396119
Test_360,0.3153794871521485,0.023557937207841842,0.3786098393583454,0.2824527362816641
Test_361,0.8914851854490086,0.0179718253150891,0.04688553618808833,0.04365745304781433
Test_362,0.3545235483606763,0.04316284374037381,0.17955567653268167,0.42275793136626827
Test_363,0.030932064572299453,0.03914127856024975,0.8779935791738557,0.05193307769359517
Test_364,0.14226553727323252,0.08886262455157763,0.722002216118248,0.046869622056941826
Test_365,0.013812453006983055,0.06546553360757482,0.9128530543834348,0.007868959002007276
Test_366,0.03377101548756005,0.10566156767270839,0.8152444552672468,0.04532296157248494
Test_367,0.27978166160604123,0.014379602866708766,0.1777627644398516,0.5280759710873987
Test_368,0.4361794466839695,0.0364873316052706,0.21855124199132223,0.30878197971943766
Test_369,0.24685364933763432,0.02279148507776799,0.03797634214979455,0.6923785234348032
Test_370,0.032630040461026404,0.023090589375417477,0.8913708644848003,0.05290850567875568
Test_371,0.01868828713961439,0.07254087305709178,0.8958018819514597,0.012968957851833732
Test_372,0.033125953657756446,0.0306560778811948,0.025097411034749842,0.9111205574262987
Test_373,0.010013511662740202,0.12650856571959906,0.754998801796215,0.10847912082144551
Test_374,0.07908387287014924,0.14907278526899564,0.7075808862464772,0.06426245561437774
Test_375,0.28951831315471227,0.04721829661514896,0.00797285431519923,0.6552905359149394
Test_376,0.4435578523172023,0.1342398781936822,0.14758927657651802,0.2746129929125976
Test_377,0.6949504704872478,0.06740021272028272,0.07782629878291644,0.159823018009553
Test_378,0.14830039468595793,0.08559674549562392,0.5462878212553962,0.21981503856302223
Test_379,0.16563382852238778,0.03328115798682414,0.749408573041993,0.051676440448795075
Test_380,0.0197440841628331,0.1462000754669517,0.2853037256546674,0.5487521147155475
Test_381,0.4805672731556536,0.00915221894377605,0.007086383595374604,0.5031941243051959
Test_382,0.7492156593056924,0.020445344318534103,0.021602504678217775,0.2087364916975556
Test_383,0.6452593420721127,0.02723765481309556,0.028432731032798662,0.2990702720819932
Test_384,0.019392637721228928,0.0208565965460188,0.9539198437141955,0.0058309220185567175
Test_385,0.17698981926757562,0.11714612688265749,0.23135064900279578,0.47451340484697124
Test_386,0.0028712405780776406,0.17484231693578542,0.8005523009435884,0.021734141542548158
Test_387,0.3295161698571217,0.0827672427067942,0.03335337092611322,0.5543632165099709
Test_388,0.6523606228833764,0.01276097470961994,0.019367519896123533,0.31551088251087994
Test_389,0.14944786924288259,0.1301997802784429,0.6118769916159205,0.1084753588627541
Test_390,0.4598643746220425,0.048239707481992876,0.023707670557166643,0.46818824733879794
Test_391,0.015737166175625168,0.08874388749760924,0.8795012460223273,0.016017700304438404
Test_392,0.015265479194107154,0.07986810590042683,0.8841470715100964,0.020719343395369707
Test_393,0.0909859839146418,0.17439194682979475,0.3827849400555757,0.3518371291999878
Test_394,0.41386129445067216,0.028466548203350026,0.15630901429796365,0.40136314304801435
Test_395,0.6954821566486665,0.017753147246723312,0.13622451275095948,0.1505401833536506
Test_396,0.368040943120727,0.028355221686282087,0.4237924069796985,0.1798114282132923
Test_397,0.14863666025390196,0.018473379896057577,0.006189360583804135,0.8267005992662363
Test_398,0.24892477883838263,0.03545845422039637,0.5693579110026324,0.1462588559385886
Test_399,0.6771908634613,0.015695790418813086,0.048091020885662035,0.259022325234225
Test_400,0.0035832878891943064,0.03077067113931594,0.9557620423946723,0.009883998576817689
Test_401,0.025600830323173878,0.0891534024442972,0.8582247515091114,0.02702101572341778
Test_402,0.37872444637443375,0.020242946067044913,0.028610380477170204,0.5724222270813509
Test_403,0.008156987961350764,0.0663527238041453,0.8942181636653168,0.03127212456918704
Test_404,0.17736207245696553,0.009107298138024572,0.028123785819292386,0.7854068435857174
Test_405,0.02952166171211319,0.014499444215404238,0.0029265194975467822,0.9530523745749357
Test_406,0.004418276374206083,0.016447210540457894,0.00232799859664757,0.9768065144886888
Test_407,0.009803863762161974,0.03332909571826119,0.004020314862643983,0.9528467256569331
Test_408,0.023970054052305585,0.015375698994146985,0.002847772437594298,0.9578064745159529
Test_409,0.005469911517217066,0.034657987879978314,0.9508670744440975,0.009005026158707085
Test_410,0.025022411512534815,0.03760603624998512,0.008587442646142007,0.9287841095913383
Test_411,0.6720868495383562,0.10055828445743678,0.08992779258962635,0.13742707341458094
Test_412,0.02304336554617294,0.09900417131511284,0.8347936961995992,0.04315876693911512
Test_413,0.25622892515502116,0.04606577064992589,0.40138360900234366,0.2963216951927094
Test_414,0.04428288572892153,0.17350944741609217,0.7071611674871018,0.0750464993678844
Test_415,0.0013824518228753174,0.10305935034040689,0.8916576740851748,0.003900523751542881
Test_416,0.1894533768276107,0.044555465316406896,0.13965196025233076,0.6263391976036519
Test_417,0.005997219789311804,0.06355383267830743,0.9290666834034111,0.0013822641289692695
Test_418,0.7236434654583253,0.029533637760539296,0.04368428011388317,0.20313861666725233
Test_419,0.5649230852429632,0.03608654264203962,0.08722437179453711,0.3117660003204598
Test_420,0.0007106011394753155,0.11466732695555666,0.8822709409253553,0.002351130979612773
Test_421,0.23089905819036988,0.03802796482334503,0.1115221674055585,0.6195508095807267
Test_422,0.17033872388969595,0.034057222743076786,0.4463277185621371,0.3492763348050903
Test_423,0.0784075536214657,0.33187883509432026,0.33722572143152924,0.2524878898526849
Test_424,0.009935227524682302,0.053791668234551074,0.9215784301564871,0.014694674084279668
Test_425,0.30672349242536284,0.12207326305339494,0.13234414733663433,0.4388590971846081
Test_426,0.09688878327427007,0.033610621196005074,0.7257639043330656,0.14373669119665908
Test_427,0.027888302653292344,0.012430913463935012,0.006449477735645548,0.9532313061471271
Test_428,0.029332558136920425,0.03174256055021956,0.006614717715687303,0.9323101635971727
Test_429,0.14402213294036512,0.11017122118090567,0.6861523945539639,0.059654251324765116
Test_430,0.0047743889887030275,0.08821106086641053,0.900091123513597,0.0069234266312894685
Test_431,0.08230275921357084,0.017814587478677212,0.2068517330570041,0.6930309202507478
Test_432,0.4440569646543368,0.23946501458356548,0.04616753892250754,0.27031048183959017
Test_433,0.020789254742476074,0.006731101114694843,0.0013486885249731717,0.9711309556178559
Test_434,0.21539842321145636,0.04246547514553926,0.0135446703271426,0.7285914313158619
Test_435,0.5992994324383505,0.016220164664836948,0.1192767348451422,0.26520366805167034
Test_436,0.37896685870646657,0.07221753950898166,0.2971041359624355,0.25171146582211623
Test_437,0.23219368656454495,0.02590367294804883,0.6750486363147685,0.06685400417263766
Test_438,0.01208517453215625,0.1374286485393388,0.7963061557941332,0.05418002113437177
Test_439,0.26302860182407617,0.2123066710744289,0.45240543073402006,0.07225929636747468
Test_440,0.003966926678248987,0.14492375779140584,0.8380750233897588,0.013034292140586485
Test_441,0.3093256086298449,0.048367627837218236,0.02445923871545987,0.6178475248174772
Test_442,0.3748344663093094,0.015650503740156283,0.12174406491586688,0.4877709650346673
Test_443,0.025776442729505047,0.2276942121504068,0.03174347552842098,0.7147858695916672
Test_444,0.6022443972778315,0.07534943278112656,0.09169584711848555,0.23071032282255632
Test_445,0.01365779869721036,0.10498794035064814,0.8611386761441585,0.02021558480798309
Test_446,0.26805234157028146,0.18720840572259195,0.201927703767869,0.34281154893925775
Test_447,0.01728447106667525,0.07251968856453564,0.9071251698431515,0.003070670525637432
Test_448,0.0068156689559423335,0.24605224875017537,0.715791857362801,0.03134022493108081
Test_449,0.4393874893815886,0.20154573796838396,0.1294268042115057,0.22963996843852177
Test_450,0.22448495294526485,0.03470633901535084,0.2762621147601234,0.4645465932792609
Test_451,0.007629404252107072,0.09450657774792406,0.8841038743857125,0.01376014361425638
Test_452,0.09289074219700928,0.011787297944713187,0.7200264629390434,0.17529549691923407
