image_id,healthy,multiple_diseases,rust,scab
Test_0,0.029463888390834768,0.028218689691647498,0.9402922068720969,0.0020252150454208155
Test_1,0.22404121948942055,0.0462630133415586,0.4326885768235579,0.2970071903454631
Test_2,0.25250459515730633,0.02931962127078574,0.3417375144175943,0.3764382691543137
Test_3,0.2664302555049544,0.09867019093426214,0.23596824742178052,0.3989313061390025
Test_4,0.06986381508032548,0.07482883364252395,0.831485540723297,0.023821810553853743
Test_5,0.2343436923556962,0.03921988917213744,0.2700875387414287,0.45634887973073734
Test_6,0.538358430339888,0.0673022283197789,0.06318205923895932,0.33115728210137396
Test_7,0.08449972884851614,0.06190843894963001,0.28489869400995715,0.5686931381918969
Test_8,0.4134451284683159,0.22959513629417108,0.07871615504776533,0.27824358018974765
Test_9,0.14051928116018636,0.07443960974888932,0.7525453265241071,0.032495782566817254
Test_10,0.017741463576375884,0.04311565539330111,0.8605581649729501,0.07858471605737277
Test_11,0.36613557874064956,0.05820530574256284,0.395743045491043,0.17991607002574447
Test_12,0.3159426070298555,0.047057712835684905,0.09751051798528722,0.5394891621491725
Test_13,0.519569672867705,0.017679749958427308,0.32547824650502183,0.13727233066884595
Test_14,0.03220459827513361,0.02974937462056556,0.9323644799134445,0.005681547190856488
Test_15,0.5012199432003683,0.06190610766170327,0.25282527966139556,0.18404866947653306
Test_16,0.42352836879285255,0.03238438316821276,0.09218046454408929,0.4519067834948453
Test_17,0.04024131807499175,0.16952407597303887,0.4177485448206331,0.3724860611313363
Test_18,0.446176444026957,0.06201437837626098,0.1710335492086624,0.3207756283881196
Test_19,0.03956754910516684,0.05406174276032033,0.6784508034879272,0.22791990464658535
Test_20,0.6202174641486108,0.01660731963909277,0.2580913868976828,0.10508382931461352
Test_21,0.029570109125152958,0.00018104576877280465,0.001087434065280534,0.9691614110407936
Test_22,0.09373658500699235,0.13466750286742496,0.29649066642329114,0.4751052457022916
Test_23,0.16096189807861366,0.030262078470320707,0.05218560689425539,0.7565904165568101
Test_24,0.6497117277683873,0.07875254440394804,0.025303264156830686,0.24623246367083404
Test_25,0.13405195614314663,0.004637469909283383,0.10579679366393309,0.7555137802836369
Test_26,0.03387318495641157,0.030776481041400197,0.34951569742575883,0.5858346365764293
Test_27,0.364329145283063,0.11181566629120919,0.36522358246274145,0.158631605962986
Test_28,0.532528420052937,0.04700374310773181,0.17485945864800093,0.24560837819133052
Test_29,0.2608537534754793,0.09606611794883005,0.5404234300223412,0.10265669855334937
Test_30,0.576875778421624,0.07177667182126732,0.11717841493845867,0.23416913481865037
Test_31,0.01313904376369525,0.06797609968820918,0.9140780821220205,0.00480677442607491
Test_32,0.7104826640760757,0.0136778412754333,0.09772974046968932,0.17810975417880182
Test_33,0.1761186607617979,0.05117409103897749,0.07529935762816374,0.6974078905710607
Test_34,0.4084018985528619,0.03124999888277604,0.12339480853454046,0.43695329402982164
Test_35,0.02778127288566235,0.011497189681762865,0.03452427198047674,0.9261972654520977
Test_36,0.003951935757753597,0.07507810269372281,0.8947803604052623,0.026189601143261368
Test_37,0.2519991211140966,0.008485345542685978,0.10791642969590827,0.6315991036473092
Test_38,0.23002953371952561,0.04656100086554405,0.0683340550269638,0.6550754103879664
Test_39,0.04593438834419736,0.03390357745964503,0.3143475187233233,0.6058145154728345
Test_40,0.32561108751855516,0.04675516614969709,0.1387499674242218,0.4888837789075259
Test_41,0.0367856090490404,0.08807182532073575,0.8433573743733278,0.03178519125689603
Test_42,0.11380427002184086,0.06355607817658974,0.12402774789121852,0.6986119039103509
Test_43,0.2807724543549396,0.013491462374156533,0.6709114952453192,0.03482458802558458
Test_44,0.3295078161656133,0.06595155229186468,0.104662863684071,0.4998777678584515
Test_45,0.41365982006582663,0.06198679659523085,0.3528462505931483,0.17150713274579432
Test_46,0.10385263130017047,0.004252878124166875,0.010207524442643693,0.881686966133019
Test_47,0.0563387484887181,0.0764732887040346,0.7516922792401709,0.11549568356707686
Test_48,0.021808260574278603,0.07821764379373763,0.81424840585144,0.0857256897805437
Test_49,0.023853149625951742,0.08192576637027525,0.765054040927313,0.1291670430764602
Test_50,0.00883758470354558,0.05560350633166294,0.927153710505425,0.008405198459366287
Test_51,0.019761497477642387,0.08150176075250788,0.7932136361311901,0.10552310563865966
Test_52,0.06355671474532067,0.19413874741561615,0.7039410875401862,0.03836345029887708
Test_53,0.13537708816256208,0.08604517903380275,0.7217874875669197,0.056790245236715275
Test_54,0.060614403638954116,0.11294434948182877,0.7996710491520462,0.026770197727170868
Test_55,0.4133017927820421,0.03330362009915836,0.14020643780771946,0.41318814931108033
Test_56,0.06972434069590996,0.04399666845075875,0.12994538645325732,0.7563336044000739
Test_57,0.7450774599626235,0.031139362340034546,0.03448212527540654,0.18930105242193546
Test_58,0.21826600225003193,0.030270543220647032,0.07618519156953253,0.6752782629597884
Test_59,0.015335942598231109,0.10433446684127083,0.7416558222041231,0.1386737683563749
Test_60,0.06737872430540862,0.09735240098485576,0.21690739714567442,0.6183614775640615
Test_61,0.5224729586397803,0.04047654470485821,0.2311818981809425,0.2058685984744191
Test_62,0.4481040720832473,0.003640917272182991,0.42379480949084253,0.12446020115372693
Test_63,0.10871461175599095,0.2687874230133081,0.3068234152526942,0.3156745499780067
Test_64,0.3626872526270386,0.013101487981745695,0.255728751057526,0.3684825083336899
Test_65,0.09944544825508653,0.12651350390422866,0.553638300586759,0.22040274725392603
Test_66,0.24336823418006093,0.045654036547225725,0.694060231060336,0.016917498212376852
Test_67,0.01759091937606617,0.07423409139524051,0.7778419678052915,0.13033302142340203
Test_68,0.24717664248117346,0.047875223690641434,0.07828532096405469,0.6266628128641303
Test_69,0.017911712366999278,0.08296969465476786,0.8711974308671803,0.02792116211105259
Test_70,0.23750672593700203,0.08892793313621306,0.17825636285437718,0.49530897807240776
Test_71,0.04373879847852963,0.07499363042848521,0.8075815115181948,0.07368605957479056
Test_72,0.22677491123136606,0.1091180461843759,0.3705182258494547,0.2935888167348034
Test_73,0.8344413829660775,0.00874771100480628,0.10661096902331764,0.050199937005798626
Test_74,0.5431342766819761,0.02421377796050294,0.22825040899076288,0.20440153636675806
Test_75,0.26171383657012454,0.07345683599140315,0.24152880902861504,0.42330051840985705
Test_76,0.07555048398403028,0.13634873653959106,0.2302229372070827,0.5578778422692956
Test_77,0.09724693223339301,0.03236132107536915,0.4841435491142708,0.3862481975769672
Test_78,0.21276906110217403,0.09960751533908348,0.22263223781905914,0.4649911857396836
Test_79,0.48651360669396787,0.041729486759253365,0.35900142280110864,0.11275548374567028
Test_80,0.20931795278922327,0.0740272887520727,0.5048630534170346,0.21179170504166936
Test_81,0.025253271393100678,0.056297801226268686,0.841665792776557,0.07678313460407399
Test_82,0.17648062984058605,0.017916012144173474,0.3788436416819491,0.4267597163332914
Test_83,0.3872749238048414,0.07728847203504075,0.22801470595446402,0.30742189820565397
Test_84,0.19470358840264462,0.06710522541232244,0.09231057913576532,0.6458806070492675
Test_85,0.18954168469441426,0.0031958396957124757,0.4371140888044303,0.37014838680544293
Test_86,0.30251297535268934,0.08616074236011059,0.5309956895178316,0.08033059276936787
Test_87,0.447975135810349,0.05431970093296113,0.17439463553123538,0.32331052772545427
Test_88,0.27198653353795693,0.07945983321560048,0.04166231242770842,0.6068913208187339
Test_89,0.6099438253054316,0.027175416016209656,0.17233340325670876,0.1905473554216497
Test_90,0.24101624721942033,0.06855093959879209,0.5069205355385646,0.18351227764322267
Test_91,0.5033175549151772,0.040040668431422455,0.14487428943617303,0.3117674872172276
Test_92,0.3633869966147074,0.042376223198042115,0.12311988437543736,0.4711168958118131
Test_93,0.19855643501559203,0.11160636361732788,0.53923024277988,0.15060695858720013
Test_94,0.3054761883919722,0.03570184150467316,0.09116984169871298,0.5676521284046419
Test_95,0.3815719366354314,0.05366167883932252,0.2270826348201951,0.33768374970505044
Test_96,0.4811162981224537,0.01760988015201981,0.022673119727105822,0.47860070199842086
Test_97,0.4035801446325744,0.040206637860789804,0.2678510058284947,0.2883622116781412
Test_98,0.41540082180079735,0.11536970608411178,0.28897685584955235,0.18025261626553832
Test_99,0.4860029784699324,0.07133509897328962,0.3118953486854397,0.1307665738713384
Test_100,0.27449199911624217,0.08245145975539422,0.08731168762593437,0.5557448535024287
Test_101,0.4916484233095007,0.03663619074372943,0.21334931106074867,0.25836607488602126
Test_102,0.3645969463584307,0.07145517782513229,0.12070711124427982,0.44324076457215716
Test_103,0.49917647973410856,0.0658421714754609,0.34776132335449517,0.08722002543593545
Test_104,0.3152622164188435,0.05475167984115859,0.16340097564193987,0.46658512809805786
Test_105,0.13210961176736621,0.002973823733614557,0.02901751997335066,0.8358990445256683
Test_106,0.2661099001164374,0.04459556448432954,0.2607620744570949,0.42853246094213826
Test_107,0.004828935144160198,0.07686065202102453,0.899681193959351,0.018629218875464596
Test_108,0.24848115836104567,0.02109530057233731,0.1648251836044928,0.5655983574621241
Test_109,0.45851259707761893,0.1003340339330144,0.3085144624852805,0.1326389065040861
Test_110,0.4728425608332526,0.057665831949366704,0.24166510459882448,0.22782650261855653
Test_111,0.34392389842237286,0.005248203395061419,0.11293610743784666,0.5378917907447189
Test_112,0.005111637482745701,0.08269760395482476,0.7842501630848555,0.12794059547757392
Test_113,0.3471685947861705,0.0450159629417796,0.2699222625248505,0.3378931797471991
Test_114,0.4685643025360407,0.07122725824267868,0.1686211233244639,0.2915873158968169
Test_115,0.3269825855594646,0.06978114060392751,0.22997297456430965,0.3732632992722984
Test_116,0.1516191480530398,0.1132043506609759,0.5820965934510096,0.15307990783497455
Test_117,0.00824031959948599,0.06559184072047386,0.8966019422318613,0.029565897448178884
Test_118,0.013445701891470173,0.07849933696472408,0.8840156815143905,0.024039279629415395
Test_119,0.4674042473849632,0.043483452749193276,0.292367619752236,0.19674468011360735
Test_120,0.073073475428044,0.016475604235480102,0.8904456115796977,0.020005308756778445
Test_121,0.17753101129879728,0.07589398758565943,0.5308359553266185,0.21573904578892483
Test_122,0.010820303184716936,0.10105336806561226,0.7428288525585759,0.14529747619109482
Test_123,0.0048888439043499095,0.02418013019860536,0.9692142940758169,0.0017167318212278518
Test_124,0.6710903132579815,0.03789215852877841,0.12088050206881357,0.17013702614442633
Test_125,0.25419955255862237,0.09461164082793924,0.13821903907987645,0.5129697675335623
Test_126,0.4704846886159585,0.0645069184755863,0.3395710670437834,0.12543732586467177
Test_127,0.41047057550742305,0.05582978374826668,0.07118763050154905,0.4625120102427613
Test_128,0.0975379518902406,0.01789181271208331,0.03940905899359077,0.8451611764040855
Test_129,0.003705570111588013,0.07267714620148485,0.8993040834477062,0.024313200239221063
Test_130,0.3338569699763974,0.030161233749536377,0.09009813396267993,0.5458836623113861
Test_131,0.21532670122838315,0.04269784848749944,0.06918300126717256,0.6727924490169449
Test_132,0.5009392994260461,0.06863916189043584,0.20164606579968994,0.22877547288382813
Test_133,0.11362400406686489,0.051417348105949515,0.14296381832898772,0.6919948294981979
Test_134,0.6899436655378474,0.006713204856165556,0.02034253808469488,0.28300059152129214
Test_135,0.3958529260290355,0.054972911052682254,0.17957873348553277,0.36959542943274915
Test_136,0.10231996238996854,0.037164845007105374,0.24311537769787134,0.6173998149050547
Test_137,0.017217217482037073,0.0725187716008338,0.883382744943425,0.02688126597370403
Test_138,0.007446098163863613,0.05447219562741277,0.9321737353438214,0.005907970864902104
Test_139,0.6911417286261455,0.042545122387205016,0.2518868024133567,0.014426346573293012
Test_140,0.26077252433659776,0.05680754995004131,0.34450005234755715,0.33791987336580354
Test_141,0.181953148102184,0.005044128082175493,0.08725900698593024,0.7257437168297101
Test_142,0.48136887409051504,0.08981070155300197,0.31796022529400275,0.11086019906248011
Test_143,0.3697465612317481,0.04845332818194533,0.040569295337307444,0.5412308152489993
Test_144,0.29558147879734614,0.05510836711987236,0.48643564000607886,0.1628745140767027
Test_145,0.4166611460890308,0.04449861254542451,0.3070853651352237,0.23175487623032065
Test_146,0.014928693774974017,0.08999598339647887,0.8114452048895389,0.08363011793900822
Test_147,0.024469297671683817,0.08452552182509677,0.7631970442616851,0.12780813624153428
Test_148,0.2949753406788923,0.02087248018501689,0.4323866089799135,0.2517655701561772
Test_149,0.02647246541346882,0.14958982341487312,0.5145858832107109,0.30935182796094723
Test_150,0.33370558552626595,0.017458374776416603,0.1737492916969248,0.47508674800039263
Test_151,0.07031445582118823,0.051695928780164734,0.8235477928229136,0.054441822575733344
Test_152,0.015064513109773602,0.09232052543251454,0.7748531078256661,0.11776185363204554
Test_153,0.702765821959601,0.015264831389140155,0.0074276319283502435,0.2745417147229089
Test_154,0.1778567843872293,0.049457881910899865,0.7479426660211157,0.024742667680755216
Test_155,0.022416662502784977,0.061540326094635035,0.8853933487902124,0.030649662612367432
Test_156,0.02151082990224388,0.008590666087029923,0.01018168663880501,0.959716817371921
Test_157,0.04178119458582868,0.07453585134259898,0.8518245032615461,0.031858450810025876
Test_158,0.1240529226375766,0.026770924936160956,0.03300424784163149,0.8161719045846311
Test_159,0.14465951664628385,0.0023426978518498714,0.759831431579718,0.0931663539221481
Test_160,0.5365375011933248,0.09111997414271598,0.22683529845625555,0.14550722620770357
Test_161,0.1221541592388751,0.04664339614707123,0.22961295822159966,0.6015894863924542
Test_162,0.3503304388062572,0.017902837839922307,0.5981324966303638,0.03363422672345687
Test_163,0.010468109428291794,0.06775347973526231,0.9124762018760617,0.009302208960384282
Test_164,0.6559747268892887,0.02787213521995354,0.16365982238202292,0.15249331550873485
Test_165,0.34250155128751314,0.059749464326168886,0.15842683485095566,0.43932214953536236
Test_166,0.49543505440411767,0.014081849077494771,0.17701370159633673,0.3134693949220509
Test_167,0.03774100072408186,0.011749950657985488,0.9012801824440911,0.04922886617384164
Test_168,0.14094881223356306,0.09191939657997837,0.672237571949853,0.09489421923660545
Test_169,0.08558886465301353,0.042195245755409935,0.8628728436063153,0.009343045985261247
Test_170,0.13130515221174419,0.019777573884792135,0.6706545604001134,0.17826271350335005
Test_171,0.07168316094049766,0.07181413617458902,0.6149900266733651,0.2415126762115484
Test_172,0.06061689546533988,0.057552018030952536,0.8418229507604513,0.04000813574325624
Test_173,0.010163900202744675,0.06555400067700587,0.8826621867245266,0.04161991239572308
Test_174,0.3421430932117383,0.05021026566013799,0.20084056891993043,0.4068060722081928
Test_175,0.4171458974441607,0.056993441320477435,0.16589942468599442,0.35996123654936746
Test_176,0.19460529532919488,0.027964777026627148,0.5478698428544281,0.22956008478974985
Test_177,0.12554114875535494,0.023534105977204987,0.04808862083843471,0.8028361244290055
Test_178,0.08144227088224339,0.02127821003898299,0.024962031016913737,0.8723174880618599
Test_179,0.027457996143714702,0.030009147881846093,0.8914114020479473,0.051121453926492026
Test_180,0.4420976428898202,0.032649848143304676,0.2305199270361709,0.2947325819307037
Test_181,0.1112110115681383,0.13878221666822463,0.13783025400712468,0.6121765177565122
Test_182,0.003620096518125189,0.0750690487871466,0.8857298943911808,0.035580960303547585
Test_183,0.33766537329425783,0.05717322114919957,0.4217750405645463,0.18338636499199615
Test_184,0.4984945945622064,0.022117786482550004,0.3233549063828951,0.15603271257234874
Test_185,0.05154193510248107,0.07388129141142345,0.3499590633964875,0.5246177100896083
Test_186,0.3617049312258533,0.03373545335683791,0.0810604847554006,0.5234991306619082
Test_187,0.579404082234352,0.035278696377245546,0.23865621563450723,0.14666100575389515
Test_188,0.6080270853119183,0.018585933539191853,0.14168610361422718,0.23170087753466279
Test_189,0.3641043319611327,0.02660036012725831,0.18135975670852145,0.4279355512030873
Test_190,0.22785377056714612,0.014435002029788233,0.28418188278143847,0.4735293446216269
Test_191,0.011115389119177595,0.08056958842810931,0.6860395834134662,0.22227543903924718
Test_192,0.7250891027065417,0.004753161089906582,0.0332574021580776,0.2369003340454743
Test_193,0.1916313422963598,0.07165642363563521,0.6804816160646482,0.0562306180033567
Test_194,0.08327283250661481,0.09544627169141244,0.7500088867577305,0.07127200904424215
Test_195,0.4533334681183631,0.06376391949712873,0.1827195026063179,0.3001831097781904
Test_196,0.2654878114451204,0.14071997321281626,0.46788052644222194,0.12591168889984164
Test_197,0.10669620015839545,0.03997081418704801,0.7157368752251487,0.13759611042940822
Test_198,0.06773567794658832,0.01849121928729638,0.022150366651388406,0.8916227361147269
Test_199,0.20715164457524596,0.05752772751043158,0.6221833720962681,0.11313725581805469
Test_200,0.006005826861437851,0.07506666703196913,0.8399452845073269,0.078982221599266
Test_201,0.48652390991320554,0.05179311648877659,0.011071336976169986,0.4506116366218478
Test_202,0.030612096328657048,0.07043095742765282,0.885342700984141,0.013614245259549273
Test_203,0.2957034003989568,0.052073771644263814,0.21710742684226955,0.4351154011145097
Test_204,0.4105063073657465,0.03957174439964339,0.27538487041479026,0.2745370778198199
Test_205,0.260222310040379,0.027788306881628106,0.06062293840511111,0.651366444672882
Test_206,0.4651859888000602,0.02273021968308297,0.06287784718302927,0.4492059443338276
Test_207,0.16733409118142983,0.06889766278495334,0.5260696123470502,0.23769863368656652
Test_208,0.44940101954142203,0.06224993240474134,0.07817734920018127,0.41017169885365523
Test_209,0.03641885867760889,0.0999125635310932,0.6987971993799081,0.16487137841138982
Test_210,0.26152109992278305,0.07237540961391756,0.28469383794395386,0.38140965251934567
Test_211,0.008948757425594568,0.07736652541713117,0.9018477153274753,0.011837001829798648
Test_212,0.252978616314973,0.07525986227054171,0.632144306846713,0.039617214567772334
Test_213,0.2492654845816714,0.09363063410523022,0.21213798833137604,0.4449658929817223
Test_214,0.01952318021728603,0.07456621948829785,0.4855622883394584,0.42034831195495787
Test_215,0.40447965402565716,0.04038519287296566,0.12050125271236584,0.43463390038901123
Test_216,0.4936533005681409,0.08867745082391133,0.04941331140211181,0.36825593720583605
Test_217,0.05581847165638864,0.07971105840895219,0.6313496493387665,0.23312082059589284
Test_218,0.613655263215049,0.06397594873544346,0.24826903233094436,0.07409975571856318
Test_219,0.40731186333170877,0.059895098023512006,0.39766911656813514,0.13512392207664434
Test_220,0.19320054676024412,0.04347610476920857,0.10320831787111526,0.6601150305994318
Test_221,0.40021440721439444,0.006637142881600088,0.4538041677312312,0.13934428217277442
Test_222,0.2717331044238226,0.07951210144573113,0.496215769597008,0.15253902453343793
Test_223,0.011834167786444926,0.10846053354155308,0.7904740530933823,0.08923124557861961
Test_224,0.27031761370157437,0.11764824953779698,0.14849543064610518,0.4635387061145235
Test_225,0.24458510176750659,0.06645691211777231,0.4995576614948965,0.18940032461982464
Test_226,0.06031020396111043,0.12000413228131945,0.7785090959758102,0.041176567781759925
Test_227,0.13409248441380558,0.019006354747900824,0.09172519655833215,0.7551759642799617
Test_228,0.5069128376578207,0.05405230384632863,0.263091636409442,0.1759432220864089
Test_229,0.020596903961468894,0.14127737558448963,0.6970298227108145,0.14109589774322687
Test_230,0.46687103349253584,0.02339685190115622,0.2628633373530519,0.24686877725325587
Test_231,0.20504378473283327,0.015367436762743353,0.06910860923653049,0.7104801692678931
Test_232,0.18736077682009233,0.03563002332743477,0.7707026584793631,0.006306541373109412
Test_233,0.24302780695751905,0.03286875335222802,0.19636400706278878,0.5277394326274644
Test_234,0.24041261165389655,0.06932788088862843,0.16110206938207788,0.5291574380753972
Test_235,0.10475251232906803,0.12955815136671966,0.4525501713569188,0.31313916494729344
Test_236,0.314730392572779,0.0044659471998025405,0.562356652627003,0.11844700760041578
Test_237,0.14296248971480294,0.03133414277917046,0.10399716046680028,0.7217062070392266
Test_238,0.29477563960376374,0.10573503674429623,0.3778709253875074,0.2216183982644324
Test_239,0.04370100569432932,0.05714952489263309,0.8448319453223104,0.054317524090727154
Test_240,0.0021029658628994837,0.04535268600484684,0.9470490725637285,0.005495275568525005
Test_241,0.167584561757042,0.06320444782822228,0.4151995554218278,0.35401143499290766
Test_242,0.400056299041619,0.07700075916890523,0.2808186421268104,0.24212429966266552
Test_243,0.6715347721434856,0.037805415957396435,0.15188410619635248,0.13877570570276537
Test_244,0.2057348035706566,0.08931034854105173,0.39407232995587843,0.31088251793241334
Test_245,0.017810111472522382,0.045488284655932416,0.9154498755336754,0.021251728337869986
Test_246,0.40164388968451825,0.06353726366540999,0.06279160611015477,0.47202724053991696
Test_247,0.0686366452968968,0.03526906887515543,0.07471476102955117,0.8213795247983966
Test_248,0.6130280141649008,0.034213936911829564,0.1392532755944926,0.2135047733287768
Test_249,0.3197565058258926,0.024708858326926344,0.07802418567210109,0.5775104501750803
Test_250,0.05940364476793987,0.06655942989230745,0.8242530077776725,0.04978391756207994
Test_251,0.5430069452231379,0.040986864699161095,0.11650567088955707,0.2995005191881444
Test_252,0.029235102167981013,0.03490598411850275,0.7728537225850258,0.16300519112849038
Test_253,0.11839538788868083,0.04120249057766006,0.038506419069864545,0.8018957024637943
Test_254,0.26709213748668675,0.03713881329889951,0.20368100046382898,0.4920880487505845
Test_255,0.2820072419463438,0.07185005923870921,0.2401640201362222,0.4059786786787248
Test_256,0.038173353517532975,0.12544957986806748,0.18784602110027726,0.6485310455141224
Test_257,0.013118455651533429,0.07109744700696242,0.8239493844010096,0.09183471294049488
Test_258,0.22329112178686208,0.06464969331617722,0.5337782750814828,0.1782809098154781
Test_259,0.11419963774495506,0.05872259227116538,0.5650848853583754,0.26199288462550396
Test_260,0.3340972109200773,0.010138384265333478,0.3211295100172658,0.33463489479732295
Test_261,0.6347227812294725,0.042991030675015314,0.19538635870603166,0.12689982938948094
Test_262,0.41530973943929034,0.043185030292334926,0.22030720022994005,0.32119803003843483
Test_263,0.6183620382466348,0.04666337884673394,0.026370395683693967,0.3086041872229372
Test_264,0.22935985080367033,0.06171598983802533,0.6134623197307946,0.09546183962750947
Test_265,0.1171540574268277,0.10822529388649266,0.6183049856336437,0.15631566305303604
Test_266,0.16951630618369776,0.03556252859388788,0.11091413790612409,0.6840070273162904
Test_267,0.4170802723913203,0.05632593130000568,0.19589974684515232,0.3306940494635219
Test_268,0.008511307528993681,0.058623691439682754,0.7447500550651445,0.18811494596617917
Test_269,0.4827722058265316,0.037970942820256655,0.32578965329396375,0.15346719805924802
Test_270,0.20386378276218486,0.019617749641824157,0.02390232577632028,0.7526161418196706
Test_271,0.5233843575431966,0.03904276354652719,0.1537381136240725,0.2838347652862036
Test_272,0.008844817847662388,0.07627902215889854,0.8534448041815417,0.06143135581189719
Test_273,0.422019326008709,0.029479964257637385,0.06879454176705792,0.4797061679665957
Test_274,0.28251518857720154,0.07816614205276369,0.45561326620522064,0.18370540316481404
Test_275,0.03270117621025089,0.1272004785977675,0.55759615510164,0.28250219009034194
Test_276,0.0073348834494052625,0.08136192959419052,0.6477779955819161,0.26352519137448815
Test_277,0.5310118124194578,0.09982205976240925,0.06686543026926667,0.30230069754886635
Test_278,0.1812448742439113,0.05550474226112266,0.09766266349435714,0.6655877200006093
Test_279,0.28586521004199944,0.05152681099974971,0.48095851033086856,0.18164946862738263
Test_280,0.6030568347425777,0.02963281088504914,0.15414845885488615,0.21316189551748702
Test_281,0.6626970102752052,0.02969966628411548,0.2560296957999759,0.05157362764070331
Test_282,0.040921202240568805,0.16306424422274923,0.2013659428160459,0.5946486107206361
Test_283,0.06504748919293431,0.08679749270665196,0.7482860146290893,0.09986900347132449
Test_284,0.012254751586180874,0.11029638622803205,0.6651327427056809,0.21231611948010629
Test_285,0.3139939357340818,0.026565022208456517,0.10840537712642904,0.5510356649310328
Test_286,0.529062234179432,0.007571238104939197,0.2965459708102627,0.16682055690536635
Test_287,0.5829280945789098,0.042078896886741414,0.3253510111455886,0.04964199738876031
Test_288,0.13893943193635616,0.047458988175348306,0.11075137589658773,0.7028502039917081
Test_289,0.17730764653213138,0.031039034385676324,0.07617251820570023,0.7154808008764919
Test_290,0.2882973453029945,0.04759667525980168,0.10931384020110518,0.5547921392360987
Test_291,0.0285021330662859,0.045586826445899085,0.9059394332773991,0.019971607210415954
Test_292,0.3894349267116746,0.06787001210914265,0.3230821677608144,0.21961289341836843
Test_293,0.05624160357985921,0.06087987394089942,0.8669738530388135,0.015904669440427666
Test_294,0.10393093963970032,0.050391675333906844,0.7475384009344422,0.09813898409195031
Test_295,0.19588285757014312,0.019420942336386273,0.6482846411945009,0.1364115588989697
Test_296,0.4556502714361193,0.005661242784416674,0.3431680963406604,0.19552038943880365
Test_297,0.09495443786458024,0.24616660229755688,0.08295796607128922,0.5759209937665738
Test_298,0.06554087362527118,0.14731440334254248,0.3528292766862606,0.43431544634592595
Test_299,0.0011460629088985935,0.0028323127773044786,0.02636532934663496,0.969656294967162
Test_300,0.7108398262956153,0.027161024606221496,0.16136533553747653,0.10063381356068678
Test_301,0.5077357590854308,0.02798430786930003,0.09137148195783835,0.37290845108743026
Test_302,0.04804661661006842,0.06753463344392631,0.1510367347975931,0.733382015148412
Test_303,0.6303113518486849,0.03669753603339639,0.12089285600101317,0.2120982561169056
Test_304,0.5844648687135546,0.048509302190839494,0.13315539245392202,0.23387043664168383
Test_305,0.4998909648635274,0.047152587358726655,0.2862788589723133,0.16667758880543268
Test_306,0.32552481954346496,0.009961229191340073,0.5528811207217746,0.11163283054342013
Test_307,0.7005166789686029,0.01148809541293283,0.16538295064008635,0.12261227497837787
Test_308,0.30913410833969696,0.11728279972610307,0.163031909981899,0.4105511819523006
Test_309,0.21252160847534513,0.051401406859216854,0.7020407733170563,0.03403621134838131
Test_310,0.027289609817406187,0.09018712913495251,0.8503564739647379,0.03216678708290337
Test_311,0.09701127045320017,0.07473661409526018,0.7476307196002975,0.08062139585124192
Test_312,0.14302693474270983,0.0421834117474875,0.0471073664558962,0.7676822870539065
Test_313,0.26857572204107855,0.06153016283015911,0.18445170791156504,0.48544240721719717
Test_314,0.14574231740173657,0.01567723252005957,0.685637033761774,0.1529434163164304
Test_315,0.3045987250312543,0.056537614957387954,0.07736822048932389,0.561495439522034
Test_316,0.4498013475089754,0.06278871424844894,0.33702024011426013,0.15038969812831554
Test_317,0.03696371309751648,0.0906090972302038,0.7978051444992652,0.07462204517301443
Test_318,0.24225679186470434,0.04620879875963757,0.05371653674824407,0.6578178726274141
Test_319,0.08298360282775342,0.07358655380554745,0.7861527729019524,0.05727707046474656
Test_320,0.012306340119462958,0.06886787927024218,0.8436258891613552,0.07519989144893992
Test_321,0.3338658803244755,0.05379394677944323,0.21486092994632394,0.3974792429497572
Test_322,0.26750657453806553,0.05356476583317844,0.174163438046176,0.5047652215825802
Test_323,0.1643110394189799,0.05628108103946267,0.5908415920450147,0.18856628749654272
Test_324,0.2870788416679485,0.06970458368776723,0.4110803007554403,0.23213627388884372
Test_325,0.2559388730291847,0.0778152030170596,0.23579033195853644,0.4304555919952193
Test_326,0.034722966480311465,0.12292737881097612,0.7942987682911631,0.04805088641754955
Test_327,0.2176402322067242,0.04913085669812978,0.15332660734199105,0.5799023037531549
Test_328,0.09720731939559418,0.05765911260768389,0.7338515392523324,0.11128202874438937
Test_329,0.09092397286192246,0.04823549740922745,0.8319519831489846,0.028888546579865598
Test_330,0.10900819925875355,0.05900275321318775,0.415444227952975,0.4165448195750838
Test_331,0.4316657266935502,0.03710012583355304,0.15395355016006665,0.37728059731283
Test_332,0.508792709030292,0.05782907331578798,0.3112207011374251,0.1221575165164951
Test_333,0.10723290470130566,0.03769407523036998,0.7703744397144306,0.08469858035389392
Test_334,0.0035021452492187887,0.009149788787645833,0.9788835980716146,0.008464467891520349
Test_335,0.5319157046255925,0.022421021552273473,0.095515564897187,0.3501477089249471
Test_336,0.3442840394155909,0.06338328487858533,0.3188718097692433,0.27346086593658064
Test_337,0.3740299108164534,0.04171647029814257,0.12230967305835742,0.4619439458270464
Test_338,0.3878738885013525,0.0075095087780584525,0.04060344742210538,0.5640131552984835
Test_339,0.020174335462704175,0.10756827197096619,0.7932670521033417,0.07899034046298813
Test_340,0.17437000013938328,0.056561282190231356,0.3690201743770226,0.4000485432933625
Test_341,0.3932520607274607,0.034095274000775944,0.09240660892143848,0.48024605635032497
Test_342,0.7529114988254614,0.05007187734873225,0.09441555813542345,0.10260106569038308
Test_343,0.21771629448841848,0.05207297515314365,0.06306145664697513,0.6671492737114627
Test_344,0.004848267915912213,0.07800015028791353,0.9066910034856328,0.01046057831054177
Test_345,0.07270837054676095,0.09663383642840724,0.6029178422090091,0.22773995081582246
Test_346,0.027515716288166552,0.09185766259817228,0.7369824808296374,0.1436441402840237
Test_347,0.43048322365465724,0.02404927797239979,0.10198446856105801,0.4434830298118851
Test_348,0.35962023355619455,0.013351936939198675,0.07962395410581236,0.5474038753987944
Test_349,0.4092775502401171,0.037340988745462524,0.053536060514475,0.49984540049994547
Test_350,0.0484386728966212,0.022614543055330574,0.02916217496638566,0.8997846090816626
Test_351,0.0075240301272950635,0.06951197655165102,0.8834333609812169,0.039530632339836974
Test_352,0.28917133242789206,0.053194698262162485,0.06068614408107709,0.5969478252288685
Test_353,0.30128675937586213,0.06118363571677032,0.26677391895982605,0.37075568594754144
Test_354,0.3630438079098797,0.016773194111451385,0.23802064619471175,0.3821623517839571
Test_355,0.3447520597644096,0.03145061185550905,0.13051808198912818,0.49327924639095333
Test_356,0.41055204234421705,0.0690589877208176,0.2176002639879599,0.30278870594700535
Test_357,0.3973922419888662,0.05481409815673714,0.301101281371035,0.24669237848336187
Test_358,0.4925826314568229,0.02804858273449654,0.26804163520051955,0.21132715060816107
Test_359,0.21560730461678332,0.04422818700497858,0.15747902401872188,0.5826854843595163
Test_360,0.13136871306778866,0.018206675083604622,0.787234878574611,0.06318973327399542
Test_361,0.6128532373316196,0.05588057179812006,0.245636719708027,0.08562947116223366
Test_362,0.004009761755386963,0.04570614917399381,0.765939378994167,0.18434471007645215
Test_363,0.04761907634747352,0.02966799505382911,0.6738619871183003,0.2488509414803973
Test_364,0.014810603150132924,0.06644522840841194,0.8357299516070797,0.08301421683437524
Test_365,0.3786880140307865,0.07942563590291168,0.4208422538467139,0.12104409621958793
Test_366,0.010201365152254862,0.08945119699476295,0.7616013559459333,0.13874608190704885
Test_367,0.3133906564388498,0.02404393181413342,0.2699850277764745,0.39258038397054257
Test_368,0.4459775464091298,0.0015964783047016417,0.014667239388711987,0.5377587358974566
Test_369,0.12821083273424025,0.057136904957928815,0.11579642833403714,0.6988558339737937
Test_370,0.006105413153940885,0.004649912480472587,0.983351380931608,0.005893293433978355
Test_371,0.1952399385746334,0.058222321293477174,0.6599249433339316,0.08661279679795769
Test_372,0.22402190193725602,0.07344495304993892,0.22072228337210673,0.4818108616406982
Test_373,0.0184976455333054,0.10202577062465958,0.6583403270597907,0.2211362567822441
Test_374,0.14304388001386942,0.07176700311265458,0.6694847577514718,0.11570435912200387
Test_375,0.5226372701492153,0.05464628596346045,0.12053261800042797,0.30218382588689646
Test_376,0.48121985659639405,0.0586905890158126,0.18221894144594095,0.27787061294185234
Test_377,0.5124544481577193,0.057622186680185344,0.20724232515634292,0.2226810400057523
Test_378,0.42014783471820455,0.03237241179821984,0.5179663165718853,0.029513436911690265
Test_379,0.27202387696083163,0.0853989496989091,0.4822112187315686,0.1603659546086908
Test_380,0.18316755136934718,0.0831373039003692,0.4850998844856743,0.2485952602446093
Test_381,0.5349347102574111,0.05505176594060654,0.07707873157586988,0.3329347922261124
Test_382,0.5615831259779285,0.032296720974079624,0.18189816401517164,0.22422198903282042
Test_383,0.5822706958447074,0.03631635009751852,0.044304247979324786,0.33710870607844906
Test_384,0.49350758468365735,0.004965330804905277,0.383995173780517,0.11753191073092024
Test_385,0.15469716405948378,0.06216443322329984,0.18850914376797986,0.5946292589492366
Test_386,0.02304684614587263,0.09372833666729512,0.8120917357368953,0.0711330814499371
Test_387,0.3106947134338918,0.04884480150737613,0.13457869304263612,0.5058817920160961
Test_388,0.24250252790298363,0.04354954863814449,0.03286314658256913,0.681084776876303
Test_389,0.22834097586619678,0.136043044660314,0.4850344800296282,0.15058149944386107
Test_390,0.29670444279506186,0.03761569565466046,0.20799183261333976,0.45768802893693766
Test_391,0.023205039033144075,0.1153629730337398,0.7687287670246428,0.09270322090847295
Test_392,0.09196685640193873,0.07529740203790965,0.720803297818216,0.11193244374193581
Test_393,0.1994547868129919,0.07612178317513216,0.10070841525806322,0.623715014753813
Test_394,0.7353809011202943,0.028019438570941094,0.06391472982812622,0.17268493048063827
Test_395,0.019088707578587112,0.06947296455787519,0.8131731542559358,0.09826517360760194
Test_396,0.05921439446491265,0.0010461159489286314,0.9000040256444242,0.039735463941734536
Test_397,0.10170556527934695,0.03221610737800717,0.04089885078408553,0.8251794765585603
Test_398,0.006488348290543454,0.07411606095528532,0.8064520529704476,0.11294353778372357
Test_399,0.3274472573630697,0.018241967941038564,0.09439621821610931,0.5599145564797824
Test_400,0.002551499803713228,0.07831100747669566,0.8484176862546585,0.07071980646493263
Test_401,0.062254919810990454,0.08634460406409934,0.6656285434829243,0.18577193264198613
Test_402,0.24282267117260323,0.04342595390106814,0.1337116590636967,0.5800397158626319
Test_403,0.046617616164570164,0.057272757839602347,0.8570994045391691,0.03901022145665885
Test_404,0.3106507150218904,0.057734645320947915,0.2429039355055539,0.38871070415160774
Test_405,0.045326389061369717,0.012033147332589714,0.01988579949365061,0.9227546641123902
Test_406,0.08759091091731304,0.05319489375995609,0.10476519815353821,0.7544489971691926
Test_407,0.0957933078446724,0.028126793587163895,0.03296353498049548,0.8431163635876683
Test_408,0.16159303005061706,0.02594463424170654,0.09655987540390937,0.7159024603037676
Test_409,0.009674721406559863,0.07973348081479736,0.8617041913024678,0.04888760647617475
Test_410,0.16453580373607787,0.04609025074950494,0.09536635966861581,0.6940075858458012
Test_411,0.658018695055918,0.13177542201058162,0.07718286348002253,0.133023019453478
Test_412,0.0625937104039064,0.12273296971825838,0.5830091210210286,0.23166419885680672
Test_413,0.4920074726472583,0.04078616018518478,0.2580600219616691,0.2091463452058876
Test_414,0.3426533094958406,0.13971096581000103,0.27734303542504657,0.2402926892691117
Test_415,0.03193467807107879,0.07064284052212841,0.8115657671185499,0.08585671428824286
Test_416,0.22834577181519877,0.04956334784103422,0.1646053845531752,0.5574854957905917
Test_417,0.0860278495857075,0.034003669665272136,0.8691476972974347,0.010820783451585736
Test_418,0.5159803571332061,0.059194060039114274,0.24019162329998106,0.1846339595276984
Test_419,0.4829895955632907,0.055382615688297304,0.2666939643501995,0.1949338243982121
Test_420,0.005267934246117307,0.10636885213390997,0.8588334365338496,0.029529777086123137
Test_421,0.14148284073530643,0.05339436545121513,0.11967408464438609,0.6854487091690918
Test_422,0.18112793543560374,0.01758724477360468,0.15934272790262763,0.6419420918881643
Test_423,0.05000240817694621,0.27373327808114906,0.39450064242405314,0.2817636713178513
Test_424,0.16698752752882828,0.05938796953350284,0.6680970188587619,0.10552748407890726
Test_425,0.2066958527998787,0.05025648785187465,0.2587317856181313,0.4843158737301152
Test_426,0.3394681661880111,0.03730505184109837,0.5051828567494527,0.11804392522143768
Test_427,0.0755013999122007,0.0397736446942187,0.07858140887986939,0.806143546513711
Test_428,0.1556326022259296,0.0397690053984973,0.04057846097169043,0.7640199314038825
Test_429,0.36575816349140255,0.03400170953540346,0.4333099232820721,0.16693020369112163
Test_430,0.013835245788103467,0.08579156186571589,0.8150742934177135,0.08529889892846719
Test_431,0.48330586897561306,0.009602968030184109,0.15038594551547496,0.3567052174787275
Test_432,0.363169193019081,0.08951890395969224,0.12825809058733534,0.4190538124338912
Test_433,0.058950978993032345,0.019038956134522028,0.02107883613810458,0.9009312287343411
Test_434,0.10859834921338911,0.030259666708861856,0.513394755326737,0.34774722875101227
Test_435,0.48898671648404807,0.01569154842219291,0.11238097441065646,0.38294076068310257
Test_436,0.45944087693942826,0.1576145265185809,0.16542035790492118,0.21752423863707004
Test_437,0.03130720353496879,0.02079763448324599,0.7014472661759092,0.24644789580587606
Test_438,0.019686559695656934,0.09725354277242135,0.8163977806301732,0.06666211690174824
Test_439,0.15038656561289723,0.10939320591950116,0.7147939360142372,0.02542629245336414
Test_440,0.015558449237119052,0.06338665312632293,0.886880369925578,0.034174527710979834
Test_441,0.23714169669871096,0.069646959084062,0.22966558008071558,0.46354576413651144
Test_442,0.29154098035626586,0.03199769659502304,0.14313587380263182,0.5333254492460793
Test_443,0.13054367828357222,0.06247491972347318,0.13928442211739153,0.6676969798755629
Test_444,0.37513710022322105,0.035890332818329436,0.21901231920919906,0.3699602477492506
Test_445,0.006278197877257197,0.0830345775652192,0.8825029952924801,0.028184229265043763
Test_446,0.3262441064921205,0.06895921239962013,0.16511115544723787,0.4396855256610213
Test_447,0.47261894141045735,0.08252874716704368,0.36464684427194594,0.08020546715055298
Test_448,0.06348178332722491,0.16220731403757782,0.5991655248349954,0.17514537780020173
Test_449,0.5885810945803307,0.07273313528509417,0.1609494742759984,0.1777362958585766
Test_450,0.30203749750226616,0.0019986514395571933,0.07577166572971844,0.6201921853284584
Test_451,0.012077910075269389,0.08499635974014254,0.8035554377771229,0.0993702924074653
Test_452,0.23571237902091122,0.03775182412634862,0.16271822226027313,0.5638175745924673
Test_453,0.10983339159060393,0.04109170154609289,0.16296720683497934,0.6861077000283241
Test_454,0.08717971375628956,0.12551733988856126,0.496345470771602,0.2909574755835474
