image_id,healthy,multiple_diseases,rust,scab
Test_0,0.002060901839164409,0.044530183088849006,0.9489475241827315,0.004461390889254913
Test_1,0.12897790894200625,0.02240265883964099,0.7509833560909315,0.09763607612742156
Test_2,0.5594108563332159,0.030206554350904087,0.2218434705353626,0.1885391187805175
Test_3,0.542628952095126,0.0900797804121674,0.13863954271570417,0.22865172477700238
Test_4,0.0028063587764096823,0.09606941001405768,0.8950681169497364,0.0060561142597959795
Test_5,0.4921366511301336,0.03544974898805466,0.3092373186176269,0.16317628126418493
Test_6,0.5652884458431677,0.02859747238325346,0.052538234431711676,0.35357584734186687
Test_7,0.02601188162569514,0.12538065244691052,0.07945545643482005,0.7691520094925743
Test_8,0.25976477195139946,0.17921639316562757,0.038926352072861534,0.5220924828101113
Test_9,0.35928781290404493,0.09684228253623182,0.45370393593819014,0.09016596862153337
Test_10,0.006299562096931837,0.029398602654662345,0.9480352499080447,0.01626658534036086
Test_11,0.3394297195528472,0.03255063287342541,0.48314003866950134,0.1448796089042258
Test_12,0.3525350786885942,0.07136119535198401,0.03926068224619678,0.5368430437132246
Test_13,0.5209728214643032,0.04865868762987987,0.3779319753134352,0.05243651559238174
Test_14,0.0014477267208601265,0.006953171658383635,0.9906637046501823,0.0009353969705741479
Test_15,0.1797209648297727,0.051001233063269785,0.73728361384747,0.03199418825948774
Test_16,0.6331836038390456,0.06385968776276944,0.0640046527398988,0.23895205565828606
Test_17,0.019782294075726375,0.1404683068709564,0.2848661946768459,0.5548832043764717
Test_18,0.559628470686664,0.0539156166941498,0.07595984948161529,0.3104960631375712
Test_19,0.012626425235327764,0.04906574297870684,0.9086336772386481,0.02967415454731732
Test_20,0.15119059193044768,0.02802544378504448,0.6287543509584722,0.19202961332603546
Test_21,0.48396641439595545,0.03639196636533067,0.2806658322071622,0.19897578703155186
Test_22,0.07659768728574638,0.17478976748060837,0.4388943135945015,0.3097182316391439
Test_23,0.008599375605022837,0.011308007138482817,0.0064628635381375164,0.9736297537183569
Test_24,0.6278109344773593,0.024214288286067583,0.06539311021970587,0.2825816670168673
Test_25,0.5060508017106714,0.03413549724857952,0.27438553455863157,0.18542816648211713
Test_26,0.1332027166961416,0.05467793873686014,0.3727111458965394,0.4394081986704588
Test_27,0.030346573049401637,0.11546130338720724,0.7863049256593646,0.0678871979040265
Test_28,0.7065283565688044,0.05879300621616861,0.1093466330522521,0.12533200416277535
Test_29,0.5787337828651489,0.11466904211820099,0.22888851419347828,0.07770866082317222
Test_30,0.5342529512288919,0.018273408636051033,0.03583731702583216,0.4116363231092251
Test_31,0.00276321117167207,0.10632513304018172,0.8721205374455896,0.018791118342556805
Test_32,0.3271544439356789,0.07987105480640691,0.030209955011219373,0.5627645462466947
Test_33,0.023925912256548616,0.007647382125266592,0.0028370479836911057,0.9655896576344936
Test_34,0.46787814705794606,0.03204098820776645,0.2573680227248228,0.24271284200946452
Test_35,0.47418622934195676,0.052112662234866325,0.25700909769010366,0.21669201073307337
Test_36,0.01612492547388865,0.0853973007958356,0.8619056727565797,0.036572100973696064
Test_37,0.6081307512719318,0.026459221105000732,0.11164224646146423,0.25376778116160326
Test_38,0.02266616639261839,0.008579539924498256,0.009283645885248142,0.959470647797635
Test_39,0.03065711305440263,0.0569655666427661,0.5857469334647,0.3266303868381311
Test_40,0.5112763588880612,0.035609061570148516,0.2723096450370308,0.18080493450475946
Test_41,0.019369662106332116,0.10032415580848025,0.8251644749389564,0.0551417071462312
Test_42,0.012683364314362348,0.034247260242392975,0.016930358940100056,0.9361390165031446
Test_43,0.053076651103332255,0.04920528137759987,0.883525290727276,0.014192776791792113
Test_44,0.5362642429258682,0.08902312184512436,0.040741730254606756,0.33397090497440063
Test_45,0.5713028987388638,0.0644651109060652,0.2244236690277549,0.13980832132731624
Test_46,0.2585235853683887,0.01516818028949335,0.00984667823456833,0.7164615561075496
Test_47,0.02191365783082652,0.09436257166774412,0.794791831330929,0.08893193917050028
Test_48,0.001906785621424334,0.026987811081346364,0.9618708656670155,0.009234537630213901
Test_49,0.010053146985899174,0.048226421818462935,0.8996713357858507,0.04204909540978749
Test_50,0.004910130431006178,0.04243619234133335,0.94554707581355,0.00710660141411073
Test_51,0.028846271430446158,0.07370887697422775,0.865710087584312,0.03173476401101413
Test_52,0.15344475228453155,0.14917334191684786,0.3460695071208472,0.3513123986777735
Test_53,0.01255170798643228,0.04090376742744857,0.927457674776721,0.0190868498093983
Test_54,0.005513848182527659,0.10399933785834063,0.8800855651210527,0.010401248838078815
Test_55,0.3080888478053245,0.07871518077334287,0.14806890584626295,0.4651270655750698
Test_56,0.019339390913246983,0.04535626277123967,0.26719040991634324,0.6681139363991699
Test_57,0.6660443977515691,0.02725915944019764,0.12262964626483779,0.18406679654339514
Test_58,0.05094383517349256,0.021298425012179076,0.018262528049761226,0.9094952117645668
Test_59,0.4759580598866313,0.038082476857685496,0.325002478874973,0.16095698438071
Test_60,0.006078986640282811,0.11440526074444217,0.23076462715239623,0.6487511254628786
Test_61,0.9028187923987518,0.013129803851027034,0.04966319256864135,0.03438821118157954
Test_62,0.18517071614311126,0.017316530550861412,0.5625607067373686,0.23495204656865865
Test_63,0.31716124758228537,0.13703397477034923,0.3307551025637796,0.21504967508358597
Test_64,0.47161998948787315,0.06328731260565086,0.23064869479115288,0.23444400311532318
Test_65,0.040232086317290985,0.06114190341408379,0.7812779339150004,0.11734807635362479
Test_66,0.6075080764597987,0.024837912823046905,0.3445987278227611,0.023055282894393604
Test_67,0.01146671940667463,0.1567903989152016,0.7652049511551547,0.06653793052296916
Test_68,0.20855939132789011,0.06049623668167666,0.02842412394398919,0.7025202480464441
Test_69,0.006098762071365312,0.029151383530258087,0.957595861785735,0.007153992612641657
Test_70,0.028752297899108943,0.05738400620987939,0.3059309221568434,0.6079327737341682
Test_71,0.02084944785615558,0.030382836271798372,0.9377922906205038,0.010975425251542383
Test_72,0.06015492550955526,0.09162973669455064,0.27199152180288827,0.576223815993006
Test_73,0.7867473897876764,0.017746001276666472,0.08102792230455391,0.1144786866311031
Test_74,0.3766910141177891,0.07092365469223434,0.40546771701011364,0.14691761417986285
Test_75,0.4790227888263757,0.03566675418665386,0.3142481860794884,0.17106227090748186
Test_76,0.029069773821442563,0.153751656500702,0.08420945589094732,0.7329691137869083
Test_77,0.0896143054366161,0.06448531754423349,0.7571844029044261,0.08871597411472425
Test_78,0.03220549396320688,0.17337044347120098,0.0753158135824182,0.719108248983174
Test_79,0.49309714393462223,0.10399418726959804,0.20518865251423063,0.1977200162815492
Test_80,0.0859977699829079,0.10565138335594644,0.4296125355792616,0.3787383110818841
Test_81,0.0029771503804693253,0.07279396495826806,0.9105231993386927,0.013705685322569822
Test_82,0.46062977811085737,0.038563994084787556,0.33867026024829516,0.1621359675560597
Test_83,0.2268608644341646,0.18551464894299116,0.16552099187675673,0.42210349474608705
Test_84,0.49067776446998784,0.03895593539552258,0.30337890519521166,0.16698739493927786
Test_85,0.41718175564211035,0.030901097267738292,0.40500481920640446,0.1469123278837469
Test_86,0.02227088415544778,0.09100138004937508,0.8269540467804914,0.05977368901468544
Test_87,0.5318286938390206,0.03133422553679324,0.11008992443932204,0.32674715618486405
Test_88,0.10662681935980241,0.08043771397313998,0.018621642086767816,0.7943138245802901
Test_89,0.18278659754737484,0.045939509417035125,0.5625003972849514,0.20877349575063842
Test_90,0.012594626113245359,0.039821054794338326,0.9385135450458815,0.009070774046534575
Test_91,0.7931843458506068,0.029643854943725567,0.02003572422895793,0.15713607497670956
Test_92,0.24505153874341196,0.04570810240852763,0.04213608508529858,0.667104273762762
Test_93,0.051763352539758826,0.20258034419300375,0.6649555814522844,0.08070072181495332
Test_94,0.0757726150025917,0.01866208085676554,0.011961303799700953,0.8936040003409415
Test_95,0.3367258555937674,0.06428009279327232,0.42763128277207435,0.1713627688408858
Test_96,0.36006597290457226,0.021961382641964247,0.06703625224526231,0.5509363922082015
Test_97,0.8533993257709649,0.02381566389823746,0.06283842958136096,0.05994658074943654
Test_98,0.24244009746010284,0.20273102706820806,0.2475461241384364,0.3072827513332526
Test_99,0.20663774828783962,0.056413761947508224,0.62263515325981,0.11431333650484207
Test_100,0.015814633241704477,0.051977260068898495,0.008209468803288602,0.9239986378861085
Test_101,0.5674978471930763,0.05778637282795253,0.09371156562850112,0.28100421435047035
Test_102,0.05092599619222312,0.036060116843243,0.015356619616051666,0.8976572673484825
Test_103,0.3456559517305573,0.03990181524655674,0.30670435812809455,0.3077378748947915
Test_104,0.5872889075926281,0.043581004566620896,0.030061921632371036,0.33906816620838026
Test_105,0.21351532858709005,0.028851029535205203,0.2829205891995962,0.4747130526781085
Test_106,0.5276196511412928,0.0409321648772468,0.3754534765657524,0.05599470741570826
Test_107,0.009027101396149975,0.15100286148131514,0.7863359681114512,0.05363406901108367
Test_108,0.35521919993169726,0.04597975207619442,0.030425664672832208,0.5683753833192761
Test_109,0.3681367593648773,0.11586666575499899,0.31408046523996624,0.20191610964015744
Test_110,0.6387574006046958,0.03569564785072855,0.0906063826217846,0.2349405689227907
Test_111,0.49354533702083186,0.03814986165516174,0.3082689593849875,0.1600358419390191
Test_112,0.012797031813751929,0.06131832871006405,0.8899092272896315,0.03597541218655237
Test_113,0.5507814017498422,0.0694364645992552,0.22592389990049214,0.15385823375041044
Test_114,0.42176153644031966,0.11586631765449175,0.036608887169885376,0.42576325873530324
Test_115,0.46382408849135803,0.040761109239660774,0.02580863190153958,0.46960617036744157
Test_116,0.058323726624381136,0.14709537433336659,0.6722035985761188,0.12237730046613322
Test_117,0.004179816595565897,0.10922597312489778,0.8714196563285195,0.015174553951016675
Test_118,0.004832922595283249,0.123292573877995,0.8601567288461497,0.011717774680572075
Test_119,0.6628307513489443,0.046362182985849855,0.05118553619062971,0.2396215294745759
Test_120,0.013994086936413965,0.038912167550978635,0.9339162417534331,0.013177503759173988
Test_121,0.13809796431247467,0.10507605371078221,0.4715817944246396,0.28524418755210357
Test_122,0.0370382191114625,0.04438291306667311,0.8716707273330394,0.046908140488824794
Test_123,0.029004427456523818,0.08912148784884953,0.8579045091943416,0.023969575500285244
Test_124,0.9072505387440383,0.02412307462777318,0.01330028511459364,0.055326101513595245
Test_125,0.02613745987450225,0.16181635555322998,0.10704743822771758,0.7049987463445503
Test_126,0.5963171477457355,0.04309155172670004,0.26952414476180575,0.09106715576575873
Test_127,0.05558033350869828,0.03198416552554382,0.007808148666966761,0.904627352298791
Test_128,0.35529352760325095,0.04300543799854467,0.2202711608737881,0.38142987352441615
Test_129,0.006554123851319973,0.11911438177202736,0.8511973613423248,0.023134133034327573
Test_130,0.4411284417616637,0.024267688353149828,0.022974958090385657,0.5116289117948007
Test_131,0.021432214674490878,0.03706755202168799,0.010697272250816374,0.9308029610530049
Test_132,0.519521912594414,0.1329802013638233,0.09244089205855503,0.2550569939832078
Test_133,0.07446439920438178,0.11792329275236173,0.09686576814750969,0.710746539895747
Test_134,0.47753154379159507,0.03633435626145518,0.29317559123588677,0.1929585087110627
Test_135,0.48285693456416157,0.06575609370769403,0.2514619674170228,0.1999250043111214
Test_136,0.2278744184740423,0.040720328005454116,0.21625970888807428,0.515145544632429
Test_137,0.1745873220229706,0.06972706088226388,0.6899524981065973,0.06573311898816858
Test_138,0.009447858155221492,0.045902907302121716,0.9230982595805289,0.021550974962127937
Test_139,0.8813346335349413,0.013810501077223593,0.022800385871681383,0.08205447951615362
Test_140,0.12954656922313534,0.07043979165630287,0.6653135011478692,0.13470013797269267
Test_141,0.5022288958457186,0.035899582446464344,0.2901515267484354,0.17171999495938167
Test_142,0.1121652053622836,0.20800270186244546,0.5423706316183012,0.13746146115696978
Test_143,0.6245005701854712,0.0400759874178174,0.013393245936188848,0.32203019646052256
Test_144,0.3181639883190712,0.14254873619087136,0.36131704728074476,0.17797022820931266
Test_145,0.37076447118721073,0.05885226585552387,0.1612385334126246,0.4091447295446409
Test_146,0.027839008167272663,0.044328770157226485,0.8820490661279452,0.04578315554755549
Test_147,0.004279322261707861,0.048417211365614624,0.9214129318399089,0.02589053453276842
Test_148,0.5083320611192823,0.0765251442577034,0.20454665384145898,0.21059614078155542
Test_149,0.0173667544843303,0.18564183726405212,0.4607847517696709,0.3362066564819464
Test_150,0.33607845795881963,0.030566637170224037,0.2811992000565691,0.3521557048143871
Test_151,0.0029396156144386957,0.058634666437720744,0.9347451671385865,0.003680550809254019
Test_152,0.01883974552323594,0.052195290472083045,0.9094524287511521,0.019512535253528817
Test_153,0.6419138138548816,0.011228619327615676,0.0135526218690082,0.33330494494849455
Test_154,0.17595460248153647,0.06292404678159717,0.723724885013876,0.037396465722990505
Test_155,0.003260228045202566,0.052200204953874854,0.9363720797070816,0.008167487293841038
Test_156,0.06506216161422942,0.020296703251335344,0.01428279814517034,0.9003583369892649
Test_157,0.03670829674976075,0.05246474705830974,0.8876295586355791,0.023197397556350013
Test_158,0.2558915900792588,0.01732969745581735,0.01192903144184024,0.7148496810230832
Test_159,0.2688894976204827,0.021942405011089402,0.3880738143580271,0.32109428301040094
Test_160,0.7399103601147992,0.0250159671974184,0.11716149343269168,0.11791217925509052
Test_161,0.08299313046866638,0.07122269078782037,0.0928381958556302,0.752945982887883
Test_162,0.14128215179265818,0.057176445595279464,0.7346119242500837,0.0669294783619787
Test_163,0.005349297644066493,0.09631568213040821,0.8418017884350611,0.05653323179046416
Test_164,0.6436541250945415,0.042902566222264155,0.09289649917979055,0.22054680950340347
Test_165,0.35330158982786947,0.033667255269721634,0.08508441937778745,0.5279467355246215
Test_166,0.363192976476166,0.010553160582823946,0.01804718777145967,0.6082066751695505
Test_167,0.017630255601403074,0.03731523970602612,0.9293147598970132,0.015739744795557828
Test_168,0.013474647138148598,0.07555508754178046,0.8855961791224353,0.0253740861976358
Test_169,0.09259737662723944,0.02738391324156781,0.8522556419794342,0.027763068151758528
Test_170,0.485018927760653,0.031314692116442465,0.3042546859025801,0.17941169422032463
Test_171,0.005348035632863856,0.06140013333323954,0.8530746029139563,0.08017722811994013
Test_172,0.18286210051684065,0.052029855261877256,0.708104629011272,0.05700341521001011
Test_173,0.010116021427180282,0.039262434561837846,0.9354508428974218,0.015170701113560173
Test_174,0.8948224693932635,0.013988404882846243,0.01955289307747925,0.07163623264641149
Test_175,0.6223957073637688,0.049331768274995046,0.05019487198338134,0.27807765237785487
Test_176,0.6623545395929463,0.0428552044570775,0.14236482735155115,0.15242542859842495
Test_177,0.03685146421714123,0.01491446462784448,0.025442334193030762,0.9227917369619832
Test_178,0.028645555702566435,0.008624612100559224,0.007791685033898413,0.9549381471629761
Test_179,0.019873313977580218,0.12019649098607892,0.8241494262910182,0.035780768745322974
Test_180,0.5315476314686204,0.05681903866486207,0.21892014083143332,0.19271318903508436
Test_181,0.0650635908993424,0.15329407418468732,0.09161217721822025,0.6900301576977501
Test_182,0.008906392266693987,0.08227247317156457,0.8895406025121446,0.019280532049596892
Test_183,0.5497339174156396,0.0528596897720105,0.23710030144429203,0.16030609136805762
Test_184,0.5239382426287573,0.029210195733727268,0.27236318267172727,0.17448837896578828
Test_185,0.39998818813894926,0.09250410323975466,0.21177100246703884,0.29573670615425734
Test_186,0.3334685156209431,0.02995402703907613,0.14302270341250076,0.4935547539274801
Test_187,0.24213847282001466,0.04475044537758171,0.6514172326242984,0.06169384917810555
Test_188,0.5933819274631535,0.02970157843578518,0.11466984374163713,0.26224665035942407
Test_189,0.5044065911195997,0.05257509802513414,0.22879518343265143,0.21422312742261485
Test_190,0.06573602140065828,0.1279737599713977,0.6167152535878462,0.1895749650400981
Test_191,0.016189523097622432,0.02891594532732704,0.5304207960908165,0.4244737354842342
Test_192,0.7073121662519438,0.007269298502465341,0.05352067689900629,0.2318978583465846
Test_193,0.024942462893402354,0.08043334735707505,0.88177861212279,0.012845577626732352
Test_194,0.008288323087784547,0.09359931420002086,0.8537827893678012,0.044329573344393226
Test_195,0.27193029616292824,0.0974187826000939,0.4180739839890206,0.21257693724795712
Test_196,0.5185035464848231,0.037129269040635314,0.28073969884517647,0.16362748562936505
Test_197,0.015476416475780866,0.10351184629564875,0.8582106255639266,0.02280111166464346
Test_198,0.027065395995998977,0.026627155114115574,0.006431942589347757,0.9398755063005378
Test_199,0.07989023026257985,0.09773870704875015,0.744160632301355,0.07821043038731472
Test_200,0.016469952479950867,0.04674556738059205,0.9085887130411926,0.02819576709826466
Test_201,0.3519399091404544,0.025450701601143856,0.009208709555147675,0.6134006797032541
Test_202,0.0016823810483922405,0.030259001822429323,0.9633453823413923,0.0047132347877861
Test_203,0.22882236488118984,0.058512952395175316,0.2855759107476569,0.42708877197597855
Test_204,0.49951148606743034,0.055663277896692356,0.12694909427738854,0.31787614175848883
Test_205,0.022754069751047226,0.023439926884098673,0.008515591202744853,0.9452904121621095
Test_206,0.041411675252161426,0.035867487236126525,0.07163146646456707,0.8510893710471448
Test_207,0.023394808766090045,0.09060964381983803,0.5610077769001732,0.32498777051389827
Test_208,0.38019765336424544,0.13079881284647768,0.18789737348405683,0.3011061603052201
Test_209,0.005337393376461557,0.0842791483329314,0.8643041670109406,0.046079291279666416
Test_210,0.23235600400493736,0.1029104078252357,0.1268843628260953,0.5378492253437314
Test_211,0.006720021267519308,0.12573794927961265,0.8520228400800818,0.015519189372786239
Test_212,0.13793869570142758,0.08307543289748012,0.7638783745498462,0.015107496851246086
Test_213,0.32580423672117304,0.1611493356184545,0.3439104915600303,0.1691359361003424
Test_214,0.03460077622754007,0.04209107122206472,0.6918109314246026,0.23149722112579263
Test_215,0.6441061277727053,0.02505209299769386,0.08824230378773472,0.24259947544186658
Test_216,0.44488460476313707,0.09064275927759997,0.09299688463543912,0.3714757513238238
Test_217,0.007485467679557874,0.08611783158492274,0.8025329102935606,0.10386379044195881
Test_218,0.6283649493587198,0.04841270769223818,0.19634446777442097,0.12687787517462107
Test_219,0.06519917315664248,0.04200442549435299,0.8734060794506212,0.019390321898383356
Test_220,0.03799409162051671,0.028808784911817244,0.031212454705466956,0.9019846687621992
Test_221,0.49796928058861323,0.03721866818616891,0.3022587126276025,0.16255333859761528
Test_222,0.0627946254116372,0.04300056662505072,0.8310716828679541,0.06313312509535798
Test_223,0.005192583181951903,0.07045513134908515,0.8772754445088223,0.047076840960140365
Test_224,0.49369450245886415,0.0370251392050041,0.3008018341563644,0.16847852417976758
Test_225,0.22910335664554893,0.042785100237704925,0.29040485022594353,0.4377066928908026
Test_226,0.03224518615075132,0.22352474931807723,0.6992697415407864,0.04496032299038536
Test_227,0.3179836309958328,0.03229856080474441,0.04253803562617817,0.6071797725732446
Test_228,0.5542381691293229,0.028047101542313067,0.24561981923306506,0.1720949100952987
Test_229,0.006663945357565486,0.06337382623265508,0.9176521307142652,0.012310097695514131
Test_230,0.38601519994907707,0.027350774515322144,0.32622370077779717,0.2604103247578035
Test_231,0.09024296576992448,0.043628540887435716,0.02388620488939061,0.8422422884532492
Test_232,0.40701221777229224,0.02824368054245803,0.5491671369607877,0.01557696472446189
Test_233,0.5744156708055466,0.05801499685040136,0.08168920165318531,0.28588013069086693
Test_234,0.6374262884364603,0.04265772607039549,0.04471371483824727,0.27520227065489683
Test_235,0.019502236370736063,0.08994248686149449,0.1777030165663074,0.7128522602014619
Test_236,0.3458109731427324,0.026578132976828546,0.47844376270967964,0.14916713117075908
Test_237,0.06411094167945182,0.04412431375170232,0.07236040539901119,0.8194043391698347
Test_238,0.4996776239877576,0.03834126955515613,0.2862101142177673,0.175770992239319
Test_239,0.003874361012233763,0.07000606143146858,0.9010161215930518,0.025103455963246032
Test_240,0.0018754354536489662,0.04694860815977963,0.9455377128502348,0.005638243536336565
Test_241,0.17477619685630408,0.09260006105776211,0.2975661803536465,0.4350575617322871
Test_242,0.13885330884085015,0.11909475763863922,0.03974278385875882,0.7023091496617522
Test_243,0.862628097244959,0.0348535372222062,0.036559113693213255,0.06595925183962122
Test_244,0.04220306911783267,0.06989361505902247,0.2779261985255424,0.6099771172976025
Test_245,0.003736842947099284,0.05137294827633562,0.931906844536265,0.012983364240299984
Test_246,0.11408005961673441,0.056722911905548186,0.021751887586168125,0.8074451408915493
Test_247,0.008647993208725292,0.02049388648141949,0.03098942411187007,0.9398686961979852
Test_248,0.6305779013122897,0.036460717637624845,0.050938949287023805,0.28202243176306147
Test_249,0.6025314590712423,0.010594293937426977,0.08390285919810503,0.3029713877932259
Test_250,0.39192388565858655,0.07989783176520923,0.438183067621104,0.08999521495510002
Test_251,0.3139752348955481,0.09798932255181819,0.03633478276257148,0.5517006597900619
Test_252,0.010929221641933738,0.06140093879024654,0.8874256915894457,0.04024414797837399
Test_253,0.013710749039753856,0.040386869706767546,0.006759377296793126,0.9391430039566854
Test_254,0.20023088866568503,0.021313402282214622,0.03763148362567117,0.7408242254264291
Test_255,0.5680180634129857,0.05477769310973681,0.07516756148963054,0.3020366819876469
Test_256,0.03340638477470609,0.05911783039417481,0.03540684342384884,0.8720689414072701
Test_257,0.006522083591020415,0.06662619388586966,0.8929688361133911,0.03388288640971874
Test_258,0.02131623181276165,0.12411846006365855,0.26995069186346793,0.5846146162601118
Test_259,0.08262930905758624,0.09366539386523537,0.7352904034632808,0.08841489361389732
Test_260,0.05585378345184541,0.016279296720838134,0.028986005398094452,0.8988809144292224
Test_261,0.0038238829781408277,0.031235692183439846,0.9595724275071915,0.005367997331227997
Test_262,0.058485723502761294,0.1871163001929315,0.18905097704510102,0.5653469992592067
Test_263,0.5829853736035948,0.033114708746465,0.13884022696292203,0.24505969068701816
Test_264,0.07967119650461714,0.06354982928522958,0.8155998604620089,0.0411791137481444
Test_265,0.0072343912661100625,0.09667448591533655,0.7301827545723119,0.16590836824624183
Test_266,0.02555468817950692,0.011241601134096517,0.00399793595406017,0.9592057747323366
Test_267,0.7412691439365787,0.01705571871357639,0.028028973045646784,0.21364616430419783
Test_268,0.006297893477177781,0.08691408669324782,0.8105666769459481,0.09622134288362627
Test_269,0.13634382714180643,0.01976579061209278,0.08319008560419922,0.7607002966419013
Test_270,0.1775068008082812,0.010534097395691578,0.002195735253468607,0.8097633665425586
Test_271,0.6315990038653242,0.028901411633266642,0.08675273013601459,0.25274685436539474
Test_272,0.004683334203791062,0.07506663824953423,0.9024053214093252,0.01784470613734969
Test_273,0.37731218570768277,0.06453630377039776,0.03655051090264606,0.5216009996192733
Test_274,0.0012841517130670263,0.05595359359532718,0.93581355298479,0.006948701706815942
Test_275,0.026584110950827324,0.22487046487666748,0.6654186372922808,0.0831267868802243
Test_276,0.01899501551638046,0.1623193940410305,0.6062168689533126,0.21246872148927665
Test_277,0.773302919349646,0.03578477986646791,0.0490498913547326,0.14186240942915349
Test_278,0.14910864432584264,0.035825434280388695,0.08638809805693358,0.7286778233368347
Test_279,0.00958121111092746,0.024816633644523852,0.9442559877827773,0.02134616746177082
Test_280,0.4211187980641486,0.024574376465760335,0.2133383650837649,0.3409684603863261
Test_281,0.5754447649276976,0.022889449391753944,0.15177221755026798,0.24989356813028063
Test_282,0.04360069394641583,0.11997689789787998,0.06868593585372028,0.7677364723019838
Test_283,0.0011250418209491784,0.03350343718082963,0.9509401984268848,0.014431322571336303
Test_284,0.009014400887072088,0.20311214536592867,0.6313104690328633,0.15656298471413604
Test_285,0.49375913087512424,0.03613253113591035,0.2897664228226807,0.18034191516628495
Test_286,0.1397619708727022,0.02279748234058634,0.5396784282881424,0.297762118498569
Test_287,0.8857708859826869,0.013748866123422297,0.0886244341348015,0.011855813759089357
Test_288,0.03211519788906711,0.052592027746070455,0.09176540687888692,0.8235273674859754
Test_289,0.02685662962201026,0.01010425355625911,0.010627153579929279,0.9524119632418011
Test_290,0.2601261717595794,0.08609693488603283,0.28332530810811074,0.3704515852462771
Test_291,0.025288499244617672,0.04505901163592826,0.918049760251712,0.011602728867741994
Test_292,0.5816443712020729,0.07276397580090448,0.15577788287170763,0.18981377012531497
Test_293,0.002196386909759269,0.026780817222666908,0.9686027608312606,0.0024200350363134736
Test_294,0.014031117972975706,0.04595430858861451,0.9271832939472607,0.012831279491149428
Test_295,0.17442326405934686,0.06576912289278981,0.5914806349513353,0.16832697809652838
Test_296,0.18916390565619515,0.019890794353373566,0.663343145878811,0.12760215411162007
Test_297,0.020774245605578084,0.2493337938331888,0.20999673963453086,0.5198952209267025
Test_298,0.03737047094728342,0.18382625582867332,0.648319460952163,0.13048381227188016
Test_299,0.002335500085755506,0.0827012633057908,0.87709712542859,0.03786611117986372
Test_300,0.6216020748313744,0.05178918938820319,0.23798776632409469,0.08862096945632754
Test_301,0.7146507189258077,0.0051049124672590965,0.02497098027725974,0.2552733883296734
Test_302,0.034137056041219874,0.03901046913882437,0.5981939309234396,0.328658543896516
Test_303,0.38195398377128226,0.04870002181382105,0.1658642594259754,0.40348173498892137
Test_304,0.7090349132409597,0.04887312727874267,0.06024487745486753,0.18184708202542985
Test_305,0.46589540852694694,0.06124786130002475,0.38369445134829716,0.08916227882473092
Test_306,0.05094830978823095,0.020125309946933973,0.7926965233788504,0.1362298568859848
Test_307,0.5494209057936462,0.026817344385984578,0.1876638992726115,0.2360978505477576
Test_308,0.16934802710087601,0.21692612252160598,0.08221831980187139,0.5315075305756464
Test_309,0.006543932142551015,0.13021006121778483,0.8021862828201287,0.061059723819535366
Test_310,0.005510095564054697,0.13892207851649968,0.7986282293604251,0.05693959655902066
Test_311,0.006776697178708309,0.19216806321323546,0.7492362035616177,0.051819036046438824
Test_312,0.04522469987939835,0.01844296211794033,0.07519313848630359,0.8611391995163578
Test_313,0.08448342712943588,0.028297936620847657,0.04423753917712406,0.8429810970725922
Test_314,0.12276466973080759,0.03298394380447759,0.6926073884231618,0.1516439980415531
Test_315,0.045631256659630075,0.007849682126070638,0.005315986469062504,0.9412030747452365
Test_316,0.4721779826798664,0.020740819915336797,0.3973728695778088,0.10970832782698803
Test_317,0.013218939539328565,0.1169783402871258,0.8511005880764215,0.0187021320971241
Test_318,0.1142474201873359,0.06040837330846568,0.011991352208109748,0.8133528542960887
Test_319,0.002959374418510216,0.03837666619199761,0.9492802863872667,0.009383673002225399
Test_320,0.017737113104511495,0.07868292113719554,0.8843502249556341,0.019229740802658758
Test_321,0.6025875679910107,0.020234495004225535,0.2941031688221726,0.08307476818259131
Test_322,0.1492716469691565,0.02267441262053384,0.12968166651422056,0.6983722738960891
Test_323,0.5301971101950821,0.024127720194944757,0.12773540349372317,0.31793976611624997
Test_324,0.014340912070209502,0.08023359979822985,0.8673073087196129,0.038118179411947756
Test_325,0.42705049792149324,0.01887425405691119,0.04516258462704862,0.5089126633945465
Test_326,0.007393305121574562,0.04059636656533357,0.8958662697113576,0.05614405860173402
Test_327,0.025586500393187394,0.046065251896952694,0.029899442088987767,0.898448805620872
Test_328,0.37878765121267965,0.05335950372977575,0.44942364604867935,0.11842919900886532
Test_329,0.03820499458321208,0.05727538711862516,0.8799921935459669,0.02452742475219614
Test_330,0.05359546561241479,0.12674790453461923,0.5755069434888788,0.24414968636408735
Test_331,0.46378699129358536,0.05336716693223227,0.050411464955012454,0.4324343768191699
Test_332,0.6977296925757354,0.09465976021258023,0.14914223896368292,0.05846830824800136
Test_333,0.04697473214508274,0.058224757130922816,0.8639004496873472,0.030900061036647445
Test_334,0.007509489421410585,0.03490437022520335,0.9494919845072803,0.008094155846105929
Test_335,0.8217051806329254,0.009328431197376396,0.0430988313689968,0.12586755680070136
Test_336,0.267433038268286,0.08088362964696413,0.5624755472171704,0.08920778486757952
Test_337,0.7472261931200221,0.013236112507168163,0.022940705812379975,0.21659698856042994
Test_338,0.592529353599425,0.039195212594752865,0.03252858462357167,0.33574684918225006
Test_339,0.531229846748541,0.09640963462015277,0.16053916817138572,0.21182135045992095
Test_340,0.49227518538891896,0.025446157197570433,0.3421636087527222,0.14011504866078844
Test_341,0.7312030797642064,0.015408541864747556,0.024676356783552476,0.22871202158749337
Test_342,0.8344803585401666,0.017877052448730734,0.0753453967093921,0.07229719230171043
Test_343,0.49803798122208165,0.035291395567219705,0.26171562052455827,0.20495500268614042
Test_344,0.018671983985213598,0.0946394341896137,0.8664518284697462,0.020236753355426434
Test_345,0.05482346479883162,0.10104675460363081,0.6032659178141835,0.2408638627833545
Test_346,0.0009039983071048764,0.04068887833785615,0.9532147135890269,0.005192409766012035
Test_347,0.3614473072621778,0.032828810434376285,0.3276515870198118,0.2780722952836341
Test_348,0.3837542604829249,0.025303875548921783,0.1514368580535867,0.43950500591456676
Test_349,0.2736277306602516,0.07181191281935807,0.02327958253387898,0.6312807739865115
Test_350,0.04219413029479758,0.032025794343794725,0.08608035266627763,0.8396997226951299
Test_351,0.005228453618546301,0.08423192607966157,0.8931104035960187,0.017429216705773718
Test_352,0.1488646985857072,0.14593707419746627,0.10611139479870967,0.5990868324181166
Test_353,0.5257261067960247,0.09336055157813238,0.16892386351735358,0.2119894781084891
Test_354,0.14117989385511087,0.0854096670762642,0.5355835176286143,0.23782692144001075
Test_355,0.5987208948427921,0.05283385586330339,0.05245107288492396,0.29599417640898096
Test_356,0.7499502380277765,0.03641959149289442,0.10285042652971078,0.11077974394961798
Test_357,0.8547766398405232,0.020401621430435002,0.08908453566045806,0.03573720306858341
Test_358,0.5624030502646331,0.03408262085144084,0.22557949647365572,0.17793483241026967
Test_359,0.056735068448741544,0.006457981513722677,0.01096807315772073,0.925838876879815
Test_360,0.320871810921484,0.026431488638148256,0.4405250967653828,0.21217160367498492
Test_361,0.8264283437524335,0.017205868668857534,0.12849687035527652,0.02786891722343256
Test_362,0.29554488546387286,0.02991199743331623,0.36776471033104846,0.3067784067717623
Test_363,0.010798063754180675,0.06387413086039904,0.8981911631322352,0.027136642253184635
Test_364,0.09960914183320656,0.08101005419293637,0.7457900558210162,0.07359074815284107
Test_365,0.07078165030134492,0.029402062181953778,0.8733672031434871,0.026449084373214204
Test_366,0.024452978555208508,0.07798098101964603,0.8589234319579869,0.038642608467158605
Test_367,0.1496742156414937,0.0362044907501732,0.29713875705016507,0.5169825365581682
Test_368,0.637260123201856,0.020442402172457397,0.21778644852032256,0.12451102610536434
Test_369,0.26032868950533467,0.02102507968545264,0.012213471078943428,0.7064327597302691
Test_370,0.007906900009708182,0.022057586149224498,0.9598731162638862,0.010162397577180737
Test_371,0.02043522716087835,0.08364393877334554,0.865544326315053,0.030376507750723144
Test_372,0.04125721711857758,0.07657809581930966,0.12402469634094118,0.7581399907211718
Test_373,0.010785463200374492,0.05698945584352964,0.8199023881234225,0.11232269283267367
Test_374,0.04208051495306754,0.14417879867951292,0.7700543535545162,0.04368633281290344
Test_375,0.2963235921068316,0.05203060743367027,0.018949404663302142,0.6326963957961957
Test_376,0.4365024318898451,0.10748755370667464,0.143673312253728,0.31233670214975223
Test_377,0.8020688341718487,0.013032936723340629,0.10182298956231703,0.08307523954249367
Test_378,0.20398438350160675,0.022754507768295205,0.6729072991737978,0.10035380955630008
Test_379,0.07188779003492106,0.11636611181137246,0.7448303713273461,0.06691572682636028
Test_380,0.01075397821302051,0.16402436190142958,0.6539583380240008,0.1712633218615492
Test_381,0.7752446022768024,0.023240330957058065,0.025606927571414594,0.17590813919472503
Test_382,0.4732862241382717,0.04258036508449384,0.014981891582402082,0.46915151919483233
Test_383,0.7010475551517392,0.02944892204769524,0.09895607571165432,0.17054744708891145
Test_384,0.4925486000325963,0.02923675403576065,0.28257451616104035,0.19564012977060274
Test_385,0.06002793775117274,0.07468246818999907,0.09680710790564724,0.7684824861531812
Test_386,0.004103126371511816,0.19876733776864908,0.6817175244497299,0.11541201141010922
Test_387,0.08640386685968378,0.13822740169576914,0.09714303398883092,0.6782256974557158
Test_388,0.257190483492438,0.05474176118099552,0.12938309833582048,0.5586846569907463
Test_389,0.17452648018679923,0.144452266907298,0.41349656833785664,0.2675246845680461
Test_390,0.16636078050547853,0.06809268768038802,0.07833751503906242,0.6872090167750711
Test_391,0.004391386972154993,0.06332800660370445,0.9135307258118848,0.01874988061225585
Test_392,0.009815288553917329,0.03969137242360357,0.9395385254232289,0.010954813599250136
Test_393,0.01894431163295371,0.25261006215009885,0.10660623582554293,0.6218393903914048
Test_394,0.5572474810893367,0.027356633204861685,0.09204531367890337,0.32335057202689854
Test_395,0.3720406459934492,0.02634864769536653,0.4871389724702045,0.11447173384097982
Test_396,0.33310951501995867,0.02662436915738834,0.4662617299629731,0.17400438585967978
Test_397,0.2409234262782618,0.027893493595480125,0.011149754315537334,0.7200333258107205
Test_398,0.1342054911980922,0.10070858278213839,0.6284488206107504,0.136637105409019
Test_399,0.4265043822866544,0.017301541648466236,0.12943396082211509,0.4267601152427646
Test_400,0.02426923080429288,0.07007465471838376,0.8539131773922186,0.05174293708510456
Test_401,0.019623303554607504,0.08386966413071135,0.8788947433314657,0.017612288983215377
Test_402,0.2632758124769781,0.01941404820833952,0.08586492889365312,0.6314452104210293
Test_403,0.009851642339437186,0.15909570295500713,0.7714863346758042,0.05956632002975131
Test_404,0.04126389786649871,0.028015102275723347,0.0655390723681291,0.8651819274896486
Test_405,0.008153699364996611,0.009638670869096802,0.003587091437230987,0.9786205383286757
Test_406,0.0025838331039009514,0.017407543615281375,0.005652095538947519,0.9743565277418698
Test_407,0.007606620305164801,0.02031072292902448,0.003209566076136631,0.9688730906896742
Test_408,0.035198030684303654,0.020798613121761986,0.004547328314312998,0.9394560278796217
Test_409,0.006392314806069779,0.0726714165983142,0.9019806460931387,0.018955622502477128
Test_410,0.01658070343201828,0.01915966214504164,0.002771279635697519,0.9614883547872428
Test_411,0.6922951275257088,0.04767440952755791,0.147161782026296,0.11286868092043721
Test_412,0.02566971755976152,0.2139256555508167,0.6644046092551646,0.09600001763425733
Test_413,0.14599085514405735,0.06255588399261251,0.45598397979159505,0.33546928107173535
Test_414,0.07827029967789632,0.1846922837814085,0.602736612979057,0.1343008035616378
Test_415,0.0023859285452305233,0.05652400054979878,0.9279757681280951,0.013114302776875817
Test_416,0.15346779524157642,0.03804163346839093,0.18855754045982798,0.6199330308302048
Test_417,0.004638435649758884,0.043357867962245555,0.947586679429365,0.0044170169586307635
Test_418,0.6579107111323237,0.05760288207657084,0.11566722637525657,0.16881918041584895
Test_419,0.7688516550929776,0.02879960864472185,0.08179600513608758,0.12055273112621281
Test_420,0.013720598419379209,0.10270860906589487,0.8637313856077984,0.019839406906927586
Test_421,0.3117234522932297,0.05247509454499245,0.06625177825036567,0.5695496749114125
Test_422,0.4786869962593502,0.03355629185458063,0.2873953384658446,0.20036137342022442
Test_423,0.028272452371336774,0.24136882043984764,0.5524874628252574,0.17787126436355838
Test_424,0.006402884861103283,0.026388371882418507,0.9575592421822142,0.009649501074264157
Test_425,0.36299817300987547,0.07413797033944962,0.029732812900441986,0.533131043750233
Test_426,0.022862648967320934,0.05028130124169095,0.8675303651064615,0.05932568468452652
Test_427,0.06442361332925711,0.02184072392337568,0.01569172828340435,0.898043934463963
Test_428,0.021534200222795456,0.021836780710598587,0.00985614998078672,0.9467728690858189
Test_429,0.028851798848975475,0.051339094814447934,0.8730737901025969,0.04673531623397986
Test_430,0.00645920569059314,0.08765256612187737,0.8883546328456032,0.017533595341926417
Test_431,0.28531355234074646,0.02422588461476141,0.2425303278789425,0.44793023516554964
Test_432,0.20309522306779487,0.1925975441177301,0.17434453843396175,0.42996269438051343
Test_433,0.007072459632878332,0.009231074373906457,0.004437494192037983,0.979258971801177
Test_434,0.18985359145788336,0.14436595164778113,0.10991693087102705,0.5558635260233085
Test_435,0.5754631914582579,0.030201653818478794,0.261040434668395,0.13329472005486828
Test_436,0.5956680182945764,0.05418778909690401,0.28217049860082166,0.0679736940076978
Test_437,0.03172303096081207,0.12420596415890955,0.7915892421922504,0.052481762688027705
Test_438,0.009030753748014415,0.1044504043984082,0.8550085957157495,0.03151024613782781
Test_439,0.08397363804753645,0.15322958700236888,0.7299860393404483,0.032810735609646216
Test_440,0.002043867198867041,0.05892424869904922,0.9231475714322267,0.015884312669857032
Test_441,0.4091014626897916,0.08342087849966806,0.06558770207210654,0.44188995673843356
Test_442,0.5083788463805657,0.02718831448140832,0.14814043126004425,0.31629240787798163
Test_443,0.01068920149577617,0.06680944949626041,0.015516790480933898,0.9069845585270295
Test_444,0.653800505494188,0.09603041449983245,0.1390131498303619,0.11115593017561776
Test_445,0.01530613601881359,0.07816473124939684,0.8843204785586979,0.0222086541730921
Test_446,0.23600580264099674,0.09907465447036777,0.1684172986806676,0.49650224420796785
Test_447,0.2424252362128072,0.0609165431536755,0.6391526493092822,0.057505571324235255
Test_448,0.010658169574571582,0.16886035143158598,0.7584618236091112,0.06201965538473131
Test_449,0.18708156505766185,0.28225407394148666,0.22933528496362277,0.3013290760372285
Test_450,0.16354262309528245,0.01961862070666213,0.5158486701989539,0.30099008599910176
Test_451,0.02776393012113763,0.06584578697560364,0.8532613106212605,0.053128972281998275
Test_452,0.24412257184528005,0.022149225218479302,0.6415088290225731,0.09221937391366737
