image_id,healthy,multiple_diseases,rust,scab
Test_0,2.2962794146501465e-06,0.006655314721470752,0.99333980771111,2.5812880044962743e-06
Test_1,0.02061519604938732,0.017613674846233482,0.9186386762626155,0.04313245284176362
Test_2,0.4124452652593822,0.017909466655547598,0.23715693983771108,0.3324883282473592
Test_3,0.5972856543155395,0.02522435926197439,0.0078700026094469,0.3696199838130392
Test_4,1.1981364834263888e-05,0.008018627411365255,0.9919124642418452,5.6926981955368014e-05
Test_5,0.6464427127302926,0.010572514504821951,0.2893226367410144,0.05366213602387109
Test_6,0.6668160181002754,0.003823039539982495,0.009895392633230658,0.3194655497265114
Test_7,0.0026766968696089145,0.0469905474495261,0.004439543457812861,0.9458932122230521
Test_8,0.41637429108212376,0.10452075447634879,0.005864918090136196,0.47324003635139117
Test_9,0.04565605745318878,0.005313667960885781,0.9475450334322423,0.0014852411536832085
Test_10,1.282887406073054e-06,0.01889900503851978,0.9808994331932229,0.00020027888085122187
Test_11,0.42184547135426936,0.015113662315404255,0.3071825349256634,0.255858331404663
Test_12,0.1735589680442545,0.05025598944938358,0.003617677112316157,0.7725673653940457
Test_13,0.14722991045241718,0.023400079171879477,0.8224883535650294,0.006881656810674074
Test_14,2.6049074503277428e-08,0.00015531126088354737,0.9998446492370169,1.3453024936163826e-08
Test_15,0.6106422464887783,0.01508370941818631,0.3124473011450584,0.061826742947976826
Test_16,0.12554523092404726,0.005717057738267241,0.002199354193176356,0.8665383571445092
Test_17,0.00022631232849623688,0.09418784509074211,0.14794235378584403,0.7576434887949175
Test_18,0.8304917523071194,0.01817376111914669,0.008919570772103699,0.14241491580163024
Test_19,6.771630916516362e-05,0.008187628876256,0.9911053260822106,0.0006393287323683008
Test_20,0.7241093888815252,0.013363540174091205,0.0763022046123184,0.18622486633206517
Test_21,0.3763226481039601,0.016610229643656747,0.27225096813025407,0.3348161541221291
Test_22,0.023312941412090542,0.25593985723871254,0.6438661247728691,0.07688107657632787
Test_23,0.0013200492450609904,0.0034006834922078294,2.1366817437541435e-05,0.9952579004452936
Test_24,0.7136221457257904,0.02432386711236968,0.05890052762074616,0.2031534595410936
Test_25,0.38872144841898937,0.017341117836904667,0.2639503732470935,0.3299870604970126
Test_26,0.17592926056422595,0.0378547689177152,0.3656556800782354,0.4205602904398235
Test_27,0.00010149730242193249,0.05114878038793314,0.9477739882300196,0.0009757340796254585
Test_28,0.9513349793382703,0.019663900954890116,0.006488399006546316,0.022512720700293507
Test_29,0.7008192357840203,0.011993284013753014,0.26872035698763,0.018467123214596735
Test_30,0.8118646826890271,0.00606390567300464,0.002029648712470395,0.1800417629254979
Test_31,6.980926466144998e-06,0.15974531529028807,0.8397754219583187,0.00047228182492703474
Test_32,0.6854874930494952,0.0038196992762613464,0.023472864997018235,0.28721994267722517
Test_33,0.0008288031148613325,4.629494123546451e-05,2.3265453293608296e-07,0.9991246692893703
Test_34,0.39193170050708676,0.01331704962682928,0.26393072270504464,0.3308205271610394
Test_35,0.3599484442764174,0.021578962333197435,0.2686088819507809,0.3498637114396042
Test_36,3.8176584909151495e-06,0.02323827244793842,0.9746811159626338,0.002076793930936735
Test_37,0.45455744332016335,0.01171497006522801,0.2212680746015232,0.31245951201308547
Test_38,0.007894760984895279,0.0011038139800523155,5.780947169053849e-05,0.9909436155633619
Test_39,0.04845763327185185,0.005068911590586221,0.5699790975044345,0.37649435763312733
Test_40,0.09173081219845526,0.23067075064084921,0.5679951031569824,0.10960333400371305
Test_41,1.375165793657048e-05,0.17226406577427572,0.8253369844156992,0.0023851981520884983
Test_42,0.00042472359718785766,0.00039878345279053764,0.00017021457341326028,0.9990062783766084
Test_43,0.071835232775035,0.0018194270798248455,0.9190407573004716,0.007304582844668445
Test_44,0.720822338723196,0.02937328271628056,0.0002676825160736475,0.24953669604444997
Test_45,0.2647350188625363,0.07913699453342875,0.04917865523521554,0.6069493313688195
Test_46,0.47400956976382513,0.00769175450879435,0.0034002283505147122,0.5148984473768657
Test_47,7.260853304762379e-05,0.034922143291631895,0.9633658407817405,0.0016394073935798407
Test_48,1.6911788216372725e-07,0.003828373764137141,0.9961049559837157,6.650113426500929e-05
Test_49,3.500144888813473e-06,0.037208231794387286,0.9610529879187653,0.001735280141958735
Test_50,5.72122653134414e-07,0.0026629933283744576,0.9972718196073622,6.4614941610118e-05
Test_51,0.003256781525782435,0.008214182092999086,0.9830838914168484,0.005445144964370025
Test_52,0.15468554316254549,0.12895279062791418,0.3431137039748493,0.3732479622346911
Test_53,2.0703406515811388e-05,0.003107820471672313,0.9968442345788915,2.724154292041961e-05
Test_54,1.6755696816201787e-05,0.03684964019548922,0.9630741318664638,5.9472241230617454e-05
Test_55,0.1301270932237017,0.010579518389833835,0.009600866524281312,0.8496925218621831
Test_56,0.008382939498927156,0.0031590101572683583,0.09462989966570003,0.8938281506781045
Test_57,0.46156777658465686,0.013069756417033326,0.1508708226393031,0.3744916443590067
Test_58,0.023160438233550032,0.000363605638287501,3.848220021981039e-05,0.9764374739279427
Test_59,0.03558361508728624,0.2701335767758099,0.39687166399064855,0.29741114414625536
Test_60,3.0072946779516792e-05,0.12090101045067779,0.017763865266007227,0.8613050513365355
Test_61,0.9440323489014619,0.018835903461555947,0.024086363628107857,0.013045384008874259
Test_62,0.32748387025844217,0.0008642609437851218,0.5501232640518079,0.12152860474596479
Test_63,0.301892847068716,0.08300791308482072,0.40764081334475577,0.2074584265017075
Test_64,0.7627841308022286,0.01186426391184952,0.11617588668674127,0.10917571859918063
Test_65,0.0011225324696145292,0.038605494671524916,0.9357395904030157,0.024532382455844853
Test_66,0.9698780232541878,0.0007241038187427805,0.024115926391914372,0.0052819465351549725
Test_67,1.190879311160616e-05,0.05467194218152277,0.9386675010760888,0.0066486479492769346
Test_68,0.1069115760346673,0.05139865560616455,0.000603084770600446,0.8410866835885676
Test_69,2.5198365540259867e-05,0.004691293474113687,0.995177960085558,0.00010554807478801348
Test_70,0.014026888902163862,0.10522038657159025,0.37145969566812437,0.5092930288581216
Test_71,0.007908453363708353,0.000762973934344614,0.9882084467722774,0.003120125929669635
Test_72,0.03518653006092777,0.11025037310337303,0.41457464237030245,0.43998845446539686
Test_73,0.7593533669862116,0.0010232137810797307,0.21941840962618694,0.020205009606521683
Test_74,0.3281811713110603,0.02477368472234048,0.4485751415375275,0.19847000242907178
Test_75,0.383489714590051,0.016753037298168023,0.2833513254416399,0.31640592267014106
Test_76,0.011861406342389044,0.1894371399606187,0.007129818698266031,0.7915716349987262
Test_77,0.03473754747021769,0.053539248419819045,0.4076695125081366,0.5040536916018267
Test_78,0.2015530102755322,0.04299617651300103,0.3202339294971451,0.43521688371432177
Test_79,0.3019560039375548,0.04761720140380194,0.5665949603605251,0.08383183429811818
Test_80,0.10960273814753312,0.08236914946326702,0.04195587853879132,0.7660722338504085
Test_81,4.774367020754141e-06,0.022199282534503147,0.9777283470610192,6.759603745684776e-05
Test_82,0.3699915508766978,0.018151049812471128,0.29538809896919166,0.3164693003416395
Test_83,0.15017367757527494,0.061140656771775485,0.2112761002654925,0.5774095653874571
Test_84,0.38242245299125116,0.018140717561200996,0.28730574658816255,0.31213108285938523
Test_85,0.3306823447320106,0.012231747731314042,0.36273613110905406,0.2943497764276214
Test_86,0.002316786134517114,0.2568953011693292,0.6919742347541237,0.048813677942030016
Test_87,0.5804976216147835,0.0011811606136509756,0.17466293722807488,0.24365828054349079
Test_88,0.07040005999065627,0.010876701150921432,0.0002830128988922261,0.91844022595953
Test_89,0.026291438005521695,0.4376015275457352,0.14097920734196737,0.3951278271067756
Test_90,0.001993190469278729,0.017141383494919116,0.9783546687014256,0.0025107573343765136
Test_91,0.8468816470476666,0.007241024609560882,0.04655008997010288,0.09932723837266955
Test_92,0.743292658978033,0.012174182779504586,0.00037093887962400625,0.24416221936283827
Test_93,0.00785357937859344,0.5780026507536763,0.40435059823129793,0.00979317163643239
Test_94,0.04537519706526847,0.0010787791353766858,0.00010069980590065527,0.953445323993454
Test_95,0.7523063636630299,0.029918098381044603,0.13734299458334842,0.08043254337257706
Test_96,0.2717339679375795,0.007433968464227275,0.09520211111233783,0.6256299524858554
Test_97,0.943782361097861,0.012846211391399381,0.007614479904910885,0.035756947605828836
Test_98,0.0855143763161003,0.5720350878301972,0.02194147715397758,0.3205090586997249
Test_99,0.07475446979665315,0.18526531258161108,0.41990511101304856,0.32007510660868715
Test_100,0.001320240277715563,0.005530692886773216,1.146226733831046e-05,0.9931376045681728
Test_101,0.7447974641622231,0.023006818361809327,0.01979291405784652,0.21240280341812093
Test_102,0.024773305484194437,0.016866357085909264,0.0005536531146729216,0.9578066843152234
Test_103,0.3777301904286364,0.05359529474255907,0.1477949772018628,0.42087953762694164
Test_104,0.613611982100866,0.025970518230294393,0.07430063508946133,0.2861168645793783
Test_105,0.310004071379781,0.018809535505479306,0.2122270911895987,0.45895930192514084
Test_106,0.8305891490188162,0.014927128771837895,0.12747242050933785,0.027011301700008178
Test_107,5.546641689818833e-06,0.043410225048166426,0.9527031130720218,0.0038811152381220348
Test_108,0.5341852168785478,0.0015804396346224608,0.0028395629302390753,0.46139478055659056
Test_109,0.549869235593588,0.07816624648278928,0.24055083283608944,0.1314136850875332
Test_110,0.4616450298424808,0.007929665505566981,0.003035451191541655,0.5273898534604107
Test_111,0.3814900058529341,0.017771367310620054,0.2847749983644749,0.31596362847197096
Test_112,1.49057219885285e-05,0.017421454344237565,0.9802234915026008,0.0023401484311731564
Test_113,0.6094220151077515,0.04825373320259827,0.2449020557027776,0.09742219598687261
Test_114,0.5146154937760905,0.044304544287181634,0.011986026043331191,0.4290939358933967
Test_115,0.32792926830443264,0.023942500429015124,0.09361350761303959,0.5545147236535127
Test_116,0.035074835842020306,0.3349355474157431,0.3293235622229327,0.30066605451930384
Test_117,8.082618263177779e-06,0.025461685005248414,0.9734743717508993,0.0010558606255891341
Test_118,0.00030578098044434785,0.02389294732787623,0.9709946592158409,0.0048066124758385335
Test_119,0.600153864324735,0.012485732969941953,0.08642891778452061,0.3009314849208024
Test_120,0.00015152942478125663,0.0028156521945764835,0.9959392394289192,0.0010935789517231402
Test_121,0.14343523752939485,0.07572178671589577,0.5860539267773622,0.19478904897734714
Test_122,4.598896013731096e-05,0.03290854324736398,0.9659076124830398,0.001137855309458824
Test_123,0.004270661717040434,0.020265867400827326,0.9717879266490509,0.0036755442330815135
Test_124,0.9725394810883446,0.0020563632157644092,3.3522684097804367e-05,0.025370633011793115
Test_125,0.004308150053681481,0.12117285058767695,0.00244841445367373,0.8720705849049679
Test_126,0.7837858493101876,0.0784450905195279,0.12059453435549061,0.017174525814793774
Test_127,0.05397535511762373,0.0013111976569324113,1.801870442606307e-05,0.9446954285210178
Test_128,0.30484600589370103,0.020645017291879477,0.2272214846689613,0.4472874921454583
Test_129,0.0001597141812825677,0.03785159368736275,0.9505279072981454,0.011460784833209454
Test_130,0.5850125988311365,0.007760096230498673,0.04914537259970661,0.35808193233865815
Test_131,0.0008809397386947711,0.0003523874963037513,3.806666640505371e-05,0.9987286060985965
Test_132,0.8012233776052406,0.057986072725626316,0.05623706240249052,0.08455348726664254
Test_133,0.01861431221183605,0.07927281819814834,0.009694939010271983,0.8924179305797437
Test_134,0.3713053604841342,0.018388375517652582,0.28000562238667615,0.33030064161153694
Test_135,0.30085591905096465,0.008934998520676987,0.164725803690478,0.5254832787378804
Test_136,0.005788957722452751,0.0006731610784253605,9.200820585818231e-05,0.9934458729932637
Test_137,0.023876023957758383,0.03549900590324464,0.8759851768735648,0.06463979326543229
Test_138,1.5738117779753338e-07,0.009184877577915699,0.9907610675063603,5.389753454620687e-05
Test_139,0.8881845964862022,0.005568933667245335,0.05234944697667779,0.05389702286987477
Test_140,0.1385629163976239,0.09177570798006285,0.7199397174890998,0.0497216581332133
Test_141,0.3840623565546278,0.016937145041516784,0.2813192144701806,0.3176812839336748
Test_142,0.02574888491182492,0.1816308669491845,0.7069309518629605,0.08568929627603016
Test_143,0.5444588698409804,0.03655547427199647,0.007729014983592451,0.4112566409034306
Test_144,0.2018510891740547,0.34558754285298715,0.09299865836942071,0.3595627096035374
Test_145,0.7876940193161818,0.02769320809963387,0.06011491781500741,0.12449785476917698
Test_146,2.964367360683114e-06,0.024636360044549534,0.9750230615023523,0.0003376140857374937
Test_147,1.4553165335307019e-05,0.00974734089773429,0.988741288150066,0.0014968177868642984
Test_148,0.805261585860746,0.04410933409527817,0.11376958152862507,0.03685949851535086
Test_149,0.0019842443688743772,0.35255563146438135,0.33774710767139937,0.3077130164953448
Test_150,0.4342834451228706,0.02053468803886441,0.17727635777619455,0.3679055090620704
Test_151,1.461916830887279e-06,0.002150721761406924,0.9978470685439625,7.477777997692514e-07
Test_152,0.2326905389804532,0.026153571705729003,0.5886506460758762,0.15250524323794148
Test_153,0.557296578885503,0.023674817566837487,0.12586589828390432,0.29316270526375526
Test_154,0.02412600894180299,0.01421278266081119,0.9479644831568862,0.013696725240499705
Test_155,1.0729489601685435e-06,0.0067073792845291184,0.9932660082542676,2.55395122432878e-05
Test_156,0.023570149829826248,0.007218587106494399,0.0009961192425512705,0.9682151438211282
Test_157,0.014178216108991533,0.026862842310629135,0.9517286688861026,0.007230272694276702
Test_158,0.265438449096108,0.0023948772905878287,6.012298610119405e-05,0.732106550627203
Test_159,0.24574962082926163,0.010189727565466877,0.44933660513875473,0.2947240464665167
Test_160,0.6999961676619006,0.02130143595381807,0.1564809361367826,0.12222146024749878
Test_161,0.014565313489619562,0.036472525111805085,0.0014776688033071401,0.9474844925952681
Test_162,0.032445784522614526,0.006068002500675805,0.9577424815666641,0.0037437314100454587
Test_163,4.790804496385761e-08,0.03538329330891395,0.9646143906626802,2.268120360973456e-06
Test_164,0.9123536422657065,0.007179142244762055,0.0195095521343666,0.060957663355165136
Test_165,0.18406812840555378,0.08453649504807144,0.2600896867945419,0.4713056897518329
Test_166,0.5422942550637844,0.012152734135776099,0.13687107745328145,0.3086819333471579
Test_167,0.0019616669343768133,0.0008717136962349205,0.9959060693060925,0.001260550063295741
Test_168,5.0863764309474005e-05,0.0013409440210117873,0.9985477883476046,6.0403867074165584e-05
Test_169,0.3722619146857514,0.014947355285734888,0.15959470815821852,0.4531960218702951
Test_170,0.4022895466022092,0.019793286196675166,0.2565797967927232,0.32133737040839233
Test_171,0.0001154130943719747,0.018182350097317012,0.9562285565745511,0.0254736802337598
Test_172,0.05085388018231351,0.0031280871495675696,0.9307756410632705,0.015242391604848384
Test_173,0.00016080409277801402,0.007411444196253567,0.9897058863174941,0.0027218653934744288
Test_174,0.9848331116991151,0.00458706198573725,0.0006056443506439263,0.00997418196450355
Test_175,0.7297392402494673,0.024411742727138405,0.0032696056008316788,0.24257941142256262
Test_176,0.30550938292874175,0.017299612136896722,0.5290044098211057,0.1481865951132558
Test_177,0.006215289487106945,0.00021579636493595874,0.0005853901454853043,0.9929835240024719
Test_178,0.003716988691606436,0.00021448900834730646,8.597332254714002e-08,0.9960684363267237
Test_179,0.003404436309217434,0.05406803851837217,0.9188603945600072,0.023667130612403126
Test_180,0.40363688756725896,0.04393214802211265,0.15901829678712834,0.3934126676235001
Test_181,0.013544538902510362,0.04892963766210116,0.008647534166878267,0.9288782892685101
Test_182,0.00026854509727008855,0.028434825301061218,0.9587888155896636,0.012507814012005144
Test_183,0.8573472506104324,0.022783334568949754,0.06648473210663775,0.05338468271398008
Test_184,0.7144334787824503,0.004642681646829515,0.1205180806186404,0.16040575895207984
Test_185,0.34903661936968033,0.08725929230023227,0.2684707418504748,0.29523334647961263
Test_186,0.06270289179419047,0.000687109041116899,0.00915338250419148,0.9274566166605012
Test_187,0.146389483113521,0.1375335330816595,0.5746345089245708,0.14144247488024864
Test_188,0.8504899134401702,0.0019100981062445972,0.11535797222639188,0.03224201622719328
Test_189,0.39257483925468156,0.016878436014675695,0.23881193585239863,0.35173478887824416
Test_190,0.19711975142880384,0.03041610004141029,0.5433011537625084,0.22916299476727744
Test_191,0.022233372739563363,0.0019120461870900465,0.47652997458997365,0.4993246064833729
Test_192,0.5318224840269646,0.010565226974620088,0.11379906741374306,0.3438132215846722
Test_193,0.00033270271877392356,0.00535357505821476,0.9942906759060148,2.3046316996554388e-05
Test_194,7.474311943361446e-05,0.4716704657501604,0.5000615200716846,0.028193271058721447
Test_195,0.017080522214150694,0.20200886119129977,0.7487635993808962,0.03214701721365336
Test_196,0.3962495808148924,0.01774408474168359,0.2709874137148478,0.3150189207285763
Test_197,0.008713578053306954,0.08440900396049353,0.8919987046938612,0.014878713292338282
Test_198,0.0012157241097962668,0.00040707472226664124,3.3004397594533393e-06,0.9983739007281778
Test_199,0.009189215756146129,0.11656198003846974,0.8631561305319146,0.011092673673469396
Test_200,9.494467916008165e-05,0.014016372161661564,0.9852247007486409,0.0006639824105376591
Test_201,0.26169190958460065,0.010223053239296356,0.012042132366731323,0.7160429048093717
Test_202,4.1123683033076475e-05,0.0230551897665783,0.9763408532387516,0.0005628333116369874
Test_203,0.2994217989913625,0.0519208163151764,0.2966840445898871,0.3519733401035739
Test_204,0.41397007442278355,0.02719777066158882,0.15388518946785,0.4049469654477777
Test_205,0.004255569513903723,0.0013235141873737715,0.00013407659987224363,0.9942868396988502
Test_206,0.026971266332177092,0.010134899920512998,0.0164337025487899,0.94646013119852
Test_207,0.0002929491996575439,0.2482099495493005,0.4317925280962984,0.31970457315474354
Test_208,0.4764519071625665,0.3140420244106547,0.042362156005968606,0.16714391242081023
Test_209,2.9193409260265732e-05,0.09236739400941088,0.9040166161778866,0.003586796403442175
Test_210,0.2478869267214066,0.025683994533518304,0.19897396484372729,0.5274551139013478
Test_211,7.181500557808783e-07,0.015771825685702668,0.9841936788162718,3.377734796962649e-05
Test_212,0.001025499115230161,0.005521147420042674,0.9934411413522424,1.221211248470543e-05
Test_213,0.04711263984997388,0.18140098354069215,0.6581185185772677,0.11336785803206623
Test_214,0.03884891815780318,0.022487832023452836,0.4207189250784349,0.517944324740309
Test_215,0.44481518389645247,0.0008778276708726319,0.02097613770802101,0.5333308507246539
Test_216,0.5474083656805947,0.02963356640518547,0.08947903627847222,0.33347903163574766
Test_217,0.00043333841933379936,0.1376974094115925,0.6048106252664325,0.25705862690264125
Test_218,0.5602721172051558,0.08702761676920467,0.2326462182110157,0.12005404781462377
Test_219,0.01173938611760221,0.011899267993608053,0.9745992922123119,0.0017620536764777353
Test_220,0.013931862228220071,0.003974974849677925,0.004410251651385962,0.977682911270716
Test_221,0.3908105190042663,0.01861242804102872,0.27264864730553184,0.31792840564917313
Test_222,0.005793183178240822,0.0021315889393274537,0.9729205649532522,0.019154662929179535
Test_223,0.0006799061070956456,0.009846761279629817,0.9640492859785074,0.025424046634767175
Test_224,0.3819847362671274,0.018732576910869537,0.2799310768040617,0.31935161001794127
Test_225,0.42839948355032903,0.04000311127102424,0.12034360219127653,0.41125380298737
Test_226,0.0075922218559234134,0.11263853071054265,0.8714633126367163,0.00830593479681761
Test_227,0.2692700028817351,0.013365804133994035,0.031055690700523355,0.6863085022837475
Test_228,0.4879856740207337,0.008328815272537645,0.34938459794781146,0.1543009127589171
Test_229,1.247918964897901e-05,0.06234762149050246,0.9373572191831899,0.0002826801366587849
Test_230,0.439137271801275,0.01759290571042204,0.28187019092369237,0.26139963156461055
Test_231,0.03966541734124868,0.012558951661287744,0.0005181053128370338,0.9472575256846266
Test_232,0.3632685081430111,0.01052353116294022,0.6189481489730968,0.007259811720951882
Test_233,0.5336713507820714,0.002021451024127719,0.26220644475532623,0.20210075343847472
Test_234,0.9201764751356502,0.005972748565330384,0.004468606737097202,0.0693821695619222
Test_235,0.009567921095515007,0.037415188718879826,0.08196269683121392,0.8710541933543914
Test_236,0.3577393335845974,0.010056039306441021,0.3723664972209942,0.2598381298879673
Test_237,0.09961012521057178,0.04280929652545676,0.019200140355036182,0.8383804379089352
Test_238,0.3778843762999472,0.01798449872774679,0.28584036988703193,0.31829075508527405
Test_239,7.103393080984323e-05,0.34625451830678494,0.6272776285575105,0.02639681920489467
Test_240,1.4603891471663523e-05,0.00600640113631055,0.9936786481514271,0.00030034682079053434
Test_241,0.008440561425976914,0.6098199299814882,0.1891653407701731,0.19257416782236175
Test_242,0.20418071230153645,0.005579538612306826,0.023172436433083202,0.7670673126530736
Test_243,0.9376293352983689,0.016590710252367812,0.008470481032095988,0.03730947341716735
Test_244,0.004106388420546083,0.5571553228021533,0.1470401744318744,0.2916981143454261
Test_245,1.0239302686710794e-05,0.04666521161704954,0.9527879102348927,0.0005366388453709602
Test_246,0.005766414856212391,0.013952918985994482,2.2338795159005333e-05,0.9802583273626341
Test_247,0.004682846353273233,0.0002698080927532791,0.0003868411552133337,0.9946605043987602
Test_248,0.6587887930697877,0.10385694840104719,0.04700862047096434,0.19034563805820096
Test_249,0.3966926689027142,0.014117192883475349,0.12532504557550625,0.4638650926383041
Test_250,0.8320538969530366,0.07513386783707153,0.05509361206607487,0.037718623143817
Test_251,0.19941822002159923,0.009677375638618866,0.0029227531529043005,0.7879816511868775
Test_252,0.01901471036310834,0.02652447115401773,0.8739731919045309,0.08048762657834309
Test_253,0.0009599713078930085,0.004495884187644521,9.449877835803704e-07,0.994543199516679
Test_254,0.15005125097077945,0.0027408115038037324,0.0022581194295873018,0.8449498180958295
Test_255,0.7101052302150255,0.028056055800535055,0.009607686584991526,0.25223102739944786
Test_256,0.014873144444486988,0.006426022032093611,0.001227586642640684,0.9774732468807786
Test_257,1.140587437920334e-05,0.016601517463912592,0.9819704099084205,0.0014166667532875658
Test_258,0.015374488361014524,0.1677472492515084,0.3809871140185484,0.4358911483689287
Test_259,0.753725247862882,0.009459937466363078,0.04423191531126852,0.19258289935948644
Test_260,0.04659369657672171,0.0018998027116944993,0.0007492093756356556,0.9507572913359482
Test_261,2.750703681579422e-05,0.010230550600595847,0.9896837688798268,5.81734827616701e-05
Test_262,0.028567949475091295,0.6256483108445061,0.10238539130133568,0.24339834837906688
Test_263,0.42008305161282744,0.021683214261913084,0.17710120765947326,0.38113252646578616
Test_264,0.1773731446510015,0.26213688177338473,0.4729454402011795,0.08754453337443427
Test_265,0.3750934202237028,0.02226649184061154,0.26555044361894037,0.3370896443167452
Test_266,0.0009266222668743456,1.5021250203653542e-05,1.3094371711151542e-07,0.9990582255392048
Test_267,0.8236486309973745,0.05810743397309593,0.024047675489507283,0.09419625954002213
Test_268,9.113309998890147e-05,0.08543014372475899,0.7633441595776984,0.15113456359755378
Test_269,0.43739905902076615,0.004799795509019861,0.005398848157039863,0.5524022973131741
Test_270,0.4662116432240569,0.0037607270654479146,0.0002620266581516907,0.5297656030523435
Test_271,0.5322466795617575,0.003285627665920869,0.16007818893684864,0.30438950383547286
Test_272,0.00025151419975269495,0.008825836022964205,0.9878303181921008,0.0030923315851824197
Test_273,0.6632196890476261,0.034312272329967294,0.014809434655848773,0.28765860396655785
Test_274,0.00852102767702542,0.04083891223281109,0.9111384063599637,0.039501653730199725
Test_275,0.0003253531647764532,0.7241647212779299,0.23165444044268763,0.04385548511460605
Test_276,0.00029746249313958284,0.04561771203748569,0.18008471980078053,0.7740001056685941
Test_277,0.585061675337853,0.022342606492741147,0.08721812179463068,0.30537759637477524
Test_278,0.05641554341850947,0.021397538564831075,0.004658637985641244,0.9175282800310183
Test_279,0.00240739391056151,0.014596152792107816,0.9807454788846868,0.002250974412644005
Test_280,0.34731072164112503,0.011176228865495037,0.2567186988316796,0.38479435066170037
Test_281,0.6329558138091057,0.00865306322411219,0.2300806251693739,0.12831049779740833
Test_282,0.00769263787971548,0.0639353316592132,0.034767758323167544,0.8936042721379037
Test_283,2.454682883877659e-06,0.005063660364390902,0.9946276789665822,0.0003062059861430269
Test_284,5.4950036489816574e-05,0.07959954361433552,0.8187815116381116,0.10156399471106309
Test_285,0.37992069175200077,0.016099504337091834,0.2781834292041435,0.32579637470676387
Test_286,0.20568093069498655,0.004659630288432466,0.610583125227933,0.17907631378864794
Test_287,0.979964343099391,0.0006403425063143244,0.017403712184860132,0.0019916022094346557
Test_288,0.0057546414734680655,0.023465171168628528,0.0011405925445712331,0.9696395948133321
Test_289,0.0015462790705331687,7.59047554593245e-05,1.4138366142859854e-06,0.9983764023373932
Test_290,0.3253879556888503,0.17996815773911748,0.31138384087463883,0.18326004569739338
Test_291,0.0056215063587409225,0.0008731636961321806,0.9931449782426692,0.00036035170245749784
Test_292,0.9257217387280613,0.010721047647982087,0.028806477713073184,0.03475073591088345
Test_293,3.0336637118847607e-07,0.0021861073552363985,0.9978134044840057,1.8479438677932238e-07
Test_294,0.002747445029375513,0.01172544386035981,0.9759051213743134,0.009621989735951271
Test_295,0.6578801802427581,0.0054975150251363675,0.0676525149482326,0.268969789783873
Test_296,0.2974724597937111,0.0006124470061510669,0.6134480269157894,0.08846706628434844
Test_297,0.0007280530762662673,0.20673322124635665,0.03429084240214253,0.7582478832752346
Test_298,0.019250232614237132,0.26848887485277995,0.4716646193836378,0.240596273149345
Test_299,0.3638223377838701,0.019307106672431944,0.2983157148513403,0.31855484069235773
Test_300,0.9042611335323611,0.008173544273189687,0.05161285200490352,0.03595247018954566
Test_301,0.9978086274490175,0.00020811040186952703,0.00016937113155394076,0.001813891017558897
Test_302,0.0006360234209048527,0.011255914522669691,0.0631730566488003,0.9249350054076252
Test_303,0.6707898981523688,0.01598818994482366,0.15006301472100503,0.1631588971818024
Test_304,0.8661042328606091,0.0012311675171344976,0.053826033539564944,0.07883856608269149
Test_305,0.29620693849678376,0.1278858340937146,0.5115067121058582,0.0644005153036434
Test_306,0.15201926730550064,0.0043474528255017485,0.6121919034858813,0.23144137638311632
Test_307,0.5332620346887678,0.010291881990838069,0.17367705581735168,0.28276902750304256
Test_308,0.12665334601339123,0.4306507991021444,0.01633824389923616,0.42635761098522823
Test_309,0.002073633409137279,0.04812116044384154,0.8412875545671816,0.10851765157983953
Test_310,2.1116931974860616e-06,0.441926886973164,0.5508326197912464,0.00723838154239223
Test_311,2.85494971030099e-05,0.13900906079770503,0.8598278669053395,0.0011345227998525412
Test_312,0.003292415113061804,4.5775868023260395e-05,6.834743555756942e-07,0.9966611255445594
Test_313,0.30773049526181534,0.03655044863410637,0.018579366911103613,0.6371396891929746
Test_314,0.29462780463393073,0.007653949458398881,0.4841910949661384,0.21352715094153196
Test_315,0.010233578845160447,0.00035994296014620704,2.36302262479908e-05,0.9893828479684453
Test_316,0.05203521154651658,0.009843838304527107,0.9325845959835429,0.005536354165413354
Test_317,0.0019494664145655951,0.005396885376385879,0.9923131262668446,0.00034052194220391216
Test_318,0.03115294205540431,0.005404361367574633,3.2351705503223085e-05,0.9634103448715178
Test_319,2.205932664117441e-05,0.015829764643787738,0.9837194731997025,0.00042870282986861506
Test_320,0.0012038535562900088,0.01634232912736856,0.9786763831901462,0.0037774341261952236
Test_321,0.6005093638500463,0.1345499117656224,0.11317767045291217,0.15176305393141903
Test_322,0.3471994084744483,0.04848548766590279,0.031002737395983363,0.5733123664636656
Test_323,0.10460284926377006,0.035640801530262646,0.8181694211342679,0.041586928071699315
Test_324,0.0007728982228174164,0.01456832777379651,0.981878496210774,0.0027802777926120197
Test_325,0.12059293140711662,0.018267920757516348,0.0017968057292754125,0.8593423421060916
Test_326,8.551421507594332e-05,0.04179931442534825,0.9564397273357091,0.0016754440238666204
Test_327,0.02042801166680983,0.035420926598214726,0.0026310314376542607,0.9415200302973213
Test_328,0.09404563622411281,0.00600562692025344,0.872761443796683,0.02718729305895079
Test_329,0.022897077097414037,0.005555877983701521,0.9711644600040391,0.00038258491484538895
Test_330,0.011599333619289966,0.12714863661448353,0.5286821128144443,0.33256991695178223
Test_331,0.59568855911183,0.0061956765763454815,0.03532876039773826,0.36278700391408614
Test_332,0.930326036400272,0.016193242385720064,0.010540872016579482,0.04293984919742828
Test_333,0.0070035672497330784,0.006934126341363695,0.9748098696331413,0.011252436775761931
Test_334,0.0009539166263926942,0.0015188914904733402,0.993885468089954,0.0036417237931799557
Test_335,0.7703527771168259,0.0032286481557727746,0.03193028704244079,0.19448828768496046
Test_336,0.29925033138956814,0.04307465398520663,0.521810314587203,0.13586470003802234
Test_337,0.6014886299616237,0.03845750357327673,0.001898782386688694,0.35815508407841096
Test_338,0.8032404408562486,0.006079184878581841,0.013260320186337134,0.1774200540788324
Test_339,0.3325834282685251,0.032519262461200855,0.2870742856911155,0.3478230235791585
Test_340,0.11432983630007752,0.00891006995006954,0.8152227591314033,0.06153733461844951
Test_341,0.8008814084224283,0.011752784502075519,0.0005442061739114342,0.1868216009015847
Test_342,0.965573161629615,0.007678273912918889,0.008178202072211293,0.018570362385254776
Test_343,0.3866257362191666,0.018018601884644315,0.250703581679914,0.344652080216275
Test_344,4.591553774722872e-05,0.04318770837407249,0.9552220683079498,0.0015443077802304473
Test_345,0.0344538033406211,0.17666499659970544,0.46827898961124553,0.3206022104484279
Test_346,2.8999726483700763e-07,0.0006086640235186628,0.9993871013896655,3.944589551141327e-06
Test_347,0.27173128484720455,0.1312409755031898,0.12643205728204646,0.4705956823675591
Test_348,0.3941634217786928,0.011544235127538594,0.11293729733148918,0.48135504576227944
Test_349,0.09887273843191577,0.02111440355141466,0.00023081180823018106,0.8797820462084394
Test_350,0.019016851856341544,0.008909986152369948,0.005655871729843112,0.9664172902614454
Test_351,3.046025577753228e-07,0.036109258221036944,0.9637757152444393,0.00011472193196606087
Test_352,0.05349718998832426,0.13430639137649633,0.020524125086492907,0.7916722935486865
Test_353,0.5665502234883913,0.013764396919373015,0.01899684490139787,0.40068853469083776
Test_354,0.1938358257347343,0.04392244557881703,0.5201033561717694,0.24213837251467935
Test_355,0.475231227944425,0.0013357319816356252,0.006028249523609918,0.5174047905503295
Test_356,0.6968481220285283,0.010333609710418447,0.10803134753797664,0.1847869207230767
Test_357,0.8982099611753699,0.007401403276232963,0.026639970248806388,0.06774866529959087
Test_358,0.41198036818351363,0.0167848558791138,0.2692085807032066,0.30202619523416596
Test_359,0.024200532929403995,0.00012397114607463845,5.1604869262111194e-05,0.9756238910552593
Test_360,0.30173108771468093,0.013165404653198773,0.5066943976988924,0.17840910993322795
Test_361,0.8999984009991533,0.010984721299789774,0.05359010478359797,0.03542677291745878
Test_362,0.40386214549091604,0.016074185811140212,0.2002138603518763,0.37984980834606735
Test_363,0.003113803855965222,0.05031801122451581,0.9010360630224612,0.0455321218970577
Test_364,0.005256695417204536,0.01301085993351127,0.9753415659339626,0.00639087871532155
Test_365,0.004105824139832649,0.0032582468291228158,0.9919223393910382,0.0007135896400061226
Test_366,0.000401589777399338,0.05011736055348327,0.9272669859450388,0.022214063724078668
Test_367,0.316991372602742,0.009268663231526253,0.41462354222975045,0.25911642193598117
Test_368,0.331964628566861,0.011673491753190228,0.287474208150968,0.3688876715289807
Test_369,0.0017826930000443752,0.004961227062642057,0.00012261466872164805,0.993133465268592
Test_370,0.0014309968345515944,0.00019078177789518054,0.9969415361410632,0.0014366852464900784
Test_371,0.00012135646736524237,0.00987815895501646,0.9898193312029725,0.00018115337464571086
Test_372,0.02805829054224242,0.01286054144421392,0.0277294545380159,0.9313517134755277
Test_373,0.0001504807337002595,0.12203077026885162,0.8641896240413899,0.013629124956058239
Test_374,0.10281681852627969,0.01809675084117928,0.8534667131468453,0.02561971748569581
Test_375,0.4164741665722324,0.00261158916189171,6.89042634849819e-05,0.5808453400023909
Test_376,0.2753472958154953,0.037284715095405103,0.005761998264240036,0.6816059908248596
Test_377,0.8835836432130201,0.025093797780393435,0.06211883972263508,0.029203719283951303
Test_378,0.1255786953886729,0.01167351172886683,0.7562767840407509,0.10647100884170937
Test_379,0.06816997257931216,0.2678756849384262,0.49129231015029684,0.17266203233196467
Test_380,0.0023528201513572863,0.5880715056538549,0.1541488752691458,0.2554267989256419
Test_381,0.8492780217556425,0.004353088340950352,0.0004252874613878426,0.14594360244201954
Test_382,0.6346436236698864,0.02901100990007402,0.00040364402810040475,0.33594172240193926
Test_383,0.5248727049117122,0.016613317789411712,0.17747522470712015,0.28103875259175587
Test_384,0.36856367732865863,0.013659242791056413,0.28815499315840654,0.3296220867218784
Test_385,0.0828320717803787,0.019871959586968295,0.013643175914651735,0.8836527927180012
Test_386,2.0640865285694138e-06,0.5902465468467705,0.3025813032549653,0.10717008581173554
Test_387,0.2708875574186478,0.056582670131117854,0.005845451957771809,0.6666843204924625
Test_388,0.3915256346366445,0.0528497756485242,0.09012697457718975,0.4654976151376416
Test_389,0.18029566491928364,0.05911192744907574,0.7250974428684286,0.03549496476321215
Test_390,0.36692485419353843,0.06610370234318079,0.06460252562098381,0.5023689178422969
Test_391,1.269927030355039e-06,0.00894053978669889,0.9909382195351546,0.0001199707511161684
Test_392,0.0010012491820841094,0.00891283970656798,0.9888413775061851,0.001244533605163023
Test_393,0.003323335098007551,0.14888976555621652,0.016603952500221997,0.8311829468455539
Test_394,0.40608723429638943,0.02378426988393527,0.13356623446724106,0.43656226135243414
Test_395,0.5015741822206033,0.01612478050901113,0.38517300666161663,0.09712803060876891
Test_396,0.3280374585943512,0.009692940925496668,0.35938045047021133,0.30288915000994077
Test_397,0.2276806593372537,0.00940140200860578,0.0051163810519319,0.7578015576022086
Test_398,0.1374838675450608,0.02612582951223476,0.7539938922686765,0.08239641067402782
Test_399,0.5993309749932368,0.02816371474673608,0.08350731386050211,0.28899799639952484
Test_400,3.865295493233335e-05,0.019103053127179335,0.9683729911958462,0.012485302722042022
Test_401,0.01727491685535239,0.04841126457140408,0.902056848863223,0.03225696971002065
Test_402,0.27629503233947433,0.004596492547209949,0.002765847076368754,0.7163426280369469
Test_403,7.569676315270984e-05,0.17075680529233161,0.6694058703875718,0.1597616275569437
Test_404,0.01968787731742898,0.002952964590671772,0.01784930149614833,0.9595098565957508
Test_405,0.0003556836579524361,2.1871601125145854e-05,4.2726118888637385e-08,0.9996224020148035
Test_406,0.00015688694558420262,0.0002631154352834496,1.423847721991782e-05,0.9995657591419125
Test_407,0.0001670502635129919,1.3571857372122641e-05,1.9338850491394107e-09,0.9998193759452298
Test_408,0.015436292747031309,0.0003773769552002569,2.197248178272061e-06,0.9841841330495901
Test_409,0.0007404258080178015,0.04577577246542515,0.9265182597861559,0.02696554194040119
Test_410,0.009044516325898207,0.0014411651885638725,1.4338049805904781e-05,0.9894999804357322
Test_411,0.48766542622555004,0.03059349788304701,0.3228960066832033,0.15884506920819966
Test_412,2.465741903461989e-05,0.8207806074164266,0.1306204084315104,0.04857432673302836
Test_413,0.4896516883232254,0.015117384460945184,0.3641199827163023,0.13111094449952707
Test_414,0.018451840171750687,0.04204734627804673,0.9015358056283261,0.037965007921876286
Test_415,2.0900729687922427e-05,0.024915973123568417,0.9749321547071823,0.00013097143956124162
Test_416,0.04460194267594154,0.012737011122838732,0.37431445992569323,0.5683465862755265
Test_417,8.979845573849092e-08,0.00045952476086764005,0.9995403198778621,6.55628146065502e-08
Test_418,0.5506244972204458,0.002440352544272619,0.3559206451271453,0.09101450510813637
Test_419,0.9206812938142258,0.0014263034794215256,0.0031762975968662984,0.07471610510948633
Test_420,7.928695524008929e-06,0.041378851145690156,0.9578807830385884,0.0007324371201975357
Test_421,0.13270570205037582,0.013322992264193393,0.08587154478330009,0.7680997609021307
Test_422,0.3898331884678675,0.018595224220471746,0.2394247953597745,0.35214679195188614
Test_423,0.0008387038799101773,0.3099123406001474,0.6313759700589949,0.05787298546094753
Test_424,0.445701972610327,0.007367439706456214,0.2672470458550545,0.2796835418281623
Test_425,0.3782807480080339,0.030934379290103585,0.008045787416328306,0.5827390852855342
Test_426,0.008293945271182943,0.00719650998810791,0.9199813158737671,0.06452822886694216
Test_427,0.005642287805442501,0.0011732994451325643,0.0005773344101853467,0.9926070783392397
Test_428,0.007862243776560661,0.002502343139809987,5.553092716310541e-05,0.9895798821564662
Test_429,0.010667721944612931,0.14918713089587968,0.794081503137483,0.04606364402202441
Test_430,3.345402096033873e-05,0.08047564055032598,0.9184473249517224,0.001043580476991289
Test_431,0.006578361060974773,0.5150971143213554,0.010907598485468325,0.46741692613220154
Test_432,0.038896810700096957,0.05596196910237116,0.00019229628381366417,0.9049489239137182
Test_433,0.054115657768315624,0.021203371206578163,0.0029022145759679207,0.9217787564491382
Test_434,0.46536740197298454,0.024868767165563375,0.04814816277949602,0.461615668081956
Test_435,0.423893210383455,0.017301815711562956,0.21395314497414097,0.3448518289308411
Test_436,0.8322919980208424,0.013963409550477562,0.14270769587077906,0.01103689655790085
Test_437,0.11607942001833363,0.07048038481526335,0.49461713375982036,0.31882306140658273
Test_438,0.0010254884729223128,0.264379404079394,0.7257765166686345,0.008818590779049222
Test_439,0.013424801838739198,0.09214076291330399,0.8845504864844902,0.009883948763466545
Test_440,4.0256635214153787e-07,0.03836641624370716,0.9609768036988484,0.00065637749109224
Test_441,0.5717822196623991,0.04247649703206999,0.009679541360822724,0.3760617419447081
Test_442,0.41129778393923766,0.019579015419035988,0.18866224883384944,0.380460951807877
Test_443,0.00022331048850039874,0.007088341989692416,2.3561292792967663e-05,0.9926647862290143
Test_444,0.8899530695999245,0.04789553952468653,0.019081090016480656,0.043070300858908346
