image_id,healthy,multiple_diseases,rust,scab
Test_0,0.009429466569600871,0.068683528838991,0.9037614610127533,0.01812554357865491
Test_1,0.1459601616286208,0.07969796143128248,0.5432053825235101,0.23113649441658665
Test_2,0.3991119017135324,0.05656124609149231,0.2694459157986567,0.27488093639631844
Test_3,0.5219673509824495,0.08530966559479106,0.060042615368249896,0.33268036805450935
Test_4,0.014062808891628316,0.11459416608743893,0.8359193130529573,0.035423711967975446
Test_5,0.4504358223167817,0.016591637614223276,0.35351803537294074,0.1794545046960541
Test_6,0.3412640029008341,0.03939872098417782,0.10032010929683469,0.5190171668181535
Test_7,0.10743565795400334,0.07294418376426237,0.4809561500599444,0.33866400822179
Test_8,0.3518851392894543,0.08080169606012044,0.06771293077324361,0.4996002338771817
Test_9,0.5075018218436704,0.07286926804019432,0.32667187167684425,0.0929570384392909
Test_10,0.01698711157868499,0.06655874182556235,0.8452688131589652,0.07118533343678764
Test_11,0.3817202921191297,0.04307006821233744,0.3341546516680172,0.24105498800051542
Test_12,0.3240787846324041,0.06540825347813087,0.047361180944448016,0.5631517809450169
Test_13,0.40092099842549667,0.031736083645363726,0.4522185768686184,0.11512434106052141
Test_14,0.009803442152747024,0.03977379460797767,0.9414280919767898,0.008994671262485309
Test_15,0.3520167272643974,0.09325779817000303,0.42755563108947187,0.1271698434761276
Test_16,0.3475224959109963,0.02574422907938671,0.06595630644656367,0.5607769685630537
Test_17,0.005150618153662857,0.10914598017165932,0.21943785270810567,0.6662655489665721
Test_18,0.6371996395130518,0.07381566425524246,0.07894688932600515,0.21003780690570026
Test_19,0.011645359290767095,0.08797117434218059,0.8400541584627164,0.06032930790433596
Test_20,0.5746011710769265,0.013418812878042375,0.17973540850554282,0.2322446075394888
Test_21,0.38202818162889685,0.053572601824180215,0.28152596242366945,0.28287325412325376
Test_22,0.35980729480593787,0.042815975921633415,0.3025645486349759,0.2948121806374528
Test_23,0.030857811921118514,0.007106674890398842,0.007204760469891814,0.9548307527185909
Test_24,0.5089497598091156,0.03804262113339691,0.16099690329953942,0.29201071575794835
Test_25,0.38279030594291086,0.0524325001530231,0.2867322930170576,0.27804490088700834
Test_26,0.2670040712349756,0.12327062872819997,0.22122712044359902,0.3884981795932256
Test_27,0.019167502697554826,0.06626575541348557,0.8710808349431828,0.04348590694577672
Test_28,0.7276619729446542,0.03760657610358608,0.09242696197843046,0.1423044889733293
Test_29,0.551424302151298,0.13801813212005448,0.2735922453825426,0.03696532034610546
Test_30,0.33317703655665326,0.03485597356512953,0.14159995725479504,0.4903670326234223
Test_31,0.01141733200612783,0.09770016184677609,0.8146249359450413,0.07625757020205498
Test_32,0.44826516808923783,0.041702006621511856,0.054945282024802436,0.4550875432644478
Test_33,0.031316525799089806,0.004916346677636212,0.0015951742141664912,0.9621719533091074
Test_34,0.4126663115505345,0.03794927896045779,0.20819188885054957,0.34119252063845823
Test_35,0.3742339337345397,0.05646625745058316,0.28550913656404237,0.28379067225083493
Test_36,0.01116291563024444,0.11205885750514356,0.79612958340823,0.08064864345638202
Test_37,0.3929781774649518,0.048720608546665004,0.24578537942622122,0.3125158345621621
Test_38,0.06364326527006882,0.026175621200325908,0.013899098832373809,0.8962820146972316
Test_39,0.13190130198216973,0.06270010060613344,0.5564177995090475,0.24898079790264938
Test_40,0.191899676052295,0.04158550591298285,0.3898799494088309,0.3766348686258913
Test_41,0.023401625773546368,0.08703168187807499,0.7644027404080541,0.12516395194032456
Test_42,0.0458160765347933,0.03278949971736758,0.012756400805323113,0.9086380229425162
Test_43,0.31223738152296515,0.02172921441411584,0.6412244343342651,0.024808969728653766
Test_44,0.4663356160478217,0.08955019098681442,0.027397302551643684,0.4167168904137199
Test_45,0.3837438140323342,0.033993352852930085,0.11373678865227205,0.46852604446246354
Test_46,0.39707715698494583,0.02198828599168822,0.05017907760449666,0.5307554794188694
Test_47,0.02243099154116276,0.07890546074338554,0.7644389849738036,0.13422456274164837
Test_48,0.0036812822329967986,0.06633691962412029,0.8849675312796255,0.04501426686325756
Test_49,0.0045956804795991586,0.0930052404917395,0.803928332929336,0.09847074609932575
Test_50,0.010173572756256872,0.0578401802266716,0.8913930049441724,0.04059324207289916
Test_51,0.11667727200982336,0.0696908353365603,0.7019514385501732,0.11168045410344316
Test_52,0.3011101676561379,0.08005957614066436,0.3022533921388729,0.31657686406432445
Test_53,0.04736559249806382,0.0727180738728171,0.8306377497315504,0.04927858389756876
Test_54,0.019582628091504146,0.11636555135650971,0.8146737773432644,0.04937804320872155
Test_55,0.39607759908681317,0.04541532147590925,0.09397834607766517,0.46452873335961237
Test_56,0.05241456780892851,0.0817698224502983,0.5531856491303485,0.31262996061042464
Test_57,0.39299395611908333,0.04604317886885943,0.24710401581726818,0.31385884919478924
Test_58,0.14690117947029963,0.010992777607455893,0.010455468106350636,0.8316505748158939
Test_59,0.08153194425492694,0.12163298045028552,0.40000569638184097,0.39682937891294673
Test_60,0.0027585530030091276,0.05340252235519318,0.11917181172461253,0.8246671129171852
Test_61,0.7991557524067888,0.025188580232902828,0.08471748643940488,0.09093818092090325
Test_62,0.36046216597475506,0.008401613987954543,0.4430326739959851,0.18810354604130522
Test_63,0.3820193625062199,0.07498855539206428,0.3051728942737479,0.23781918782796804
Test_64,0.5124722998780775,0.032464371643061915,0.23106926966531904,0.22399405881354134
Test_65,0.13854350460720574,0.07990674938911023,0.41710640813731986,0.36444333786636407
Test_66,0.6403190971691102,0.01166027965523573,0.20408691660975467,0.14393370656589946
Test_67,0.005558460402121059,0.13162462901049415,0.7515430806727826,0.1112738299146018
Test_68,0.1926758734946579,0.0332705726023906,0.030084605869194765,0.7439689480337567
Test_69,0.023972175371424494,0.05847695287201203,0.8525287720700323,0.06502209968653128
Test_70,0.09485961120114711,0.09118546184129143,0.17008457006469127,0.6438703568928704
Test_71,0.11552808673558741,0.045753418553137866,0.7721861953309801,0.06653229938029455
Test_72,0.055116242695652205,0.11487600036767856,0.2714033050591693,0.5586044518774999
Test_73,0.8080631353386221,0.006988925245308883,0.11366580949926888,0.07128212991680019
Test_74,0.3407352519608381,0.023181175814340434,0.5112946051984868,0.12478896702633452
Test_75,0.3887157712126227,0.053779021926168874,0.2878355540890557,0.269669652772153
Test_76,0.04624484228034027,0.10703200868907352,0.17676591977050074,0.6699572292600854
Test_77,0.3108843310818352,0.042705975173684,0.37989926640205557,0.266510427342425
Test_78,0.34179751729446756,0.05528513277105475,0.24035272167542937,0.3625646282590483
Test_79,0.10700028708685871,0.058580171679453855,0.08629552026145904,0.7481240209722286
Test_80,0.14697687259007663,0.051216055233650574,0.20440473138096785,0.5974023407953047
Test_81,0.011579211876997536,0.08073204033309281,0.8751187394112208,0.03257000837868908
Test_82,0.37235327117508926,0.054365700563832164,0.30657799739132935,0.26670303086974917
Test_83,0.22647626281954392,0.11778656537136888,0.24674083861268306,0.4089963331964039
Test_84,0.3823104286011339,0.053136880150414484,0.29758872412869686,0.2669639671197548
Test_85,0.35586211638778403,0.04104654632740673,0.3281609921201611,0.2749303451646477
Test_86,0.14849702665156125,0.11912517988733261,0.43777816007207965,0.29459963338902634
Test_87,0.43728160418869566,0.009482477242406912,0.39461251907566525,0.15862339949323173
Test_88,0.2181864237459223,0.10062883604543234,0.03365668021007457,0.6475280599985707
Test_89,0.3241474191692842,0.030376970770044674,0.3360020259920716,0.30947358406859954
Test_90,0.03835973055316644,0.11561832129228539,0.8079997779277625,0.03802217022678535
Test_91,0.6335775681126684,0.05479241519134096,0.12580497605281643,0.18582504064317465
Test_92,0.38832594514775576,0.042394389805368145,0.027786030720134112,0.5414936343267422
Test_93,0.14124769915725469,0.1259773214884519,0.5725465902643256,0.16022838908996762
Test_94,0.21761636860605313,0.00926295688757447,0.01202524780619954,0.7610954267001729
Test_95,0.38504736085324226,0.0693132051282359,0.3934533526103134,0.15218608140820886
Test_96,0.3537095062904525,0.04489748350035881,0.21038351298416771,0.39100949722502065
Test_97,0.6890605345272218,0.05173881010886836,0.1238566888276613,0.13534396653624817
Test_98,0.17717968084906174,0.10724450562996468,0.1619491418110869,0.5536266717098868
Test_99,0.27187389918773414,0.0613702407567908,0.2420711363238519,0.42468472373162325
Test_100,0.03318020712661626,0.06100497936604849,0.009997388270139627,0.8958174252371955
Test_101,0.6637884351524562,0.026191472460735592,0.11646972948514721,0.19355036290166122
Test_102,0.14765385089993568,0.06063437926593775,0.03181789505916376,0.7598938747749628
Test_103,0.37528014875519095,0.0688628725953776,0.2121267444312375,0.343730234218194
Test_104,0.46201707548400217,0.03649442139408285,0.17492251282219792,0.326565990299717
Test_105,0.33960567631000477,0.04084659629258705,0.2659551416271907,0.3535925857702175
Test_106,0.652969231594665,0.024851370725548102,0.2029557809281682,0.11922361675161887
Test_107,0.005708107109826424,0.09413676347906985,0.777911297878408,0.12224383153269572
Test_108,0.42443873911647567,0.03174478104464824,0.045337748755829924,0.49847873108304597
Test_109,0.46040291628418656,0.09543243340844565,0.2495272740890524,0.19463737621831537
Test_110,0.5457862410120399,0.02746766729091233,0.08748643547191867,0.3392596562251292
Test_111,0.3804421370470792,0.054119855098716745,0.29708818946767984,0.2683498183865241
Test_112,0.02292709727003545,0.08696296841916513,0.7980761268469028,0.09203380746389654
Test_113,0.44325621458451087,0.05677458390528185,0.25544959080904056,0.24451961070116687
Test_114,0.35284383423719246,0.10572506774416895,0.08419573947273412,0.4572353585459045
Test_115,0.3803138315166897,0.050713866897101,0.1472428105857252,0.421729491000484
Test_116,0.17596306449789811,0.13739652641598438,0.5345995783202814,0.152040830765836
Test_117,0.022022743920707695,0.10315245382763705,0.775130905237123,0.09969389701453228
Test_118,0.029446889324289564,0.07245101594625121,0.8094939956804559,0.08860809904900327
Test_119,0.5232228654352115,0.0399241568238839,0.1057825960018242,0.3310703817390805
Test_120,0.02657979529642541,0.030614033091637315,0.9207187406072425,0.022087431004694832
Test_121,0.28956433510261803,0.0927640616510169,0.44873906397316377,0.16893253927320137
Test_122,0.0634573077310824,0.08489747427988673,0.754280674279804,0.09736454370922709
Test_123,0.13857863678703186,0.06701241057172154,0.7053306921159491,0.08907826052529721
Test_124,0.8043056696688807,0.012776235798371765,0.010591911029736476,0.1723261835030107
Test_125,0.07401750733352534,0.12528685112942878,0.1027014022758927,0.6979942392611534
Test_126,0.5824355448381422,0.11276287991396924,0.23113740313055325,0.07366417211733557
Test_127,0.12391178103643968,0.024290750720319356,0.005443973793871167,0.8463534944493694
Test_128,0.36408279201642607,0.047512101910316865,0.2438491403362149,0.34455596573704195
Test_129,0.026545916925679224,0.10343361174647633,0.6244538724807248,0.24556659884711976
Test_130,0.4283974477443189,0.04824363233879762,0.11034479039485469,0.413014129522029
Test_131,0.055904334101359913,0.04643492344727302,0.01918111145713637,0.8784796309942307
Test_132,0.7572935704172035,0.02761310723932575,0.08606796965982362,0.12902535268364723
Test_133,0.10956875762166342,0.11703266553733112,0.23568165814460806,0.5377169186963973
Test_134,0.371605230905538,0.052427617761351346,0.2939048840778627,0.2820622672552478
Test_135,0.3466670015753648,0.02707648461281972,0.3087878295060876,0.317468684305728
Test_136,0.20518570697417923,0.016256846091680675,0.047880623437123584,0.7306768234970165
Test_137,0.33910528586879346,0.06286389373765405,0.3638677489240565,0.2341630714694958
Test_138,0.005753173682594096,0.08502754085821672,0.8732571628127677,0.03596212264642139
Test_139,0.655449199480321,0.022877057207465207,0.10908917989818434,0.21258456341402912
Test_140,0.5348595826907293,0.05245481240742439,0.20286277334840144,0.20982283155344494
Test_141,0.3842810698592663,0.04793446773959722,0.268022131122968,0.2997623312781682
Test_142,0.36690125361498743,0.09981190953338868,0.36181181148926644,0.17147502536235726
Test_143,0.4736726499989463,0.04653511097453699,0.03791604222528329,0.44187619680123347
Test_144,0.24495257379459268,0.10065641160024467,0.2884474983894486,0.36594351621571397
Test_145,0.6139660842308675,0.05433045001880095,0.11584312111409571,0.21586034463623566
Test_146,0.011117381404964488,0.0712623275142767,0.8526774727351244,0.06494281834563438
Test_147,0.01286037756381584,0.059784462528220145,0.7954308189321121,0.13192434097585204
Test_148,0.5402700208722387,0.02509323923050786,0.2927332996273393,0.14190344026991403
Test_149,0.01339089477745103,0.14720215370234613,0.3786111496940706,0.4607958018261322
Test_150,0.3857403986517538,0.035327323994041905,0.28395426987608513,0.2949780074781195
Test_151,0.013082411018649005,0.08219696947075336,0.8881884991340596,0.016532120376538166
Test_152,0.14832355470360678,0.06681395004690473,0.7027257415166177,0.08213675373287063
Test_153,0.4809739546626168,0.03368017073302081,0.12888529487849973,0.3564605797258628
Test_154,0.26523425655313176,0.040180583207375414,0.6105851714202222,0.08399998881927057
Test_155,0.007024930610171992,0.0904809644975944,0.86767068944106,0.034823415451173574
Test_156,0.17126495699924313,0.04215641878755444,0.04279155123088472,0.7437870729823178
Test_157,0.0944722467975086,0.06325680091730354,0.7416250258435898,0.10064592644159795
Test_158,0.2966697212591922,0.0470030796432523,0.012255587613057223,0.6440716114844982
Test_159,0.35206706511643154,0.027760165282711698,0.33948032131851935,0.28069244828233764
Test_160,0.49843033651491675,0.08256520959506337,0.2704231798523838,0.14858127403763585
Test_161,0.1378028793378984,0.10337758143895451,0.10747474286411789,0.6513447963590294
Test_162,0.20425803998812533,0.031771239753544504,0.6721588825639481,0.09181183769438218
Test_163,0.0033163199204128955,0.0743588892385402,0.8984954470748753,0.023829343766171407
Test_164,0.6648557604052485,0.043871790398678376,0.06792730444227091,0.2233451447538021
Test_165,0.2213080470113791,0.09935800498607447,0.21009537675468817,0.46923857124785834
Test_166,0.49241770653466793,0.033221050862256435,0.22529832387280307,0.24906291873027267
Test_167,0.24485552055475004,0.03978175885704096,0.63878316996681,0.07657955062139932
Test_168,0.05734350390972371,0.0855745699212128,0.814985238349046,0.042096687820017506
Test_169,0.3463740075539164,0.02097647623476405,0.34438368739554936,0.2882658288157701
Test_170,0.37174033766506537,0.054512354926668005,0.30713100665492055,0.266616300753346
Test_171,0.01021855458439641,0.061543941593165015,0.6868919523739023,0.24134555144853617
Test_172,0.27026795729720093,0.053926160852963485,0.5819417287871638,0.09386415306267182
Test_173,0.021326751715929175,0.06520536606962235,0.7440176099013683,0.1694502723130805
Test_174,0.8139000277140148,0.035049140665097234,0.029554805118104946,0.12149602650278273
Test_175,0.47334004124834056,0.05417607374274252,0.0937855094105995,0.3786983755983175
Test_176,0.4472969452697367,0.06646454255535514,0.30100216426588206,0.1852363479090263
Test_177,0.13484388086974944,0.026774555582655027,0.05443817813248606,0.7839433854151092
Test_178,0.04742587305157962,0.013243733393640735,0.0018986703076189593,0.9374317232471607
Test_179,0.14286115214794143,0.04572244889940046,0.6839998413854366,0.12741655756722153
Test_180,0.39420385356350485,0.049538332797190096,0.27476105747887963,0.28149675616042574
Test_181,0.06665706137929446,0.039445996347163975,0.09529861989897923,0.7985983223745623
Test_182,0.027079579578144452,0.06829794341659653,0.7519339859834359,0.15268849102182322
Test_183,0.5849104563960954,0.06678495162529244,0.1452614130672352,0.2030431789113772
Test_184,0.5979948139540956,0.01810374275225141,0.18369150853105512,0.20020993476259785
Test_185,0.39883230105936535,0.06508430818038194,0.23041293673392393,0.3056704540263291
Test_186,0.18691705134418857,0.007587516553100924,0.08331587562977846,0.7221795564729321
Test_187,0.3055282695048945,0.1203856803090195,0.4210494057497653,0.15303664443632092
Test_188,0.6187267577580995,0.018715248351699666,0.14319109173098368,0.21936690215921742
Test_189,0.41312543333556334,0.0456103029306182,0.30495413234928376,0.23631013138453477
Test_190,0.16414165298531183,0.04686310764292738,0.6461452929729959,0.14284994639876475
Test_191,0.07968526531306361,0.03872803049347922,0.4480921941086919,0.43349451008476503
Test_192,0.5417116843100949,0.016645272508791727,0.14331191227779325,0.2983311309033199
Test_193,0.045006220651752506,0.08424182090629287,0.8534102772322473,0.0173416812097072
Test_194,0.03863505105016064,0.12723270843903955,0.5154671805915519,0.3186650599192477
Test_195,0.10562793821555998,0.1225824549065945,0.5848442248910171,0.18694538198682875
Test_196,0.40262299471214175,0.0505989591679548,0.23597126176966204,0.3108067843502413
Test_197,0.11960528838647887,0.04579756023424735,0.6682062581444405,0.16639089323483322
Test_198,0.03482320757452054,0.01364291228649912,0.003728618104537739,0.9478052620344425
Test_199,0.17716001837603945,0.15034622007460072,0.5369026262964096,0.13559113525295016
Test_200,0.06719046526161893,0.07853040825460518,0.750261270016762,0.10401785646701397
Test_201,0.37252656427664954,0.030454332247854425,0.08135688396465965,0.5156622195108367
Test_202,0.01259691285292375,0.05107777564500712,0.8427645779666725,0.09356073353539712
Test_203,0.29106376773873255,0.045306058174111735,0.3054222695060114,0.35820790458114415
Test_204,0.43659898475161485,0.04409806355379939,0.28285516201152666,0.23644778968305913
Test_205,0.10150755607715456,0.05931588157497007,0.031625605600855325,0.8075509567470197
Test_206,0.18986854975696693,0.03635266497086756,0.0647923324591788,0.7089864528129866
Test_207,0.032780841873824594,0.09952893373337167,0.4117055255109228,0.45598469888188087
Test_208,0.4622479418421186,0.0782547228727272,0.2202753068592704,0.23922202842588378
Test_209,0.012302154432812393,0.08917310181508203,0.7292662706216962,0.1692584731304091
Test_210,0.23998437846759857,0.060886727497537346,0.19066844031050517,0.5084604537243588
Test_211,0.007929208814113175,0.10347514951253287,0.8543822729748508,0.03421336869850347
Test_212,0.07600002413111444,0.06563185945682908,0.8414497763780291,0.016918340034027514
Test_213,0.12971601984342912,0.1016430845188263,0.5136085919939677,0.25503230364377716
Test_214,0.20391271164797764,0.0604415092061938,0.217285047236618,0.5183607319092107
Test_215,0.3832867960777196,0.012410790942285676,0.2153551263944593,0.38894728658553535
Test_216,0.6026962570906049,0.051491418751961796,0.15250254507979888,0.19330977907763436
Test_217,0.03183361655168184,0.056480538127632055,0.5610307720782315,0.35065507324245476
Test_218,0.3972432078438414,0.02223096366970583,0.2631662376475531,0.31735959083890003
Test_219,0.12433624059813349,0.07205479123903118,0.7532443481382441,0.050364620024591196
Test_220,0.19023007248067667,0.020152117663724198,0.052523973638950845,0.7370938362166487
Test_221,0.3854250018133154,0.05410741484452465,0.28674963891647803,0.27371794442568176
Test_222,0.06342617208872435,0.038442912911417375,0.8320651472971251,0.06606576770273298
Test_223,0.03557745581260816,0.0576439008025063,0.6537090324375178,0.2530696109473676
Test_224,0.3799876884973054,0.05371015487026609,0.295015154697877,0.2712870019345514
Test_225,0.49922588941488993,0.06968863891284272,0.16372496724152807,0.2673605044307394
Test_226,0.14231140232107356,0.09882145708184292,0.6488853692940307,0.10998177130305295
Test_227,0.2527782325438202,0.05789383008870623,0.08669053108095617,0.6026374062865173
Test_228,0.46476832295182696,0.04025625121549089,0.27411668359807406,0.2208587422346082
Test_229,0.013356002626951592,0.10516224198527079,0.8235987391177204,0.05788301627005736
Test_230,0.3974448206539695,0.04117690369955308,0.28527081855936454,0.2761074570871129
Test_231,0.11510099999626128,0.012293220505750947,0.015051081458553502,0.8575546980394341
Test_232,0.47013739562967216,0.022552347023359915,0.4624752470068879,0.044835010340079744
Test_233,0.4894899337205314,0.018614267222688555,0.1534654072997342,0.338430391757046
Test_234,0.5482957713805162,0.10111315124167314,0.08311454080100088,0.2674765365768099
Test_235,0.056433402143710815,0.15100049215064812,0.1354286990745458,0.6571374066310954
Test_236,0.37199489729146534,0.032064011858830385,0.3513894667308066,0.2445516241188975
Test_237,0.2720347972715237,0.044720662891542355,0.08493394884630402,0.5983105909906299
Test_238,0.38196895698567523,0.05428403924250155,0.2917410956379881,0.27200590813383496
Test_239,0.03382699746059837,0.0975078414535983,0.5750479700615634,0.29361719102423967
Test_240,0.02101747707766423,0.08419551358624183,0.8327662648366053,0.06202074449948853
Test_241,0.27517305053345414,0.09675263411412764,0.24277106602369297,0.38530324932872534
Test_242,0.2262801324101696,0.04968163506244486,0.10516204801531792,0.6188761845120678
Test_243,0.7648707896939864,0.01907863008921737,0.061745517428604485,0.15430506278819178
Test_244,0.08653473568319216,0.051206807715119575,0.3978887633509429,0.4643696932507456
Test_245,0.027559105885951264,0.08250340520430594,0.8388067721387877,0.05113071677095523
Test_246,0.13110042108282483,0.019482477908820132,0.038835409580692606,0.8105816914276625
Test_247,0.03273221849519363,0.036939074819749826,0.03800772761394235,0.8923209790711141
Test_248,0.44723591199931034,0.044887671581529474,0.1525451837054978,0.3553312327136624
Test_249,0.35986201558125563,0.02150404936494669,0.19249884411020443,0.4261350909435934
Test_250,0.40557015885639347,0.03776859836584295,0.276979010696474,0.2796822320812898
Test_251,0.35144131234312387,0.024948419479834973,0.05754575435080008,0.5660645138262411
Test_252,0.17854702572741937,0.03564551550141719,0.7364961397796922,0.049311318991471335
Test_253,0.41344519730832907,0.06376811049263567,0.0679080631153887,0.45487862908364635
Test_254,0.2338834348559018,0.03133165487930245,0.041783318282833895,0.6930015919819621
Test_255,0.4359239778766975,0.06758973887347684,0.06312113306590525,0.4333651501839202
Test_256,0.037009366576940775,0.06802791826123454,0.07248290737864545,0.8224798077831794
Test_257,0.008275661543895899,0.08619286955680905,0.8587413510427584,0.046790117856536646
Test_258,0.23086534477261478,0.0621611364040157,0.48571774383604605,0.22125577498732343
Test_259,0.23128914320110805,0.06255479500665002,0.4379766875202171,0.2681793742720247
Test_260,0.2886220310067628,0.004229141374539916,0.028526599475777657,0.6786222281429198
Test_261,0.016709031526327276,0.058837794416030535,0.9059993258327662,0.018453848224876303
Test_262,0.15060393372983866,0.12768800285529242,0.20251878909996385,0.5191892743149051
Test_263,0.37027910698229605,0.05343439042514563,0.2616214213191983,0.3146650812733601
Test_264,0.45210468391592723,0.04180564928378514,0.3481452344872954,0.15794443231299227
Test_265,0.37563364134156274,0.056479658184972054,0.29133639840522074,0.2765503020682445
Test_266,0.018693377197935467,0.004178891960102546,0.0005141551750830444,0.9766135756668788
Test_267,0.5802315852511631,0.06462169925513735,0.129735597155628,0.2254111183380717
Test_268,0.004549687360275985,0.07269274353880703,0.79887652699206,0.12388104210885738
Test_269,0.5822197129476326,0.012567199563210023,0.05547371172308019,0.3497393757660773
Test_270,0.3359806555633262,0.01429105168196997,0.009059058473403273,0.6406692342813006
Test_271,0.44246149887800307,0.018198797050012903,0.35133694929657516,0.18800275477540887
Test_272,0.044183776462764876,0.08751439490288747,0.7706942539534166,0.09760757468093115
Test_273,0.6720512328262565,0.018792015195962342,0.07751453165156098,0.2316422203262202
Test_274,0.007882961449759583,0.05204693699257817,0.9244477379515259,0.015622363606136449
Test_275,0.06834818598892518,0.14623030434907264,0.5321543158035891,0.25326719385841273
Test_276,0.018773326079544767,0.14010090881415754,0.24696542578758246,0.5941603393187155
Test_277,0.49570549973980876,0.059822551411244526,0.17413220361871468,0.27033974523023196
Test_278,0.05048932873147034,0.07488509381639102,0.08383297324809336,0.7907926042040451
Test_279,0.09541734314596587,0.05965791756552993,0.8301259215214799,0.01479881776702427
Test_280,0.3854853925665643,0.042118661154146565,0.22917528605172613,0.3432206602275629
Test_281,0.6021098832823109,0.027217292089097404,0.1313149792460031,0.23935784538258867
Test_282,0.039841362096472814,0.09823457146297059,0.2339084923294518,0.628015574111105
Test_283,0.004674942903031619,0.06532582768311124,0.8817955732129964,0.048203656200860756
Test_284,0.003873919238029999,0.09968446955504541,0.5402547652650578,0.3561868459418667
Test_285,0.387587791720118,0.052398749890771694,0.28089492744336775,0.2791185309457423
Test_286,0.38104535779195003,0.012285971563705554,0.3797021555130616,0.22696651513128283
Test_287,0.758683741988578,0.013465120535404352,0.19106496302601794,0.036786174449999404
Test_288,0.05654761848008658,0.0536346940852741,0.023401998790077306,0.866415688644562
Test_289,0.1349949745037817,0.019363895096559162,0.008333091795269552,0.8373080386043895
Test_290,0.48761518477973137,0.09218816912933768,0.27161902479209615,0.14857762129883487
Test_291,0.17066238201540776,0.046050037457665866,0.7560776901544722,0.027209890372453967
Test_292,0.639914014586744,0.028922165641787047,0.14907787599952724,0.1820859437719416
Test_293,0.012306177373645923,0.06823028179915167,0.9040321596015666,0.015431381225635959
Test_294,0.08733587005922643,0.05736173829302852,0.7908046324099456,0.0644977592377997
Test_295,0.38281418679153506,0.02234030350706956,0.3280640482265722,0.2667814614748233
Test_296,0.3892617280716373,0.007030175977180293,0.5352520064982879,0.06845608945289479
Test_297,0.02532848812153867,0.19882343643728,0.12290654755153656,0.6529415278896448
Test_298,0.10974011471501013,0.10288893630505468,0.5002449962780925,0.2871259527018429
Test_299,0.3755805611517225,0.05432654256115751,0.30118460524912666,0.26890829103799346
Test_300,0.7003458417478382,0.02635554969002018,0.14634576198699575,0.12695284657514616
Test_301,0.8958857870794958,0.00895816888796951,0.01811241614808399,0.0770436278844506
Test_302,0.1436505714159958,0.028828175259657272,0.16809623944105023,0.6594250138832967
Test_303,0.5375483301720345,0.05134999586198993,0.17518715484265013,0.2359145191233253
Test_304,0.5752338910011799,0.017985174942087477,0.29124750857868464,0.11553342547804824
Test_305,0.32880699125813034,0.10200652845826112,0.4669102507285041,0.10227622955510456
Test_306,0.36610441895963597,0.020021411464184638,0.46463221256104137,0.1492419570151379
Test_307,0.3998725842783908,0.04071024397093648,0.24379661240318903,0.3156205593474834
Test_308,0.11773138458009828,0.1861160845582945,0.11030399364398773,0.5858485372176198
Test_309,0.04384270977876815,0.08361732768377343,0.6615670210387385,0.21097294149871992
Test_310,0.015902699973818095,0.11453811033087738,0.6964979416013108,0.17306124809399387
Test_311,0.01725763106371866,0.10748001193806005,0.7579268284948203,0.1173355285034011
Test_312,0.08945433247990939,0.013414375200200284,0.01863028394851895,0.8785010083713712
Test_313,0.2069315816406697,0.035345700395497635,0.021115553738494466,0.7366071642253383
Test_314,0.2428555335731601,0.025995145087223972,0.5065747692293442,0.22457455211027194
Test_315,0.10459774191984679,0.01771088702127346,0.014100026389909506,0.8635913446689699
Test_316,0.4011409558473454,0.031225823132901148,0.5084989054010984,0.05913431561865518
Test_317,0.03874616113665403,0.09189662018125143,0.8325331094959838,0.03682410918611094
Test_318,0.1594021057140922,0.057281107569966884,0.013445429457196213,0.7698713572587448
Test_319,0.008198477154799218,0.056802103867693306,0.8915468824357858,0.04345253654172136
Test_320,0.05723499570043054,0.0856150112327873,0.7774229148804199,0.07972707818636193
Test_321,0.4558219980179335,0.08132807764634509,0.18961232808193995,0.2732375962537816
Test_322,0.2027197204059913,0.08801348839549435,0.1682013635208835,0.5410654276776309
Test_323,0.39085357589161557,0.06807519664148325,0.3751107055776965,0.16596052188920474
Test_324,0.04229585973633934,0.0394868789897847,0.8759815995270038,0.04223566174687232
Test_325,0.21606706583442206,0.04281422309369681,0.033844022931758325,0.7072746881401227
Test_326,0.04514662120752852,0.05264511869089288,0.49961377180502936,0.4025944882965495
Test_327,0.14964757085447758,0.05061339155079767,0.03701378971436207,0.7627252478803624
Test_328,0.21672391610918806,0.048397832700941404,0.6595930109692241,0.07528524022064649
Test_329,0.15666771793812811,0.05423523771389476,0.7312326696062549,0.057864374741722256
Test_330,0.08752333322044765,0.12200420941867864,0.3436907108497397,0.4467817465111339
Test_331,0.426179882023609,0.03694363296599578,0.13036523765814148,0.4065112473522536
Test_332,0.692763142905804,0.056469703101120594,0.1114587542082173,0.13930839978485834
Test_333,0.09700875058918272,0.03999181989439775,0.8032426100015443,0.05975681951487512
Test_334,0.08742814589130966,0.03571468585282704,0.8122918282837528,0.06456533997211045
Test_335,0.4951322535359269,0.035184038323856796,0.17485001262004451,0.29483369552017163
Test_336,0.3985128873268894,0.07342550290567584,0.34775708627819085,0.1803045234892438
Test_337,0.3501897549820614,0.05283154736258599,0.07960745507319852,0.5173712425821542
Test_338,0.5896707729727738,0.025682448613258232,0.0706281030558746,0.31401867535809325
Test_339,0.37500522607853576,0.06113652486623207,0.30691558232606,0.25694266672917215
Test_340,0.29845178890757934,0.08652498625769972,0.43346967745959564,0.18155354737512494
Test_341,0.4736877228999533,0.056692732847894466,0.033192117164302336,0.43642742708784965
Test_342,0.774983280796091,0.026412101627849148,0.1172174249320728,0.08138719264398683
Test_343,0.3792000985899301,0.05287129715247696,0.2810381355956754,0.2868904686619172
Test_344,0.026513408436284212,0.07433077039683496,0.7109224392426209,0.18823338192425962
Test_345,0.2231962487032034,0.08314770992913324,0.3693071930521029,0.32434884831556043
Test_346,0.009400698001407701,0.055376481481844514,0.9130738437612537,0.022148976755494144
Test_347,0.4421552003389648,0.03361235884639393,0.23621904751363074,0.2880133933010104
Test_348,0.36210951784612677,0.044930524252192044,0.21880597231866938,0.37415398558301194
Test_349,0.36763655242435656,0.029058937896357294,0.03707912176288065,0.5662253879164059
Test_350,0.08610361287292527,0.16407893026631404,0.22338889401840628,0.5264285628423543
Test_351,0.005152798177338692,0.0908310967798728,0.8616134508690796,0.042402654173709135
Test_352,0.14436940481293908,0.09108899477468939,0.09240815950348495,0.6721334409088862
Test_353,0.4913620488561952,0.05539945549078608,0.16300721605512722,0.2902312795978915
Test_354,0.20403979326320393,0.05214008345174202,0.5540669526751789,0.18975317060987498
Test_355,0.3514905903961786,0.02072101290683925,0.09177188437137919,0.5360165123256027
Test_356,0.4817394777866582,0.023993708219886695,0.3101268651947432,0.18413994879871173
Test_357,0.6006892650631962,0.045118519389938244,0.16483659363507588,0.18935562191178992
Test_358,0.3947938398990525,0.05366364927714982,0.28484040183920195,0.2667021089845961
Test_359,0.16099409354504285,0.005469915356463434,0.017205698691249643,0.8163302924072443
Test_360,0.44414829630673586,0.02815021823961357,0.3399782057113386,0.18772327974231207
Test_361,0.6479119746711307,0.020420378634862422,0.16700517104963228,0.16466247564437425
Test_362,0.3388248023690937,0.047937956175060345,0.3108882235305193,0.3023490179253268
Test_363,0.18800275333930463,0.06059952036202662,0.38904841037441823,0.3623493159242504
Test_364,0.22510179292621113,0.03880514189350878,0.5717270730798919,0.1643659921003887
Test_365,0.07967596414445208,0.03712477466600786,0.8525761628862888,0.03062309830325125
Test_366,0.057070369065739784,0.08777193670265954,0.7440305245806922,0.11112716965090824
Test_367,0.35452081323155876,0.011383301942610176,0.23648007232801627,0.3976158124978147
Test_368,0.40992320909844854,0.026495727392073763,0.2488201238086316,0.31476093970084595
Test_369,0.2540001003323833,0.020995891523230868,0.024668311833647413,0.7003356963107384
Test_370,0.0675711752076942,0.01943980462514035,0.8940483803583916,0.01894063980877374
Test_371,0.042369999862619925,0.06534602036380908,0.8593913394371189,0.03289264033645232
Test_372,0.2049152850371561,0.08578364573924482,0.09754136553491746,0.6117597036886818
Test_373,0.003632128421019817,0.14971498195079586,0.6598377908115352,0.18681509881664954
Test_374,0.09258377265697136,0.12754491507842275,0.6474423799582795,0.1324289323063267
Test_375,0.2582655625902498,0.03471092573055052,0.011188638726138027,0.6958348729530612
Test_376,0.4192971547063437,0.041039763443757905,0.1664155308269523,0.3732475510229459
Test_377,0.6675035122812659,0.05291765222327887,0.13541777381211606,0.1441610616833388
Test_378,0.34763729290835943,0.04094516382899822,0.36103222486635445,0.25038531839628786
Test_379,0.24173348894135102,0.04310509484418948,0.36093559741340603,0.35422581880105375
Test_380,0.03922257119226246,0.1379046528698003,0.4402419968400016,0.38263077909793547
Test_381,0.8095205904802403,0.025695683536841537,0.011733552093177026,0.1530501738897412
Test_382,0.528551951615836,0.03489852510646935,0.029300544005319618,0.407248979272375
Test_383,0.43798885428741496,0.04914616307454552,0.2273490427241234,0.2855159399139162
Test_384,0.37849086375419133,0.0461755300496742,0.29248924834427525,0.2828443578518592
Test_385,0.11712853176276913,0.1535610352132096,0.10613134777456622,0.6231790852494552
Test_386,0.0019506884538557396,0.10639950954632886,0.4883120407084044,0.4033377612914109
Test_387,0.4404254130097891,0.05746769665175708,0.06074255711537063,0.4413643332230834
Test_388,0.44675907348559385,0.04666597557724354,0.1904133725779178,0.3161615783592446
Test_389,0.49775215390981475,0.08324035202916802,0.23999051838515892,0.17901697567585845
Test_390,0.2306718779941174,0.05582433028144548,0.1897073974379032,0.523796394286534
Test_391,0.011920425957288268,0.07145737786261051,0.8690909587713466,0.047531237408754784
Test_392,0.06205906560141712,0.05690816112232451,0.7839784432176068,0.09705433005865158
Test_393,0.06333934351183383,0.06233307854275292,0.1895164668252416,0.6848111111201718
Test_394,0.40317331621654223,0.04216391895901466,0.2231958861696048,0.3314668786548381
Test_395,0.4921856692267966,0.05520719271479798,0.3504275312233083,0.10217960683509707
Test_396,0.36429695831912545,0.03832261431318529,0.3380895948515348,0.25929083251615415
Test_397,0.2880755939371923,0.029211999892364154,0.058987126071917126,0.6237252800985266
Test_398,0.23377181977087377,0.07400134032957591,0.4963043855888075,0.1959224543107428
Test_399,0.489249730862812,0.013887904198759099,0.19375133206641365,0.30311103287201496
Test_400,0.012902789457186871,0.08179565548977939,0.8341373887334917,0.07116416631954195
Test_401,0.15759882918387158,0.057683865691405024,0.7004643944904149,0.0842529106343086
Test_402,0.4579769001955993,0.024046174411800358,0.032979321975653404,0.48499760341694664
Test_403,0.024628522400035918,0.09945223983289365,0.5594344285797667,0.31648480918730365
Test_404,0.1891441513303892,0.029468532785467474,0.10580579647376666,0.6755815194103771
Test_405,0.012589357286959797,0.00330843172694478,0.001113882049018766,0.982988328937077
Test_406,0.012263286925406706,0.03130550815155631,0.00741636875473446,0.9490148361683027
Test_407,0.006260618369798019,0.010216448984281762,0.0014622963625269517,0.9820606362833936
Test_408,0.07747541885028106,0.026830784424738657,0.006138581025629136,0.8895552156993513
Test_409,0.06948541912970267,0.11042803987498398,0.7036068510694987,0.11647968992581464
Test_410,0.17342772124854763,0.07801753389424186,0.023253798005958858,0.7253009468512518
Test_411,0.5610517386761338,0.045993124777986415,0.18927904389902542,0.20367609264685424
Test_412,0.005412092124290012,0.15066291684692973,0.5899533605974386,0.2539716304313414
Test_413,0.3518453961289471,0.05796706694322097,0.39971453090722675,0.19047300602060505
Test_414,0.08415040083378426,0.10503926154719029,0.7572586500557508,0.05355168756327477
Test_415,0.033987191019429604,0.07345128699368933,0.7478416281276385,0.14471989385924236
Test_416,0.1647999349959374,0.03921189546544071,0.28847540330416266,0.5075127662344594
Test_417,0.02017151003778209,0.037762568001366806,0.934559197304971,0.007506724655879921
Test_418,0.49680334253056335,0.028168770058981416,0.34167743839910436,0.133350449011351
Test_419,0.7081764185635923,0.013941273626739536,0.07766853513960799,0.20021377267006019
Test_420,0.006157227031449326,0.07550791758470862,0.8378118965635026,0.08052295882033905
Test_421,0.2748463411101338,0.06348799079777623,0.09085799743000805,0.5708076706620822
Test_422,0.3752672873574877,0.05398459602344201,0.28165595302566904,0.2890921635934012
Test_423,0.05069592905891285,0.14885140611526992,0.43418475527277933,0.36626790955303773
Test_424,0.014411591186161124,0.06880183743034352,0.8890140991784815,0.02777247220501394
Test_425,0.4654262484997712,0.033356269109222896,0.058605264382576835,0.4426122180084289
Test_426,0.1561337959744544,0.043454554545448484,0.7104880575545444,0.08992359192555263
Test_427,0.10977043039156677,0.025909754529816337,0.01487053865738988,0.8494492764212271
Test_428,0.059051422986948314,0.047525822656936174,0.021103581798008166,0.8723191725581074
Test_429,0.17654065914947503,0.06190483496310213,0.6009764565232466,0.1605780493641766
Test_430,0.0087964301617102,0.10250782717835114,0.8419778159036342,0.046717926756304796
Test_431,0.3340798257290633,0.03838234759979714,0.2836040083799891,0.3439338182911503
Test_432,0.15431659714248888,0.07691256495524813,0.02096355513494908,0.7478072827673137
Test_433,0.11407514436694503,0.0608869875260884,0.03242294347104843,0.7926149246359183
Test_434,0.3571513128784905,0.060502850782553554,0.10158763057523591,0.4807582057637205
Test_435,0.46255688141236245,0.02108318606216886,0.16147214843522636,0.3548877840902423
Test_436,0.5828728188662389,0.0909170504361245,0.27528737091884437,0.050922759778792306
Test_437,0.11573458547891798,0.028974966375014136,0.7649768134994112,0.09031363464665684
Test_438,0.06501979178416319,0.17274621893301434,0.6479073091003913,0.11432668018243125
Test_439,0.23569608042779952,0.05736977352225779,0.6159323727919859,0.09100177325795664
Test_440,0.003655801794477995,0.08920598503475585,0.8439323752099175,0.06320583796084851
Test_441,0.3861010051685717,0.051467154858301285,0.026448442753293718,0.5359833972198335
Test_442,0.37908716342142335,0.0461872951706689,0.2720898069027862,0.30263573450512204
Test_443,0.010907109459549796,0.017395293798759533,0.010703656144531835,0.9609939405971588
Test_444,0.6855721009299492,0.03500842189373804,0.17398378436419576,0.10543569281211682
Test_445,0.04360688461658664,0.08328819095628952,0.7413458175924512,0.13175910683467265
Test_446,0.32883822121971973,0.05100458399106671,0.3108529390098953,0.3093042557793182
Test_447,0.2349020369660139,0.060275207721035666,0.5913012464261844,0.113521508886766
Test_448,0.0060704302505554955,0.18895951546475293,0.6695879457268978,0.13538210855779373
Test_449,0.31533336496908637,0.0876461823972444,0.25141976348999023,0.34560068914367903
Test_450,0.3468638056061419,0.015466952668800023,0.36021823788410656,0.2774510038409517
Test_451,0.004713835621881269,0.09316216389714595,0.855255274529817,0.04686872595115581
Test_452,0.32860139875032424,0.039921892440086454,0.47284105477098143,0.1586356540386078
Test_453,0.0554644181602336,0.061917587374743115,0.06238920112094371,0.8202287933440796
