image_id,healthy,multiple_diseases,rust,scab
Test_0,0.10788530503868585,0.049828168591056,0.8324439512667485,0.009842575103509539
Test_1,0.22930045286088538,0.05601273848399815,0.5085857530236461,0.20610105563147044
Test_2,0.14439907818236997,0.005469897004265112,0.09224596233556959,0.7578850624777954
Test_3,0.22953914185258395,0.0442833201535233,0.14915915318855572,0.5770183848053371
Test_4,0.033410349068135024,0.02629064402730929,0.9358749170227493,0.004424089881806344
Test_5,0.5075922823194713,0.003210648743599139,0.4160446877060003,0.07315238123092929
Test_6,0.39959471720079337,0.02421500270389771,0.038071610571916985,0.5381186695233919
Test_7,0.08640910577951938,0.03167928033741169,0.0176482615212982,0.8642633523617708
Test_8,0.3279759471035614,0.18405474137353553,0.006213097807723317,0.4817562137151796
Test_9,0.503365816920607,0.021976759012272595,0.34654200429277593,0.1281154197743445
Test_10,0.005901192994826403,0.04243375190224806,0.9352289287073086,0.016436126395616778
Test_11,0.0009073744099141965,0.02078180027451255,0.952940297953715,0.025370527361858262
Test_12,0.24056238615488476,0.040254950087126616,0.07928551495191706,0.6398971488060715
Test_13,0.5364057611703317,0.008950518355424614,0.39518253956932536,0.05946118090491839
Test_14,0.016780946627141947,0.018473861316973962,0.9636652145788156,0.001079977477068597
Test_15,0.38560206180642925,0.019747402127797634,0.5032596878363742,0.09139084822939891
Test_16,0.3599214783577177,0.019002588889477413,0.0789227414919128,0.5421531912608921
Test_17,0.0195318580072157,0.4148201095975282,0.39372464431958193,0.1719233880756742
Test_18,0.42500986942167107,0.08078887440765163,0.11904200626690921,0.37515924990376825
Test_19,0.029042229512380897,0.11669832390467363,0.71401639452515,0.1402430520577955
Test_20,0.6599657333047592,0.003055881949355646,0.18482502468646303,0.15215336005942223
Test_21,0.4296733976631078,0.00023359253354012064,0.5563996275017526,0.01369338230159944
Test_22,0.43254706596954146,0.018567265985486754,0.4069178286529883,0.14196783939198346
Test_23,0.10664929000007436,0.029494849556925364,0.04833843680011889,0.8155174236428815
Test_24,0.7543752789380158,0.0510135230672168,0.011834872417608552,0.18277632557715892
Test_25,0.1897123116819813,0.0047595628869501845,0.30771947088023555,0.49780865455083295
Test_26,0.019110148775970705,0.03631605024763301,0.1767438084499253,0.7678299925264711
Test_27,0.4126925467171978,0.08035003381723922,0.3868019325188982,0.12015548694666468
Test_28,0.5651408325937123,0.022257679525456292,0.16366330033917054,0.24893818754166097
Test_29,0.4535545611597425,0.19495050384950938,0.3068962484225708,0.044598686568177344
Test_30,0.5616016987345052,0.038505181043958135,0.16055867907840157,0.23933444114313507
Test_31,0.03657570585050937,0.07744696306768774,0.8773490690315358,0.00862826205026715
Test_32,0.5463008763778571,0.01627233194261263,0.04804620544294382,0.38938058623658645
Test_33,0.10479748420501293,0.01683475916190445,0.03359554785795041,0.8447722087751321
Test_34,0.42335047890459404,0.010569064139072947,0.2857644804901538,0.2803159764661793
Test_35,0.013220818521108287,0.006969783226209713,0.03730775360657844,0.9425016446461036
Test_36,0.0007104409145960202,0.05020489956016137,0.944255833153184,0.0048288263720586465
Test_37,0.26711435637957615,0.0053967618087990485,0.06158006748720778,0.665908814324417
Test_38,0.16470832738566651,0.026540297472169128,0.0437819712915835,0.7649694038505808
Test_39,0.014536204398150572,0.10015296574071615,0.6713208606860486,0.21398996917508462
Test_40,0.3388298954804275,0.027295407561783294,0.07014095157064223,0.5637337453871469
Test_41,0.02211984306991381,0.06161575897521988,0.8967337131586472,0.019530684796219052
Test_42,0.0634784248531346,0.04258560905610458,0.11339024694056624,0.7805457191501946
Test_43,0.2689931901230723,0.0021852618820391804,0.7029680721169419,0.02585347587794664
Test_44,0.27672624284017155,0.027954852581867286,0.0726950585636466,0.6226238460143146
Test_45,0.440104527792236,0.050772667500572195,0.41880202275684875,0.09032078195034306
Test_46,0.06336428710705047,0.00498222505555713,0.0027847046031147173,0.9288687832342777
Test_47,0.038394199128837014,0.08705191762009523,0.7978686773920993,0.07668520585896844
Test_48,0.007167268410076371,0.048572821749422915,0.9125242277209623,0.03173568211953848
Test_49,0.009526273510946547,0.07662247961706002,0.8324595263899336,0.08139172048205985
Test_50,0.0017849570133936028,0.024898499777646223,0.972588392210698,0.0007281509982623635
Test_51,0.01668475515157102,0.08924434262490707,0.7227168197868485,0.17135408243667333
Test_52,0.08743477123574343,0.33048262267004436,0.5668464375051688,0.015236168589043442
Test_53,0.09618624596965794,0.06376600761598994,0.8180064850362125,0.022041261378139568
Test_54,0.043128801675680055,0.08370088834834094,0.8618370700974042,0.011333239878574833
Test_55,0.4069597086269996,0.022740414907639724,0.1349698233230267,0.43533005314233403
Test_56,0.06950299105883068,0.14890046200624624,0.26788294565849546,0.5137136012764276
Test_57,0.8934876580353093,0.0002918289054014312,0.007548274856816851,0.09867223820247249
Test_58,0.20064266727765753,0.016454575669190005,0.04428327695218577,0.7386194801009667
Test_59,0.01174441003663391,0.09531526180176418,0.7956984005912681,0.09724192757033379
Test_60,0.05514988018201042,0.13429707902227112,0.2227311772913379,0.5878218635043805
Test_61,0.6019280359956034,0.035356375395721354,0.21880925041990348,0.14390633818877188
Test_62,0.4764734288505711,0.0003354883238372641,0.4493763305627031,0.07381475226288858
Test_63,0.03987973729785002,0.4298192975360007,0.3021528932729812,0.22814807189316813
Test_64,0.4382376766384017,0.012344629645432056,0.20395580975173014,0.3454618839644361
Test_65,0.04021567636013316,0.030944820924216163,0.7098065441398269,0.21903295857582375
Test_66,0.22998795209317577,0.01717133904740173,0.7503919103588705,0.0024487985005519496
Test_67,0.005848753492690622,0.10362702050433557,0.8392117136807218,0.05131251232225194
Test_68,0.16370414747223724,0.06366037965868297,0.044161211323855754,0.728474261545224
Test_69,0.007495959266941534,0.046407012896568046,0.9400168045727834,0.006080223263707033
Test_70,0.25342919005592085,0.0770909384246027,0.14189707971466942,0.527582791804807
Test_71,0.021432122689159745,0.02792396938291123,0.931443066174592,0.019200841753336965
Test_72,0.210682995075009,0.21697717151823645,0.29633132064100187,0.2760085127657528
Test_73,0.6991834534492485,0.001496724524462996,0.27762001715103035,0.02169980487525813
Test_74,0.6120233755980083,0.02335278245465126,0.2213916988356585,0.14323214311168195
Test_75,0.26019307600970665,0.03528500311649949,0.27494852915321577,0.4295733917205781
Test_76,0.09638988167389122,0.18033290088682327,0.09356801401750686,0.6297092034217787
Test_77,0.017860604183848817,0.05743484566217405,0.8271548327577478,0.09754971739622936
Test_78,0.11384182358057136,0.12078885001543423,0.18535307752613484,0.5800162488778596
Test_79,0.5492516154592999,0.04283900844193008,0.3716771756572062,0.03623220044156376
Test_80,0.20693759191709432,0.07344751106154236,0.43253470603817795,0.28708019098318527
Test_81,0.011349564632360502,0.040718686811336086,0.9107329412200406,0.03719880733626283
Test_82,0.14736397923782923,0.005438742688873091,0.5391010904452672,0.3080961876280304
Test_83,0.5631864209182063,0.03900449459756616,0.12704510724657,0.2707639772376576
Test_84,0.36959201966956606,0.051117193447481446,0.19228470262819583,0.3870060842547566
Test_85,0.21914963676500915,4.286512178398963e-06,0.08436589636883747,0.6964801803539751
Test_86,0.16036031052880456,0.042879984189561536,0.7457539612635345,0.05100574401809942
Test_87,0.49188948040711383,0.08712587620142057,0.11542267578015111,0.30556196761131443
Test_88,0.2502813308318228,0.03716871509252165,0.0236978995703355,0.6888520545053199
Test_89,0.6856818643439332,0.017274680999239116,0.15279937676814637,0.14424407788868132
Test_90,0.23231157788730614,0.08091873347338184,0.5305628394870489,0.15620684915226324
Test_91,0.5244192642996615,0.02447709112497684,0.14107750287100324,0.31002614170435855
Test_92,0.32505021543483903,0.014790319988314362,0.09344721441969461,0.566712250157152
Test_93,0.15775628393924526,0.18679784186326445,0.5630459660052931,0.0923999081921972
Test_94,0.26634810736594944,0.015788715656901025,0.06317305971830738,0.6546901172588422
Test_95,0.3952478925203088,0.04324782481440277,0.2565556075905217,0.30494867507476675
Test_96,0.5116265700930439,0.003102633688418514,0.024552918737049366,0.4607178774814881
Test_97,0.35522622178406477,0.029277734467135646,0.17895574975508838,0.4365402939937112
Test_98,0.5027994531100793,0.06320067314824719,0.15140567340322725,0.28259420033844623
Test_99,0.4854498474084823,0.035545004303768876,0.3818631519400853,0.09714199634766363
Test_100,0.19391342382257595,0.04188494539324129,0.044580102643763456,0.7196215281404192
Test_101,0.6043579030172986,0.03557044160893696,0.21585569240175223,0.1442159629720122
Test_102,0.29154945972433327,0.04260751665971733,0.09600771124818012,0.5698353123677693
Test_103,0.3553164633420361,0.05017125885218492,0.44865553251905815,0.14585674528672088
Test_104,0.3443625884139056,0.062203038595553616,0.031156701560063345,0.5622776714304775
Test_105,0.028792181188401073,0.0044627033795146456,0.012054903569586524,0.9546902118624977
Test_106,0.21682964910088098,0.045352490295839286,0.4460020706805071,0.2918157899227727
Test_107,0.0011555657263351707,0.05590799050475533,0.940828875743637,0.0021075680252723526
Test_108,0.2206832648863328,0.01778251308096278,0.11813899818987442,0.6433952238428301
Test_109,0.8291174757410935,0.020432767141272727,0.09966592624704286,0.05078383087059086
Test_110,0.5042034902731627,0.042717276910248604,0.22096078859522375,0.232118444221365
Test_111,0.7243001525525632,0.0010874898043502898,0.1018534390524996,0.17275891859058692
Test_112,0.001302881804858885,0.10300217511992539,0.8346629714323671,0.06103197164284866
Test_113,0.520964146815735,0.01533200093624531,0.18322731793100136,0.2804765343170183
Test_114,0.5212844534389798,0.07140617343676829,0.09759095518147243,0.30971841794277943
Test_115,0.3164676996375002,0.007680013733596125,0.04280070884223223,0.6330515777866714
Test_116,0.20883689829502058,0.018751703693036605,0.5308146155025547,0.24159678250938804
Test_117,0.0017956541493862946,0.05714463689172369,0.9227979000027066,0.018261808956183432
Test_118,0.0058012484064131585,0.05976801671129967,0.9273836819259975,0.007047052956289757
Test_119,0.6107259386713841,0.033283833802090615,0.25930686882623577,0.09668335870028928
Test_120,0.0488941140228028,0.003555340417068312,0.9389551803410746,0.008595365219054416
Test_121,0.25537352330054985,0.1182071991690415,0.42519920825438845,0.2012200692760203
Test_122,0.004288982975796945,0.13722262217162787,0.7480464925674422,0.11044190228513313
Test_123,0.00025284656371219247,0.004684989343736846,0.9950538796372488,8.284455302122875e-06
Test_124,0.757952690458051,0.020283238196308985,0.10797288239466478,0.11379118895097513
Test_125,0.2108026001613775,0.15565800361804732,0.09096534233600398,0.5425740538845713
Test_126,0.5205040402390733,0.042800774370118075,0.3856814818048399,0.05101370358596874
Test_127,0.36686470595541226,0.012754428660308632,0.046695143355054085,0.5736857220292251
Test_128,0.08353721856248547,0.002556655851544191,0.05853653683085245,0.8553695887551178
Test_129,0.0008421851418237893,0.0338056393916767,0.96088895259151,0.004463222874989423
Test_130,0.40709429233667693,0.025739998299781734,0.05547690665835746,0.5116888027051839
Test_131,0.17568074637368972,0.02515963777051808,0.061791671600659986,0.7373679442551322
Test_132,0.5867269772764859,0.04973122727657274,0.21275166924981825,0.15079012619712304
Test_133,0.0559013656390962,0.038771026475950425,0.08510656399145686,0.8202210438934965
Test_134,0.5386726370628105,0.004964618985913675,0.08054941625225352,0.3758133276990222
Test_135,0.3656714384556662,0.04943443443325719,0.15825922251250002,0.4266349045985766
Test_136,0.08086551095068097,0.03841212290105747,0.41988941873104746,0.46083294741721403
Test_137,0.0023294352652476584,0.026368347734685077,0.9615591452005812,0.009743071799486148
Test_138,0.0010004363782949817,0.017536904708630154,0.9812847284986871,0.00017793041438763605
Test_139,0.8437687820302179,0.02778861761708045,0.1250508990766717,0.003391701276029989
Test_140,0.20468330207230967,0.08318726872388894,0.4862872996293731,0.22584212957442834
Test_141,0.1763484704871597,0.00011026072900783529,0.019813954452970756,0.8037273143308618
Test_142,0.4332659632649919,0.06919607966019492,0.39305671073050286,0.10448124634431027
Test_143,0.3338239446648073,0.030327316436476747,0.02544983206952405,0.610398906829192
Test_144,0.2353571707954926,0.05520658120712964,0.5773143591077536,0.1321218888896242
Test_145,0.6005133425506274,0.027451834651829043,0.21056751113552724,0.16146731166201636
Test_146,0.008066565975844915,0.12004111065376832,0.8188400625961287,0.05305226077425799
Test_147,0.011108490715102594,0.048042487658455174,0.8838967046269095,0.056952316999532876
Test_148,0.4499059811655458,0.029920327297870045,0.37567167757248043,0.1445020139641037
Test_149,0.024157471451348767,0.3065590089703875,0.4663850722790854,0.20289844729917833
Test_150,0.5758019841634054,0.026670418302388782,0.2664804372239421,0.13104716031026367
Test_151,0.058352193036766746,0.04845846533070359,0.861107665135462,0.03208167649706749
Test_152,0.00705021037482003,0.01945411351396569,0.9188329644171808,0.05466271169403362
Test_153,0.9039348751882236,0.0053855811311401425,0.0016122468841646895,0.08906729679647163
Test_154,0.1978649007474264,0.02447462238530067,0.7674742375710336,0.010186239296239217
Test_155,0.012386265015216842,0.04433418017302353,0.9334521833304302,0.009827371481329448
Test_156,0.02972618490014691,0.00318196626499642,0.007637979018481818,0.9594538698163748
Test_157,0.45291406087947783,0.07146438915914095,0.39124851811485756,0.08437303184652369
Test_158,0.03417002821825583,0.019282087263872233,0.008814646558868697,0.9377332379590032
Test_159,0.19959410872366615,6.0830962573245915e-05,0.6344775214852193,0.16586753882854138
Test_160,0.8460148138686078,0.0011869513081306487,0.0530564624522357,0.0997417723710259
Test_161,0.06560128246689594,0.1277786279563973,0.27497594333002295,0.5316441462466838
Test_162,0.22046489706078606,0.0012314836935500776,0.7596319829158734,0.018671636329790346
Test_163,0.004147973782624697,0.021007204880746578,0.9740351047706989,0.0008097165659299006
Test_164,0.6937910367924485,0.005151834036622229,0.22653346491413223,0.07452366425679718
Test_165,0.3876141620494459,0.05734358750586072,0.10993952770910868,0.4451027227355848
Test_166,0.6739796919381302,0.005966191065534322,0.1537414190319994,0.1663126979643361
Test_167,0.03475142848834655,0.0011854149997317708,0.9413438696960692,0.022719286815852426
Test_168,0.10153489767986186,0.05868913239625043,0.7801979515515493,0.05957801837233834
Test_169,0.07266363507180364,0.02162679706010316,0.9046507904197252,0.0010587774483681095
Test_170,0.07349709534109006,0.01632257669828844,0.6873653721262364,0.22281495583438504
Test_171,0.04866714463272767,0.08403710011868298,0.6121381652666452,0.25515758998194416
Test_172,0.07409542610337223,0.06371724095006967,0.8425645966942144,0.01962273625234388
Test_173,0.004484244149988921,0.04985413043296583,0.938012422432254,0.007649202984791107
Test_174,0.47629940635335294,0.017575355113664617,0.2819598770431483,0.2241653614898341
Test_175,0.28522697538479774,0.018239888808922335,0.06410208655205005,0.6324310492542298
Test_176,0.29463747737465806,0.07393243277850585,0.5592543084840219,0.07217578136281413
Test_177,0.05442334867718558,0.0063382223887352845,0.01698509416929053,0.9222533347647885
Test_178,0.034068988951711295,0.013014076145203331,0.010334981362676965,0.9425819535404083
Test_179,0.018065438922255515,0.029116052654151982,0.9178647588267661,0.034953749596826414
Test_180,0.5105366351672866,0.06336139733806179,0.2904051082751867,0.13569685921946492
Test_181,0.07844273494221089,0.29829916051570565,0.09793848082318705,0.5253196237188964
Test_182,0.0006343644990055342,0.0605933740616186,0.9307280724504726,0.008044188988903354
Test_183,0.26925218711389004,0.03518454434947287,0.5134065340854964,0.18215673445114058
Test_184,0.6335130309202168,0.011054199279657749,0.271928324746073,0.08350444505405256
Test_185,0.04650727785947318,0.1491616818947524,0.3028758316804103,0.5014552085653641
Test_186,0.34319367608647877,0.033720023906221905,0.06678147678477117,0.5563048232225282
Test_187,0.6985540071454127,0.031435822445213944,0.14454693296533264,0.12546323744404073
Test_188,0.7530699093787894,0.008548100831370253,0.07872483701885659,0.15965715277098377
Test_189,0.48011230938362826,0.007127574046662383,0.19872615935190635,0.31403395721780314
Test_190,0.1865140712396765,0.031216967748685376,0.2550277158039006,0.5272412452077375
Test_191,0.0018333904581181789,0.04933574721813158,0.9023996967846107,0.046431165539139466
Test_192,0.9466446928296951,0.000523753953397901,0.007239744089618523,0.045591809127288635
Test_193,0.13057117496444695,0.061235717040382553,0.787789938432295,0.020403169562875478
Test_194,0.04422576159914531,0.06701185867388276,0.820797793503669,0.067964586223303
Test_195,0.5438181256921812,0.03662889813486034,0.16459855640909626,0.25495441976386213
Test_196,0.2604465962597735,0.11047159029810752,0.4614602778673705,0.16762153557474846
Test_197,0.06523156857118999,0.028478468554329898,0.7968118160549255,0.10947814681955458
Test_198,0.029640244495338166,0.013338215961224247,0.009872608670705127,0.9471489308727326
Test_199,0.1824882627540654,0.0653976433983137,0.6722658768681695,0.07984821697945138
Test_200,0.002294829013050827,0.07276889147074048,0.8932474963642105,0.031688783151998245
Test_201,0.36697676657204453,0.005191792100701334,0.0016231666543570728,0.626208274672897
Test_202,0.014498966029727898,0.042165124982977975,0.941423672039437,0.0019122369478570141
Test_203,0.14346447441989188,0.06023565271583689,0.24211287512020307,0.5541869977440682
Test_204,0.4601999503068725,0.025232720061667963,0.2893246821276615,0.225242647503798
Test_205,0.0808671860904857,0.007988072147054066,0.029262528124234213,0.8818822136382259
Test_206,0.09825528846940883,0.01649663623113426,0.07545433137353431,0.8097937439259226
Test_207,0.08523743818985521,0.0941863061757806,0.6017355739476474,0.2188406816867167
Test_208,0.3916072251348651,0.1091558597405806,0.09755247071379951,0.4016844444107546
Test_209,0.0315777110613383,0.10158130324651043,0.7597779825499632,0.10706300314218802
Test_210,0.22917234202502137,0.10535476711251308,0.2997702844867088,0.36570260637575674
Test_211,0.0025482941111366056,0.02349313217938744,0.9724615388283113,0.0014970348811646332
Test_212,0.24021420954375367,0.05301221358773384,0.6916925560320476,0.015081020836464957
Test_213,0.30586917822172244,0.14162302936001395,0.20563810171667377,0.3468696907015899
Test_214,0.009012182617738803,0.039238464693874445,0.668721395182572,0.2830279575058148
Test_215,0.4178680094441376,0.06484458798518347,0.10099743827507357,0.4162899642956054
Test_216,0.6145673287725584,0.025358794115054928,0.026129329205015137,0.3339445479073716
Test_217,0.030763611558142154,0.07274268404338428,0.6558930179538497,0.24060068644462385
Test_218,0.6103523508421258,0.14952718050358002,0.20762118948215494,0.032499279172139295
Test_219,0.4139199651318826,0.059410036075879316,0.4491237683411065,0.07754623045113167
Test_220,0.25896935544429556,0.06855576120806238,0.12890954413783354,0.5435653392098085
Test_221,0.2979063909053277,0.024806154683320616,0.19258379748709914,0.4847036569242526
Test_222,0.29669241593689133,0.11252815425579496,0.46670094714917526,0.1240784826581385
Test_223,0.009784099208248248,0.07162928673523901,0.8616745797775561,0.05691203427895676
Test_224,0.23626991223644192,0.049281757991972465,0.0704292349724524,0.6440190947991332
Test_225,0.324175241535644,0.056069766394144654,0.4608605430576297,0.15889444901258165
Test_226,0.05800732568773241,0.13843187287911807,0.7798367086945982,0.02372409273855138
Test_227,0.2309943199226197,0.007493774641189158,0.1469968208015476,0.6145150846346437
Test_228,0.35434589006734335,0.028539244449834796,0.5624152029428875,0.0546996625399345
Test_229,0.008636751335256045,0.2773197917898985,0.6386833123469565,0.075360144527889
Test_230,0.40212028922328746,0.008421771414627736,0.41737620861083463,0.17208173075125005
Test_231,0.13284922486687029,0.008070435683422032,0.050861791881612176,0.8082185475680955
Test_232,0.12278286411471667,0.029335372079195766,0.8473941010717249,0.0004876627343628273
Test_233,0.15809413140611886,0.007527471947739965,0.1354284725163417,0.6989499241297994
Test_234,0.17436309771359754,0.05040071472113518,0.19057946966593517,0.5846567178993322
Test_235,0.10715317468471162,0.27566963586222004,0.3508441115907055,0.26633307786236293
Test_236,0.41043708217611813,8.043680238072173e-05,0.3737470831792267,0.21573539784227444
Test_237,0.18533668684034926,0.11425421164701453,0.1654613769935357,0.5349477245191004
Test_238,0.24840415820672931,0.006987566997211762,0.45106584888097057,0.2935424259150885
Test_239,0.017701724468993815,0.04823408459999208,0.8845102486836519,0.049553942247362225
Test_240,0.0150822297426741,0.0656686330253003,0.887456755618131,0.03179238161389455
Test_241,0.04523668088146962,0.17715443039257517,0.18540625725324159,0.5922026314727136
Test_242,0.4006527904784816,0.14048386447012623,0.3236074256352809,0.1352559194161114
Test_243,0.7492832969112928,0.023310686192716333,0.13327207050961112,0.0941339463863797
Test_244,0.10458347115490038,0.18592164688842955,0.5047952844940317,0.20469959746263844
Test_245,0.004322211553704361,0.026766592649102302,0.9652112992987226,0.0036998964984708083
Test_246,0.3866876768100264,0.07628439629775982,0.04739633987743694,0.4896315870147768
Test_247,0.05632019014349104,0.02451367713345526,0.022473083704663326,0.8966930490183903
Test_248,0.7232289187818953,0.0789609857304567,0.08310639937908323,0.11470369610856476
Test_249,0.32528294997859725,0.01264016092021781,0.1441800142025158,0.5178968748986691
Test_250,0.32185955950414497,0.02784970640555381,0.6082805138921454,0.042010220198155694
Test_251,0.5026189940334937,0.02243339880084373,0.09376921740664448,0.381178389759018
Test_252,0.009729325296031337,0.02638469360738838,0.8955683754316753,0.06831760566490494
Test_253,0.07279238626139577,0.03221051690380187,0.025608060451189667,0.8693890363836126
Test_254,0.22758971164396957,0.033986622127391446,0.15841069481660888,0.58001297141203
Test_255,0.18366132249067704,0.06105522228153683,0.3777165706941479,0.3775668845336383
Test_256,0.034299506397824114,0.13646391971798674,0.09656901548865662,0.7326675583955325
Test_257,0.000922090055718055,0.03734904608911661,0.9564551284783461,0.005273735376819399
Test_258,0.15429288635364657,0.07469049765924762,0.6590123208028706,0.11200429518423512
Test_259,0.1298548466824721,0.1594633338767091,0.6215889901454676,0.08909282929535114
Test_260,0.292362631459003,0.006781722989814147,0.06630637294643427,0.6345492726047486
Test_261,0.17749445792997567,0.05412103824016999,0.7520086321087283,0.01637587172112594
Test_262,0.23625562199229064,0.2722368220058803,0.36751583427638373,0.12399172172544529
Test_263,0.5674036048543415,0.004470061461633865,0.02429631615656486,0.4038300175274597
Test_264,0.2163575814684452,0.04094228869143507,0.729876418382086,0.01282371145803381
Test_265,0.016345616960783186,0.008622043233660316,0.020224397814718676,0.9548079419908378
Test_266,0.09719392060975804,0.030288367962800034,0.07568446534613026,0.7968332460813117
Test_267,0.38679657033258813,0.03060462111786324,0.16910100771357778,0.4134978008359709
Test_268,0.0019968360162886303,0.06171486631292283,0.8544477547051229,0.08184054296566573
Test_269,0.37922075543725475,0.026831563636219424,0.5598127080432277,0.03413497288329821
Test_270,0.17278332300897517,0.010376098795990473,0.018953211210442335,0.7978873669845921
Test_271,0.6277400759895101,0.06519439979732346,0.14688435508699413,0.16018116912617242
Test_272,0.02996574152219136,0.07442175756482185,0.8425840634239801,0.0530284374890068
Test_273,0.28670823091607545,0.02417915725395997,0.1066348361790962,0.5824777756508683
Test_274,0.06756545771267,0.040721075543166424,0.8605156399901813,0.031197826753982156
Test_275,0.061924176465553184,0.12914826774623614,0.6532861815769941,0.15564137421121646
Test_276,0.0023998604885540143,0.1134518936124444,0.6946402319255799,0.18950801397342165
Test_277,0.5672996768295129,0.018915130873880415,0.0382983624218436,0.37548682987476306
Test_278,0.1333057397122318,0.0591520879971372,0.09946024580019128,0.7080819264904397
Test_279,0.341538807531246,0.017893644060805555,0.47463259140027086,0.16593495700767763
Test_280,0.3782679537197672,0.006451167222645092,0.2971924196589325,0.3180884593986551
Test_281,0.5899093836147513,0.005509053045287784,0.3912343504143566,0.013347212925604219
Test_282,0.02231940812763324,0.30216619329601724,0.09620956035541366,0.5793048382209358
Test_283,0.037640813061011226,0.0576981052484236,0.8573077353326302,0.04735334635793488
Test_284,0.00934621392272314,0.11591801365406951,0.6870445477516307,0.18769122467157676
Test_285,0.5240903322625347,0.004445234224404745,0.24944759537547304,0.22201683813758752
Test_286,0.5156807167117713,0.0007112781744005529,0.27438390604225477,0.20922409907157336
Test_287,0.5584057957315305,0.025004387516038878,0.3996436421031846,0.016946174649246016
Test_288,0.08322284453723956,0.04272338439612567,0.060539259215063576,0.8135145118515712
Test_289,0.09938479455649173,0.04917103983381268,0.08772608702956734,0.7637180785801283
Test_290,0.4498613693159576,0.04707727182419262,0.13776462124747668,0.36529673761237325
Test_291,0.1975834889454421,0.0656082568920473,0.7050210472414433,0.03178720692106734
Test_292,0.3906807409862505,0.07895263207303473,0.4225789583089845,0.1077876686317302
Test_293,0.032466205606743265,0.0420598880938763,0.9222544049427545,0.0032195013566259836
Test_294,0.0637008932585516,0.04452643326313231,0.8520003267892385,0.03977234668907761
Test_295,0.19741237540511178,0.04307503847369608,0.39155600180226835,0.36795658431892375
Test_296,0.5162378066714303,0.0001914933356937372,0.10101731999597183,0.38255337999690425
Test_297,0.03747287435879152,0.24487514252450818,0.009785382428556979,0.7078666006881433
Test_298,0.074505892202806,0.09365615848971146,0.36146688748479955,0.470371061822683
Test_299,0.00034109998395411993,0.016029203526194333,0.0669013078119629,0.9167283886778886
Test_300,0.7668081016398339,0.021098288944552998,0.13818344342500863,0.07391016599060458
Test_301,0.3492705382661089,0.00950391170063134,0.13383760266361783,0.507387947369642
Test_302,0.006174315714857844,0.10438135234960473,0.870444943179511,0.018999388756026407
Test_303,0.8659578869703342,0.012113086044374296,0.0552240875953539,0.06670493938993766
Test_304,0.6963556679775833,0.0906955810254758,0.12865431917254488,0.08429443182439608
Test_305,0.5424469327699253,0.052803195574788964,0.2729514574559656,0.13179841419932004
Test_306,0.25188642308437803,0.003049240215119901,0.6890603130178556,0.056004023682646446
Test_307,0.7021060028699553,0.009442108276313489,0.17461560158067205,0.11383628727305913
Test_308,0.33642985445471435,0.19834443266038615,0.04057005841308513,0.4246556544718144
Test_309,0.009950486814578424,0.12685613576314098,0.6752282722873534,0.18796510513492723
Test_310,0.025031678496554403,0.07396058338834836,0.8523070744225884,0.048700663692509014
Test_311,0.05963095592957255,0.06978043965805916,0.8156283875483511,0.05496021686401708
Test_312,0.08350991117855416,0.020149528723796453,0.013982459446735807,0.8823581006509135
Test_313,0.36706176253236533,0.030497108215346853,0.13266917949146298,0.46977194976082476
Test_314,0.35979244772548014,0.02397039199607266,0.5261021624593357,0.09013499781911138
Test_315,0.2154983882681324,0.04213626654812726,0.051031620672217656,0.6913337245115228
Test_316,0.4148945449924732,0.09900004180228211,0.42205140871251606,0.06405400449272869
Test_317,0.04291252915133733,0.0788026168129023,0.8320772864320708,0.04620756760368955
Test_318,0.20388497505448488,0.02324570467329088,0.038540733854611826,0.7343285864176124
Test_319,0.09189134668320915,0.09545275045639566,0.7831043237466782,0.02955157911371705
Test_320,0.005389649218273023,0.06872910828876604,0.8895397435988122,0.03634149889414878
Test_321,0.31620272863179705,0.039051379477920235,0.2416253124243023,0.40312057946598046
Test_322,0.5156261481211206,0.0043710635597112215,0.20141925091669563,0.2785835374024725
Test_323,0.5363713869256798,0.06641794336209918,0.2841004290709426,0.11311024064127839
Test_324,0.27497067785769985,0.06829226299879795,0.4931863248330222,0.16355073431047992
Test_325,0.19246702329763798,0.058187150868701264,0.23242384666419547,0.5169219791694653
Test_326,0.01386591322594804,0.037247969396839054,0.9349464745334259,0.013939642843787034
Test_327,0.14408380582136976,0.03559460862798262,0.11565492541995723,0.7046666601306903
Test_328,0.1133466479557323,0.08319574865219152,0.7271909931584193,0.07626661023365691
Test_329,0.0801261643740187,0.014168578846677363,0.899571786019521,0.006133470759782846
Test_330,0.11713231880458164,0.07482848245251059,0.5015348240510369,0.3065043746918709
Test_331,0.5159100432058398,0.04920637023098747,0.134353229470732,0.3005303570924408
Test_332,0.5204447844608465,0.052718498410484586,0.3523965446929464,0.07444017243572237
Test_333,0.12588316741417802,0.015201598390184227,0.7726839195499507,0.08623131464568697
Test_334,0.006968590826683184,0.026256863257600484,0.9445910740445161,0.022183471871200185
Test_335,0.5301368498023356,0.04725619020961965,0.18898172151128906,0.23362523847675584
Test_336,0.07646267462811372,0.056693589523221205,0.7986788619721403,0.06816487387652467
Test_337,0.2958958125428212,0.027634721393214004,0.11462148564106121,0.5618479804229035
Test_338,0.5269804967799095,0.021925763426219293,0.18741150321042657,0.26368223658344464
Test_339,0.21007342054176742,0.2418461643451809,0.25820999267499584,0.2898704224380558
Test_340,0.2773571681337565,0.04442646388091733,0.29717475378698094,0.38104161419834515
Test_341,0.3362997840345079,0.02718914964899541,0.09624118125555498,0.5402698850609418
Test_342,0.8646422493941208,0.034013653918442736,0.05852700188496371,0.042817094802472706
Test_343,0.2252704290641499,0.013876786561368344,0.1210762270269861,0.6397765573474956
Test_344,0.0012809463921292148,0.04116156831287791,0.9566036159291912,0.0009538693658017602
Test_345,0.05631682772514888,0.06379293969346594,0.6662305834010025,0.21365964918038266
Test_346,0.005677833000454239,0.04332216399213858,0.9386361542663803,0.012363848741026895
Test_347,0.26245735756319827,0.0084993465957752,0.06978954333252407,0.6592537525085024
Test_348,0.10346721801962748,0.00040715783039730247,0.06395493939436543,0.8321706847556097
Test_349,0.31204281159681857,0.04138546401355888,0.11463210208889905,0.5319396223007234
Test_350,0.03200649141634237,0.014841278888006487,0.0076960388240264995,0.9454561908716247
Test_351,0.002766861221713388,0.069882155601613,0.9147940145405666,0.012556968636106882
Test_352,0.19097960635311842,0.029926405494362124,0.027117230924176065,0.7519767572283435
Test_353,0.41153649688964505,0.03566942581787765,0.34310403581552884,0.20969004147694836
Test_354,0.4272369106434932,0.02238579431063557,0.2985104035423645,0.2518668915035068
Test_355,0.28303135549222785,0.06731831613073325,0.16079224725940408,0.48885808111763485
Test_356,0.44174038532696996,0.12323661704965995,0.19640368536318925,0.2386193122601808
Test_357,0.4376784649327702,0.08043393934134375,0.32846628283016677,0.1534213128957193
Test_358,0.5532682143570614,0.014192846959023385,0.31157120708810426,0.12096773159581106
Test_359,0.13345789646653045,0.025780949367909235,0.100666362560401,0.7400947916051593
Test_360,0.13651372147813864,0.006436314242751094,0.8090847780708171,0.047965186208293195
Test_361,0.6843257800949164,0.04649855612336635,0.22855387951368755,0.04062178426802963
Test_362,0.0015346494339674008,0.0153836402034136,0.9374729277912778,0.04560878257134119
Test_363,0.025338114655810897,0.015002956381171105,0.8435044667620458,0.11615446220097221
Test_364,0.356907555703299,0.07484740551323496,0.53416241161907,0.03408262716439611
Test_365,0.408205087677093,0.09380121996008639,0.442356836350639,0.05563685601218157
Test_366,0.0024261594196012086,0.14094005184655173,0.7733420114566238,0.08329177727722314
Test_367,0.28605148421102394,0.02843882729482747,0.28578280031401815,0.39972688818013036
Test_368,0.6922909137828668,2.0366407022666396e-05,0.004131054944309351,0.3035576648658011
Test_369,0.11504210004307444,0.06681236866972737,0.09694762295142056,0.7211979083357776
Test_370,0.0034672082307519946,0.0004303179673829117,0.9940968982452036,0.002005575556661417
Test_371,0.16149796060544946,0.04613391287124232,0.7478371350160652,0.044530991507242906
Test_372,0.13246194428182506,0.05705902979377155,0.4000798477111849,0.41039917821321853
Test_373,0.012026548160687678,0.2178853384332818,0.5137766783097516,0.256311435096279
Test_374,0.19228347772337614,0.07993513776678643,0.5622305484057704,0.165550836104067
Test_375,0.6010356803992379,0.021199372374432274,0.08048344225907918,0.2972815049672507
Test_376,0.5791214534912824,0.03262966811909987,0.266076705557234,0.12217217283238367
Test_377,0.7969326973216001,0.0182327121713234,0.03733650340700026,0.14749808710007634
Test_378,0.08868708200615497,0.002107043391714111,0.8996508728416464,0.009555001760484533
Test_379,0.07456301804036566,0.04024866058618089,0.7935753819219593,0.09161293945149411
Test_380,0.09775911400236958,0.12690788847969328,0.42548435554317515,0.34984864197476195
Test_381,0.5998343200133732,0.016181044928735382,0.07093214428441368,0.31305249077347774
Test_382,0.6442944240050428,0.02199131109734569,0.14982928391498343,0.18388498098262807
Test_383,0.8438649663724945,0.002601823313115121,0.010485689014634448,0.14304752129975593
Test_384,0.0645054618748736,0.00018452479256710164,0.9324912703401244,0.0028187429924351366
Test_385,0.11417808885042123,0.08657510126113908,0.2470664085192584,0.5521804013691812
Test_386,0.007979259126743733,0.09000702463188057,0.8567457972001546,0.04526791904122116
Test_387,0.25846740398377066,0.05341702479404416,0.11022237847439227,0.5778931927477929
Test_388,0.21491909185462899,0.07457520112677256,0.015917463991795736,0.6945882430268028
Test_389,0.27899345980627427,0.2351671301504309,0.38682953633315065,0.09900987371014418
Test_390,0.353190152237915,0.0626122790175195,0.14633202784941807,0.4378655408951475
Test_391,0.015179096178632313,0.08904052965421284,0.836088578630878,0.0596917955362768
Test_392,0.051337460777019235,0.02204998308266121,0.8902968940440048,0.03631566209631462
Test_393,0.0977780385200698,0.031354966386271305,0.145598511516399,0.7252684835772599
Test_394,0.5276999750147028,0.03834006931547533,0.36932139921573337,0.06463855645408849
Test_395,0.0120003227654131,0.06528415178959851,0.7860764665166015,0.13663905892838688
Test_396,0.044113137648063745,2.2039168305701207e-05,0.9294049752034124,0.026459847980218245
Test_397,0.08510699694557275,0.009760863499920511,0.011212160468179298,0.8939199790863275
Test_398,0.0029543495902795277,0.16420117196388087,0.7457054021778935,0.08713907626794605
Test_399,0.4038132504753434,0.021412648792003917,0.06839749739660957,0.5063766033360432
Test_400,0.00039398229833424486,0.07584294592822831,0.9014073253637835,0.022355746409653893
Test_401,0.04422254507042146,0.19933302008994314,0.685168369069362,0.07127606577027354
Test_402,0.0397054054378262,0.004370381391877391,0.002657527405390132,0.9532666857649063
Test_403,0.03995768347205164,0.07199209304361573,0.7767551719512122,0.11129505153312033
Test_404,0.32357034161867965,0.024225834795292642,0.3628730313195105,0.28933079226651726
Test_405,0.02450149067359628,0.02004241749624839,0.008183104639001867,0.9472729871911536
Test_406,0.03915634332405667,0.0478779313616458,0.05418518145305291,0.8587805438612447
Test_407,0.05949946696267586,0.016373100368266093,0.010635146917771442,0.9134922857512867
Test_408,0.09240025260320997,0.020800426258281646,0.06632324868061035,0.8204760724578981
Test_409,0.003810783753312573,0.04803268500929812,0.9183536496734357,0.029802881563953495
Test_410,0.3593092608467414,0.026457437324061972,0.06197395392016885,0.5522593479090278
Test_411,0.8229623677102478,0.056436731209868814,0.04212704305431874,0.0784738580255647
Test_412,0.03720930324141509,0.19421427136653174,0.6165357005529957,0.1520407248390574
Test_413,0.49164916523455554,0.005456646364681073,0.3408579314530529,0.1620362569477106
Test_414,0.32753247267585084,0.17101679889256657,0.2219558924149462,0.2794948360166364
Test_415,0.013661321491878375,0.04962795505601953,0.9033315560064663,0.0333791674456356
Test_416,0.24121878270112318,0.055524744758148614,0.2107016388200039,0.4925548337207242
Test_417,0.05757775331569203,0.01049970377634266,0.930240508406843,0.001682034501122364
Test_418,0.6143648657836818,0.11829747124094092,0.18745199116171976,0.07988567181365758
Test_419,0.5982179703609517,0.06699802622720068,0.22327385831795712,0.11151014509389044
Test_420,0.0018866633287927747,0.09144263534587112,0.8992773995814851,0.007393301743851131
Test_421,0.09892161643764705,0.026277582363794547,0.06847872323933164,0.8063220779592267
Test_422,0.04532438588078743,0.004563408908688277,0.7609363047182713,0.189175900492253
Test_423,0.024063908172723057,0.5819243867977009,0.16977526448491773,0.22423644054465827
Test_424,0.11174688780466009,0.051574813098531014,0.7510373992071877,0.08564089988962123
Test_425,0.21730936059698644,0.05906556416475392,0.28917587482835755,0.4344492004099021
Test_426,0.2960054861648553,0.02687904775054187,0.5878061027583391,0.0893093633262637
Test_427,0.03649239284956737,0.0151971483931249,0.04533050623152884,0.9029799525257789
Test_428,0.08568923184527225,0.035734712977178035,0.012434934720575396,0.8661411204569743
Test_429,0.1527787454361008,0.03661706304740905,0.6637450634634011,0.14685912805308918
Test_430,0.005804835586282462,0.10554345437204203,0.8585575628914335,0.030094147150241942
Test_431,0.481431579249598,0.0020304282123965955,0.17454428723648469,0.34199370530152085
Test_432,0.3124901808747679,0.10505919664431404,0.08916755552632111,0.4932830669545971
Test_433,0.0440392574961716,0.013475136522520451,0.007129078351354388,0.9353565276299535
Test_434,0.34915328101768384,0.2573108196254403,0.058468501055896294,0.3350673983009796
Test_435,0.5098638249330005,0.018282116605335307,0.20701802205482897,0.2648360364068353
Test_436,0.7170666691823764,0.10772180430613137,0.06494488604454049,0.11026664046695175
Test_437,0.015057329165948114,0.020366947632252684,0.8099848220006755,0.15459090120112373
Test_438,0.0031825605767666684,0.13158053004921594,0.8368553578316705,0.02838155154234694
Test_439,0.16927588482886996,0.10581699470385571,0.7189804984669433,0.005926622000331087
Test_440,0.006821607431028667,0.053748941012157936,0.9230311652307908,0.016398286326022603
Test_441,0.21717735299393315,0.0434953160213456,0.2795027887031716,0.4598245422815497
Test_442,0.6383543870608832,0.008976500752951155,0.12519353625164892,0.22747557593451687
Test_443,0.11041301247631241,0.11296566510755689,0.05934427769021828,0.7172770447259124
Test_444,0.36859919066752844,0.042539750458091295,0.13281477628958294,0.4560462825847973
Test_445,0.002148498788943039,0.02545635899095126,0.9565487469746936,0.01584639524541211
Test_446,0.31274945949878047,0.07869172489480827,0.17379590437106526,0.43476291123534594
Test_447,0.5130151670663329,0.043809801828353,0.3841850401686633,0.05898999093665083
Test_448,0.05077778882020675,0.35392101150465016,0.4526764642624051,0.14262473541273787
Test_449,0.7567877600447983,0.04520124667342981,0.119946001935336,0.0780649913464357
Test_450,0.4317286223894864,0.0003279786656452034,0.07689823742650366,0.4910451615183648
Test_451,0.004840469680683672,0.09005083155110842,0.8471247425250676,0.05798395624314014
