image_id,healthy,multiple_diseases,rust,scab
Test_0,0.0029201860262725128,0.08173659929248737,0.9083584074950276,0.006984807186212316
Test_1,0.07683097807697936,0.012436690148576183,0.7744864212289011,0.13624591054554328
Test_2,0.6137793569321441,0.02662710891426953,0.1074219130779464,0.25217162107564006
Test_3,0.27844495687796406,0.1489360334654036,0.1612915354771629,0.4113274741794692
Test_4,0.012582730209406388,0.09618740204643281,0.87874128996649,0.012488577777670802
Test_5,0.45920200242262466,0.017453342815450263,0.42610042820390576,0.09724422655801922
Test_6,0.5622196876499754,0.0655814001341506,0.08531005338629695,0.2868888588295773
Test_7,0.05392696511967025,0.23675552617979725,0.3862746598498382,0.32304284885069406
Test_8,0.21950730810020086,0.21720772491131568,0.03794206268836567,0.5253429043001179
Test_9,0.5312593124557651,0.08083952994355417,0.3317123007091721,0.0561888568915086
Test_10,0.011588008843309428,0.0797042162391439,0.8727594002586561,0.035948374658890496
Test_11,0.43485532934412086,0.035219595842600766,0.2616964373815899,0.2682286374316885
Test_12,0.3331525217256971,0.0794108695299539,0.07212825933599165,0.5153083494083571
Test_13,0.24661823034648608,0.036570074594643454,0.6868944312325015,0.02991726382636899
Test_14,0.0018115295568390099,0.011815221086494833,0.9848107493164541,0.0015625000402118977
Test_15,0.6544222989556717,0.023944002902874732,0.2592926228698915,0.06234107527156235
Test_16,0.29052284973823744,0.09955890137654515,0.11293656720077552,0.49698168168444173
Test_17,0.03268333972103253,0.20027562145127423,0.2125355462859428,0.5545054925417506
Test_18,0.5333168224660293,0.10817970700731322,0.14640005922565602,0.21210341130100133
Test_19,0.015926381562130196,0.04088621324059187,0.9175710231731977,0.025616382024080373
Test_20,0.6972620931961914,0.007279852602543611,0.09054490175398305,0.20491315244728195
Test_21,0.6052859721689082,0.030059353970410846,0.10865287434065399,0.25600179952002744
Test_22,0.07368354328355106,0.11238726091695608,0.34613249975291666,0.46779669604657625
Test_23,0.07081514197009715,0.06798778356208686,0.09348427658323827,0.7677127978845779
Test_24,0.5612739556988761,0.05751924812975476,0.08245234679202235,0.298754449379347
Test_25,0.6094685246057833,0.02791390072556906,0.1044945286196281,0.25812304604901964
Test_26,0.15239007902687154,0.2771308706200847,0.20640679228924738,0.3640722580637964
Test_27,0.01701459664189174,0.06580455350077534,0.8631347940711777,0.054046055786154845
Test_28,0.7470362753973097,0.029494294936865246,0.12578480333821881,0.09768462632760622
Test_29,0.5762070625583737,0.0897759922356638,0.2659515715660523,0.06806537363991025
Test_30,0.4756585301282518,0.022493648586331145,0.07932644958988644,0.4225213716955308
Test_31,0.0073325684446907576,0.1279533133810262,0.8271370589828352,0.03757705919144799
Test_32,0.3170148586982574,0.07198888991693392,0.11697174583419034,0.4940245055506181
Test_33,0.010527243449513444,0.011118539393436709,0.005221870696538068,0.9731323464605117
Test_34,0.5911012380904908,0.032353471321145584,0.1091216681213389,0.26742362246702484
Test_35,0.5541940519811916,0.0320068101997899,0.1038107122408461,0.3099884255781722
Test_36,0.022336688696902172,0.09095738727381802,0.8586810095466488,0.028024914482631155
Test_37,0.6823138871766155,0.01991145356984615,0.08252618352007,0.21524847573346834
Test_38,0.014135585065281744,0.012890549624763542,0.014876930761363118,0.9580969345485912
Test_39,0.03333893976708107,0.02099553146309219,0.3802784108114452,0.5653871179583815
Test_40,0.18663101469401644,0.04222930918039795,0.6103599240551556,0.16077975207043024
Test_41,0.011436974948487577,0.040679581596198985,0.9264150726925543,0.021468370762759075
Test_42,0.020534164146235927,0.018138345562882956,0.014778282268412605,0.9465492080224684
Test_43,0.1325422351581304,0.019969325668703516,0.8317688710844979,0.0157195680886682
Test_44,0.38073462152217263,0.11520270490258712,0.07115866126770518,0.4329040123075351
Test_45,0.4123751961056305,0.025619113643540244,0.15066782715804286,0.4113378630927859
Test_46,0.22731951449898344,0.013752632474091597,0.03735177923191777,0.7215760737950072
Test_47,0.01917800491762175,0.10455810809831668,0.8190522566373042,0.05721163034675718
Test_48,0.004749546728847451,0.05814609498771343,0.9217518437827718,0.015352514500667184
Test_49,0.010326932535819964,0.05289702948792384,0.9085042127128296,0.028271825263426777
Test_50,0.007653751487615357,0.06780548158306623,0.9168423335270216,0.007698433402296478
Test_51,0.023063825813168723,0.04255856567480426,0.9018859970904515,0.03249161142157514
Test_52,0.10852058449349261,0.14233736488122484,0.4128062324103889,0.3363358182148938
Test_53,0.01295474050187804,0.03570485370842258,0.92655025608732,0.0247901497023797
Test_54,0.006143166441038531,0.08570530695323368,0.9041334084755108,0.004018118130217075
Test_55,0.2297040543491559,0.04699372886904187,0.20516708951795817,0.5181351272638441
Test_56,0.015122723950364783,0.027524860746971896,0.5127094151710917,0.44464300013157176
Test_57,0.592772104708222,0.026592115961232562,0.09200404766469639,0.2886317316658493
Test_58,0.07510627016916921,0.017238701470490857,0.018455702152278066,0.8891993262080619
Test_59,0.039579659171336976,0.20926437375483728,0.5504440116013736,0.20071195547245216
Test_60,0.009964580511211477,0.14721314269500183,0.37327809270071005,0.4695441840930767
Test_61,0.8467942837299675,0.022678814185787967,0.0959088372578895,0.03461806482635529
Test_62,0.17622573384356016,0.01176704119480158,0.7139483541163428,0.09805887084529541
Test_63,0.17422518309423002,0.22984686598127155,0.42164011427502324,0.17428783664947511
Test_64,0.48189919292837263,0.09286943164600898,0.17643445866533392,0.24879691676028426
Test_65,0.025083691329692414,0.04921501415390559,0.8459497415693178,0.07975155294708454
Test_66,0.6945960929187981,0.02972253799383028,0.22991943109874013,0.045761937988631526
Test_67,0.012801116689958487,0.2002667737377746,0.7406286707813093,0.04630343879095759
Test_68,0.15422268148068383,0.08922901518736329,0.045153680092357845,0.7113946232395955
Test_69,0.0062503981780209095,0.020800137341810233,0.9659145851756171,0.007034879304551734
Test_70,0.016617133906565586,0.06925009947454387,0.13875992023602085,0.7753728463828696
Test_71,0.018562722477963246,0.03418889248705645,0.9375908309985751,0.009657554036405419
Test_72,0.04972352488211071,0.07014908482965185,0.38503428424247654,0.4950931060457605
Test_73,0.8781696298067968,0.006865465412410822,0.07605902989914028,0.03890587488165184
Test_74,0.37278604120650155,0.03698891112711194,0.3622642525657644,0.22796079510062242
Test_75,0.5963112093472636,0.0320369631889923,0.11406996573483667,0.2575818617289076
Test_76,0.026162264555328402,0.15034618770729283,0.1305321464699318,0.692959401267447
Test_77,0.1279929789642483,0.028370400343373934,0.6173465146611938,0.22629010603118374
Test_78,0.4291806063537601,0.05903845964583533,0.13666563872929785,0.37511529527110676
Test_79,0.07399559894174818,0.04628937960701212,0.03304293602551091,0.8466720854257288
Test_80,0.10420964132623055,0.09414518001643037,0.3372770808377946,0.4643680978195445
Test_81,0.004054976702658625,0.10837793371037185,0.8809124584335474,0.006654631153422122
Test_82,0.6054476588336235,0.029729665764697443,0.10963895248818013,0.2551837229134991
Test_83,0.13062668756192156,0.2753421462059384,0.2408349622987802,0.35319620393336004
Test_84,0.6137929408837881,0.02926387776924591,0.1123550890298558,0.24458809231710996
Test_85,0.6136644849918393,0.02611157696476958,0.14616385628606873,0.21406008175732205
Test_86,0.04809274576187344,0.2197944225659708,0.5404217017268426,0.19169112994531315
Test_87,0.47759544924274294,0.0211062297817904,0.11218496441180452,0.38911335656366197
Test_88,0.13534467885678483,0.08318231446146611,0.022698677517911887,0.758774329163837
Test_89,0.28071430176337886,0.03711162087817689,0.5763858236880318,0.10578825367041268
Test_90,0.02956106936126928,0.04394745262621223,0.9164817737503698,0.01000970426214868
Test_91,0.7812455895159609,0.03599708960776564,0.04491815799087099,0.1378391628854023
Test_92,0.350718301981356,0.07510907340250851,0.06265193171706661,0.5115206928990688
Test_93,0.09600756993349047,0.197794940686897,0.5786590221882825,0.12753846719133
Test_94,0.10451250593395338,0.019757870684664097,0.03423748255294766,0.841492140828435
Test_95,0.3009689667068945,0.0914991244337498,0.3035481408519019,0.3039837680074539
Test_96,0.5020497852089826,0.023511029275905548,0.08589831745157295,0.3885408680635387
Test_97,0.8202950166445233,0.03348043892242193,0.07442861005002968,0.07179593438302528
Test_98,0.16832745969263624,0.1912803976711894,0.11171837632736886,0.5286737663088057
Test_99,0.11144442912705672,0.03614260916524738,0.6383405155963691,0.214072446111327
Test_100,0.030725061604060647,0.06147627075533178,0.010338331586137338,0.8974603360544701
Test_101,0.39311453550914227,0.08032555204405348,0.09752198255764759,0.4290379298891569
Test_102,0.062258487032361025,0.026434548470135936,0.018759554455164862,0.8925474100423384
Test_103,0.3331910746275105,0.10712260999409703,0.12495473794816922,0.43473157743022295
Test_104,0.4492904362018003,0.0482649053371971,0.1500182698511149,0.3524263886098877
Test_105,0.4459191126575468,0.029867623557412,0.092562858279828,0.43165040550521316
Test_106,0.4067997647848317,0.033863047496336424,0.48037729699187137,0.07895989072696111
Test_107,0.03133759035987716,0.29159067299357305,0.628651132292963,0.048420604353586784
Test_108,0.3383763644887279,0.038092496501920106,0.16759564264142837,0.4559354963679241
Test_109,0.3338521865067241,0.20084235734693467,0.3198777623000223,0.14542769384631896
Test_110,0.4688327983035867,0.044997971225707305,0.13857779967713946,0.3475914307935665
Test_111,0.6052226267826764,0.030180426718518564,0.10956406163274048,0.2550328848660647
Test_112,0.021169450689773408,0.10633262043218086,0.83248253734786,0.040015391530185455
Test_113,0.5953533314908093,0.054682140153566816,0.17429830731513257,0.17566622104049148
Test_114,0.38890864094858457,0.1972363800280748,0.06362144831983835,0.3502335307035025
Test_115,0.5750552559163599,0.025496485102188837,0.09461647786188304,0.3048317811195682
Test_116,0.5449872302645066,0.016112591559060575,0.3999533624542524,0.03894681572218057
Test_117,0.0050200912445654295,0.08990878783384951,0.8976027461488942,0.007468374772690924
Test_118,0.009296706846411987,0.14382936151768716,0.8390914493291507,0.007782482306750199
Test_119,0.35280910185246483,0.10749515714666673,0.1236174411728917,0.41607829982797656
Test_120,0.013384058568852643,0.022928620302565296,0.9516666971042589,0.012020624024323483
Test_121,0.11625321572578841,0.21191854062548007,0.28477862222122396,0.38704962142750743
Test_122,0.05830711719343139,0.10809190938920088,0.7688869837659502,0.06471398965141749
Test_123,0.05808327049808989,0.12634109334498067,0.7892798658889236,0.026295770268005992
Test_124,0.8496302641769049,0.0338085390342031,0.027379283524804187,0.08918191326408763
Test_125,0.020655113926621522,0.12258759729408322,0.13592933938956758,0.7208279493897277
Test_126,0.7573875998338883,0.018844413584116468,0.17640174047343365,0.04736624610856167
Test_127,0.07588306647869333,0.04232646854893084,0.022321117346420578,0.8594693476259552
Test_128,0.4001231480999857,0.02934359305756982,0.10104259963433769,0.46949065920810673
Test_129,0.008271599150065586,0.08348651035748736,0.8854789106074235,0.02276297988502374
Test_130,0.4403831141977503,0.021377017080494595,0.06434785801348764,0.47389201070826753
Test_131,0.026406368780677484,0.03406628267528675,0.025437249128876772,0.9140900994151593
Test_132,0.6197675624141913,0.08715637012894477,0.08943133670262585,0.2036447307542378
Test_133,0.061905187888229726,0.09540377809304562,0.049384660493627504,0.793306373525097
Test_134,0.6031786555388515,0.02837658235554828,0.10529105680373997,0.26315370530186055
Test_135,0.3699813768858815,0.04082209681662891,0.3924380991497571,0.19675842714773284
Test_136,0.029878932267725204,0.007217448706598719,0.04326522601506605,0.9196383930106098
Test_137,0.06110663221338684,0.051251986243121564,0.7878390071051941,0.09980237443829748
Test_138,0.014128020080285245,0.07875650421846347,0.8902571472333518,0.01685832846789987
Test_139,0.7975513587277668,0.013594004373264952,0.07379844208067447,0.11505619481829352
Test_140,0.058403501035399985,0.061157905089937625,0.7928977141955381,0.08754087967912406
Test_141,0.6079217191940184,0.029277301472657145,0.10718879762285032,0.25561218171047434
Test_142,0.23585982600380007,0.20882777300410651,0.3147344122583436,0.24057798873374994
Test_143,0.5552367331838733,0.09532535439987443,0.022494272871773566,0.32694363954447875
Test_144,0.28484061738897115,0.2610919419499006,0.24086081311499927,0.2132066275461292
Test_145,0.47476902865955034,0.11203500345666978,0.14211362453024426,0.2710823433535359
Test_146,0.03340685909164725,0.04584111969258679,0.8772306741495497,0.04352134706621632
Test_147,0.004809372874750597,0.05942623176517637,0.9129932445791623,0.022771150780910777
Test_148,0.4818761479328935,0.042592155027059146,0.2705442174316956,0.20498747960835176
Test_149,0.033932318383454306,0.23480876789483762,0.33883707288660125,0.39242184083510695
Test_150,0.4274815474163021,0.02319816088239902,0.20850907526866688,0.34081121643263196
Test_151,0.0024000398394909465,0.03255015183805532,0.9630618940776629,0.0019879142447908693
Test_152,0.37302629836289286,0.057209293791419855,0.29778031454381304,0.27198409330187406
Test_153,0.5773368833848292,0.039448102641615954,0.08813510209097647,0.29507991188257837
Test_154,0.20407411097316985,0.07769862013168344,0.6526788609006794,0.0655484079944675
Test_155,0.003052082577823697,0.0909333556197198,0.8974978801114628,0.008516681690993684
Test_156,0.031164376128415553,0.023215411920377682,0.038024905027207886,0.9075953069239986
Test_157,0.8740011220643743,0.027366438406841158,0.08006168111826077,0.018570758410523747
Test_158,0.042599922377531546,0.019279743446859177,0.02293952746396712,0.9151808067116423
Test_159,0.5029739018292613,0.013379137813083905,0.2357372557839388,0.24790970457371614
Test_160,0.7347039005542637,0.018523477292972313,0.1437816773795555,0.10299094477320844
Test_161,0.25426697613770566,0.0976676458388875,0.0645659904222471,0.5834993876011597
Test_162,0.09695093019271878,0.0158218523038255,0.852374432316744,0.03485278518671182
Test_163,0.002894814268670041,0.0599427223188287,0.935218933905428,0.0019435295070734404
Test_164,0.7425073614619299,0.028502740343808782,0.07401790109923635,0.1549719970950252
Test_165,0.499379882654689,0.05808042157665964,0.1808183142036234,0.2617213815650277
Test_166,0.41102327001559663,0.03778523232067268,0.37576934975844045,0.17542214790529043
Test_167,0.19498966610004592,0.015058660682428912,0.7606959367127235,0.029255736504801955
Test_168,0.014337317969799635,0.04817050630986344,0.9131119263188273,0.024380249401509613
Test_169,0.23309668216883445,0.040862134349103796,0.6492785991393261,0.07676258434273571
Test_170,0.597572493943854,0.02831268092284261,0.11538848207883104,0.2587263430544723
Test_171,0.004180096826103074,0.055694043298180625,0.8889945943140086,0.05113126556170741
Test_172,0.21623006813163945,0.07946199418083139,0.5277155021301817,0.1765924355573477
Test_173,0.008351088000303908,0.02085009410689827,0.9573558796045175,0.013442938288280169
Test_174,0.7997164457935225,0.020264124494178082,0.10370912913757689,0.07631030057472259
Test_175,0.5673809747594342,0.08155750532824584,0.05720445765867903,0.293857062253641
Test_176,0.7097621793325168,0.05465835378890216,0.11048397690119229,0.12509548997738876
Test_177,0.013034773664038183,0.019439902461577733,0.10327307851361266,0.8642522453607716
Test_178,0.028563316568430298,0.016015450126106702,0.013115559736790567,0.9423056735686725
Test_179,0.021446652280873044,0.04229786818263308,0.8991854109656471,0.037070068570846805
Test_180,0.5005505338917472,0.05120810014062764,0.13607257582918567,0.3121687901384394
Test_181,0.0691975837175004,0.22300122455427274,0.14790462298157525,0.5598965687466516
Test_182,0.006611346026880064,0.06693552213126495,0.916461680711565,0.009991451130289916
Test_183,0.43195547280243884,0.06778121209333997,0.2951861371254044,0.20507717797881653
Test_184,0.6029839255684881,0.029546323697820735,0.21880355907204996,0.14866619166164122
Test_185,0.14578986644824377,0.26893800120607836,0.38844441008277436,0.19682772226290343
Test_186,0.4598438969437073,0.02609024609283138,0.1952562396084025,0.31880961735505875
Test_187,0.08968468427820926,0.07790929688243642,0.7475764526185485,0.08482956622080562
Test_188,0.563089210106833,0.018722202068709108,0.20249664496581912,0.21569194285863907
Test_189,0.6042924806113451,0.025983927483974496,0.10791489814228414,0.2618086937623964
Test_190,0.09983706588979266,0.09082431636144053,0.4757581608668826,0.33358045688188437
Test_191,0.012750237514647452,0.0293136119458912,0.5648782124281426,0.3930579381113187
Test_192,0.7721557452169329,0.008830800030444933,0.05811899254585121,0.16089446220677114
Test_193,0.022557413644858366,0.0578491915271177,0.9062326966817867,0.013360698146237724
Test_194,0.013659107128086236,0.15906518654655402,0.7185662274344221,0.10870947889093759
Test_195,0.1575661926532767,0.11111213248880768,0.4779531823992542,0.2533684924586613
Test_196,0.46598279715965096,0.03678222671668698,0.18160982328178096,0.31562515284188103
Test_197,0.05239949440291161,0.06176285213111017,0.8330843897276544,0.05275326373832345
Test_198,0.01409308947923465,0.012484398292494104,0.008043976686959352,0.9653785355413119
Test_199,0.04379590456070559,0.07760925858014094,0.7909391601250658,0.08765567673408765
Test_200,0.016257142221206538,0.03646821469691182,0.9270361843115932,0.020238458770288594
Test_201,0.34343033265297357,0.06379295715554742,0.04972283972371291,0.543053870467766
Test_202,0.0031334796190044347,0.05383280509944435,0.9362935359340593,0.006740179347492178
Test_203,0.2520762528242423,0.07536523860276063,0.2777759057806512,0.39478260279234595
Test_204,0.19402694203851464,0.05581129883740845,0.15022269614003492,0.5999390629840423
Test_205,0.05938917611063882,0.025330140709347655,0.019995741171097325,0.8952849420089158
Test_206,0.1717079510399061,0.05374600073306621,0.15926694291200832,0.6152791053150195
Test_207,0.013833986430217106,0.09192313544748575,0.628451944272028,0.2657909338502694
Test_208,0.37825025134700324,0.13677485321908725,0.16793295143243023,0.317041944001479
Test_209,0.012143390042292257,0.08198464847221594,0.8404095424087955,0.06546241907669623
Test_210,0.24110732587924064,0.09676288880555174,0.3153462189183129,0.346783566396895
Test_211,0.006910983871529404,0.07450451134135876,0.905948199090111,0.012636305697000461
Test_212,0.015091824151035082,0.049814668232604234,0.9286377769380005,0.006455730678360086
Test_213,0.36065864669838277,0.08676803353243735,0.3770207858230427,0.17555253394613715
Test_214,0.012716087774458944,0.023672249009525196,0.7742535360260696,0.18935812718994613
Test_215,0.5060880798886108,0.030020922868468143,0.14208953731921362,0.32180145992370746
Test_216,0.37112902455065694,0.1623477990672361,0.22396369455744386,0.2425594818246631
Test_217,0.009113112694198148,0.07065200090013546,0.7963972376444999,0.12383764876116653
Test_218,0.6648626577071561,0.05764989125710746,0.10667160516843184,0.17081584586730458
Test_219,0.05434904661746267,0.18029680442781307,0.7382755110337288,0.02707863792099522
Test_220,0.10823307829466189,0.026441852166604825,0.059791691628415536,0.8055333779103179
Test_221,0.6063577586908186,0.030010820542108088,0.10823567587598901,0.2553957448910843
Test_222,0.142551028505125,0.02773045276574817,0.7078410860492945,0.12187743267983214
Test_223,0.006862171598882658,0.06162997372089806,0.8861786854163005,0.045329169263918515
Test_224,0.6021979656753831,0.029738868801743663,0.10855177531806058,0.2595113902048122
Test_225,0.2639920643465431,0.05089115410121958,0.20648545604659324,0.4786313255056439
Test_226,0.05619517737670467,0.3381668543395336,0.5521334105804698,0.05350455770329203
Test_227,0.284552895346562,0.028381264888563747,0.08120281355923308,0.6058630262056414
Test_228,0.6417362407469112,0.025434573478041896,0.1872188749849227,0.14561031079012407
Test_229,0.0038749008892399782,0.04951459217765593,0.9379197606145512,0.00869074631855307
Test_230,0.5971331632962381,0.025317363444257814,0.1193929542331098,0.2581565190263942
Test_231,0.08366748583676839,0.028810327412593494,0.030815696994267897,0.8567064897563702
Test_232,0.6450304007978247,0.041667757289689945,0.267234851824954,0.04606699008753134
Test_233,0.43269344943983507,0.020905413134292214,0.09226413506573823,0.4541370023601346
Test_234,0.6309642982882768,0.036353759271841105,0.1199882375723042,0.2126937048675775
Test_235,0.022237427548393533,0.05921178744820192,0.600614657736685,0.31793612726671916
Test_236,0.5720019327430437,0.024557070342391102,0.22586319126816595,0.17757780564639905
Test_237,0.1543713031158131,0.11602677243060933,0.10369683720535156,0.6259050872482265
Test_238,0.605253937504471,0.030174701718057063,0.10955536920715479,0.25501599157031724
Test_239,0.0072926501745595425,0.1297493169492578,0.824133038819605,0.03882499405657791
Test_240,0.0018335600751745612,0.03469965549750113,0.9604667272390337,0.003000057188290489
Test_241,0.17261060062742334,0.25489563694585,0.24153905422244853,0.3309547082042781
Test_242,0.12632765292340786,0.09991602635327794,0.05751840184370047,0.716237918879614
Test_243,0.8253320146094272,0.03785103733363469,0.04664694363679101,0.09017000442014737
Test_244,0.06819368103265777,0.10194446148166587,0.42508417913414603,0.4047776783515304
Test_245,0.01130435553426961,0.05383517834870098,0.9190250417029032,0.01583542441412641
Test_246,0.3712089105004416,0.08224510787520019,0.03300577425781556,0.5135402073665424
Test_247,0.00540332437462497,0.020047260921054147,0.052571656340867946,0.9219777583634526
Test_248,0.4737573832714788,0.10549473572601333,0.13149037481587517,0.2892575061866325
Test_249,0.2766255848005076,0.01112555151391029,0.31259277860174267,0.3996560850838397
Test_250,0.4483436027831506,0.10355365288245891,0.3675554874425389,0.0805472568918516
Test_251,0.30281265194308826,0.04990030379366854,0.05667976760774015,0.5906072766555034
Test_252,0.026938450920289625,0.009267871036272204,0.9500251409124465,0.013768537130991652
Test_253,0.16023828867811207,0.18553624531486457,0.05864262312706991,0.595582842879953
Test_254,0.2320492420798151,0.020062191092791098,0.07861780840593814,0.6692707584214558
Test_255,0.22156398113285541,0.0567195018845255,0.1479407239172142,0.5737757930654048
Test_256,0.021045209236603944,0.04951455345530732,0.03650037197791627,0.8929398653301724
Test_257,0.010944948152348626,0.06263704876141948,0.9028468451002609,0.023571157985971043
Test_258,0.08399901100706883,0.08360429894040557,0.4897925799573663,0.3426041100951594
Test_259,0.1457180055988079,0.0738260031587468,0.6744197515151663,0.10603623972727892
Test_260,0.0759006434532517,0.01445986943422723,0.0635712717784754,0.8460682153340454
Test_261,0.006333923619555618,0.07011275303516382,0.9047318008509085,0.018821522494371915
Test_262,0.2835300395724495,0.15982259263286397,0.18473122522222013,0.3719161425724666
Test_263,0.6866655065609414,0.021420069623172368,0.0568471463621935,0.2350672774536928
Test_264,0.07035822339210276,0.06176560298170096,0.80853474054903,0.059341433077166585
Test_265,0.5904349490107823,0.028081227995855843,0.10034977872208199,0.28113404427127997
Test_266,0.009498750183302061,0.014126104108935542,0.0027445763727181427,0.9736305693350444
Test_267,0.7207838425724061,0.01605418811562153,0.029190429432346593,0.2339715398796259
Test_268,0.010759242028239788,0.1654296638508457,0.7188359622591503,0.10497513186176397
Test_269,0.24867838552306593,0.016132707920131703,0.1814621123953161,0.5537267941614864
Test_270,0.5961318643626988,0.0245944647270202,0.08559319232481796,0.293680478585463
Test_271,0.33895967784565123,0.0708631878382807,0.21796863587948892,0.3722084984365792
Test_272,0.011393826767712866,0.10106208557077237,0.8625721120593935,0.02497197560212117
Test_273,0.48232215931063116,0.07306363480578955,0.12964075845538126,0.3149734474281976
Test_274,0.0007396827793778435,0.018838315700228387,0.9784786876029924,0.0019433139174019041
Test_275,0.03631786057993786,0.30551169329548933,0.5243613394735243,0.13380910665104848
Test_276,0.030162598158773906,0.22361128612593723,0.5773356023258207,0.16889051338946787
Test_277,0.5307856115226569,0.07567110953225824,0.07882261415855897,0.3147206647865259
Test_278,0.0965770499032723,0.024658686825785068,0.133342989244764,0.7454212740261785
Test_279,0.03154883488073222,0.01716626457992843,0.9161822694466717,0.03510263109266743
Test_280,0.5112798413418258,0.02441377639370031,0.13373744692532477,0.33056893533914933
Test_281,0.31750273148170355,0.010978442719646538,0.3348572799616129,0.33666154583703695
Test_282,0.0199208171756719,0.04215302968011465,0.0394323076242319,0.8984938455199813
Test_283,0.0036923278129319826,0.029549639738800707,0.9338424235535207,0.03291560889474639
Test_284,0.01713582464289271,0.2173972296417527,0.6759650571703354,0.08950188854501939
Test_285,0.6085139104951098,0.029545839675471433,0.1087591936680689,0.25318105616135034
Test_286,0.25899598212319874,0.011712202422951014,0.5845378822638816,0.1447539331899688
Test_287,0.34317040211599364,0.01138809721861669,0.4882349345860684,0.15720656607932124
Test_288,0.06630670961277325,0.047896289723546724,0.1292040208761583,0.7565929797875217
Test_289,0.007593156832276049,0.0049451690215897475,0.006445368644974579,0.9810163055011597
Test_290,0.1724420716026642,0.12712090149650915,0.3945133441844087,0.3059236827164182
Test_291,0.021773453299398733,0.021838830066420054,0.9497663791952813,0.006621337438899698
Test_292,0.4498480968516393,0.04972695483010997,0.22174752029330924,0.27867742802494133
Test_293,0.0019246342642410313,0.017811668239784407,0.9779380846233728,0.0023256128726017655
Test_294,0.037257151512018805,0.05756604261871152,0.8727326220002416,0.03244418386902812
Test_295,0.2112513565280979,0.03561083661670291,0.5989487199358261,0.15418908691937325
Test_296,0.08534908848145051,0.012049903896605922,0.8654293865378534,0.03717162108409025
Test_297,0.014493096010069793,0.10671694326516086,0.23863870723252162,0.6401512534922483
Test_298,0.037340016860189645,0.2189682881108081,0.5997774875457617,0.1439142074832404
Test_299,0.5855950416169753,0.03198429467640043,0.11055580691354314,0.2718648567930811
Test_300,0.6898240659932178,0.08678322354784819,0.07414810547842499,0.1492446049805094
Test_301,0.5701796793011806,0.012307159519467537,0.07954489505086562,0.3379682661284862
Test_302,0.015590571101862728,0.024781095427300087,0.848739858412253,0.11088847505858383
Test_303,0.5614133554318269,0.05085343765780017,0.1349085647362236,0.2528246421741491
Test_304,0.7038247302632528,0.028694075119207282,0.10184730694624093,0.16563388767129897
Test_305,0.33247587996590244,0.07070105874198308,0.4572143329031799,0.1396087283889349
Test_306,0.18101194111929997,0.01884478789704454,0.730921860919143,0.0692214100645124
Test_307,0.6942063939790386,0.021051308545475104,0.10665033932221898,0.17809195815326695
Test_308,0.16027751509463686,0.43652597260537523,0.08689655495905066,0.31629995734093724
Test_309,0.01271387490582163,0.19097890078330765,0.7337163876175394,0.06259083669333108
Test_310,0.007024026760645171,0.1500949618356784,0.7994305199286753,0.043450491475001386
Test_311,0.007101820850870849,0.08157575973854672,0.8782079036236895,0.03311451578689309
Test_312,0.07456696150701168,0.018179284285041414,0.030676534043619207,0.8765772201643279
Test_313,0.2999806238745917,0.0357258515078037,0.17823373453732447,0.48605979008028005
Test_314,0.24738652098097774,0.032199142163336456,0.3830308844277647,0.33738345242792134
Test_315,0.03220738350167787,0.008271922470623581,0.007824669709421824,0.9516960243182765
Test_316,0.5385193966491465,0.01943539541357997,0.39850567313557295,0.04353953480170038
Test_317,0.02731823471838371,0.16781941069655465,0.7854156516403367,0.01944670294472503
Test_318,0.12251448470058865,0.025009288398906888,0.0156299001133652,0.8368463267871395
Test_319,0.0047269636701406876,0.033732087397545976,0.9491383015121156,0.012402647420197643
Test_320,0.025546410332421488,0.042648843708231396,0.9167012530544281,0.015103492904918874
Test_321,0.5186102343757525,0.023015628078809358,0.34347570314045495,0.114898434404983
Test_322,0.22715141205592726,0.0562763952641395,0.19592745747824883,0.5206447352016844
Test_323,0.16250766035089845,0.07725497162464608,0.6652110391921515,0.09502632883230384
Test_324,0.03203582029498782,0.11736893864104683,0.7966099640243911,0.05398527703957404
Test_325,0.2807717008523048,0.01784799529640276,0.20761493705398693,0.4937653667973055
Test_326,0.011491181721273442,0.029488622026659674,0.9202353685189252,0.0387848277331419
Test_327,0.05023501936340076,0.03907523999744141,0.01945997140995097,0.891229769229207
Test_328,0.43689727722869154,0.030594412079504706,0.36002779442268384,0.17248051626912003
Test_329,0.03148944350858571,0.05513377473619697,0.8964110779530226,0.016965703802195108
Test_330,0.034843319608601944,0.13962983196334774,0.5541115044909132,0.27141534393713707
Test_331,0.32510946741971497,0.03031240150908981,0.08040537581144397,0.564172755259751
Test_332,0.6727183945422649,0.08279394180138837,0.13020187650050116,0.11428578715584543
Test_333,0.07677620149780216,0.04460635253139365,0.8418310504405279,0.03678639553027652
Test_334,0.01007061697622951,0.018378798454566053,0.9659119423037705,0.005638642265433971
Test_335,0.6340289931962155,0.020614987659844566,0.15804014250834952,0.18731587663559052
Test_336,0.22478720163932078,0.11323766090076486,0.5909344113384053,0.07104072612150916
Test_337,0.6925017829001751,0.017249467034979357,0.044710905956301554,0.2455378441085441
Test_338,0.48943920449625883,0.044951233409071985,0.08166582375305102,0.3839437383416179
Test_339,0.4130479358452633,0.09691090358959993,0.32006209973416944,0.16997906083096723
Test_340,0.09085186791122864,0.018853841339617795,0.8151121294590258,0.07518216129012768
Test_341,0.5720725570127212,0.027057426027073207,0.04403644526505786,0.35683357169514784
Test_342,0.8619975852818705,0.025310752497362615,0.03430494664604032,0.07838671557472647
Test_343,0.6014590304594263,0.028507046068638818,0.10189153185720161,0.2681423916147332
Test_344,0.023833663091954727,0.0918752584091037,0.8648362765870631,0.01945480191187853
Test_345,0.02430853899444893,0.05646931904276418,0.7658332914806004,0.15338885048218642
Test_346,0.0012829204926714155,0.030343422019037957,0.9660862739290488,0.0022873835592419744
Test_347,0.6031547565799555,0.02391482210208979,0.096951868685676,0.27597855263227883
Test_348,0.5495865510354254,0.024891276256613217,0.09120681772823448,0.33431535497972675
Test_349,0.34304835852681886,0.07132616849891492,0.032968799864224504,0.552656673110042
Test_350,0.027731231425281153,0.0476139878263673,0.11189950122592195,0.8127552795224293
Test_351,0.007632053622563257,0.05935696300216349,0.9217421875217875,0.011268795853486032
Test_352,0.08429524474349355,0.1798398506291518,0.2980217170304125,0.43784318759694196
Test_353,0.50575632717887,0.063582202202706,0.13657968037370125,0.294081790244723
Test_354,0.3410357759884704,0.03484955913473288,0.2795424156529333,0.3445722492238636
Test_355,0.3854406525103142,0.03757538455857958,0.08251341733548267,0.4944705455956235
Test_356,0.5789678578796126,0.039555018319236475,0.17782283325550843,0.2036542905456425
Test_357,0.6660356728358202,0.01622659677919738,0.25831079272334345,0.05942693766163873
Test_358,0.6324948196452119,0.02528068106256085,0.09972400218038505,0.24250049711184213
Test_359,0.016859709992693588,0.008140318400468947,0.016771568772962337,0.9582284028338752
Test_360,0.4590950691387499,0.061439557990079614,0.36502114806718233,0.11444422480398815
Test_361,0.7016667536453846,0.0271088408314644,0.20369976274148077,0.06752464278166977
Test_362,0.37979384071800476,0.033806676121473055,0.2252090796518714,0.3611904035086506
Test_363,0.006307541477082372,0.02296510291071799,0.9349471703666801,0.03578018524551968
Test_364,0.1452550909683391,0.023173534903966585,0.6623843148389849,0.1691870592887097
Test_365,0.04451249546746805,0.028164960361083534,0.8858460573202741,0.041476486851174346
Test_366,0.03733111585140151,0.12608473126363903,0.7916396818304828,0.04494447105447674
Test_367,0.21885289022763257,0.02630601575080193,0.272694919103539,0.48214617491802647
Test_368,0.6716113256164672,0.013477842799031789,0.0994560865298315,0.21545474505466933
Test_369,0.011240727306070912,0.04166530611480992,0.038667602590421034,0.9084263639886978
Test_370,0.017936420535576952,0.005703708896463051,0.9677533386747957,0.008606531893164394
Test_371,0.032982742678683265,0.0890555163252587,0.8330146052604518,0.04494713573560645
Test_372,0.040190754880189576,0.036699515298877175,0.3992033849361491,0.523906344884784
Test_373,0.014178656774697972,0.1220103745449653,0.7073910168993375,0.15641995178099918
Test_374,0.060982543633151254,0.27519362614848303,0.6043594135651978,0.05946441665316784
Test_375,0.45889456857260946,0.04009606015770046,0.015147260881846059,0.48586211038784394
Test_376,0.45426417005081005,0.15702295906376815,0.2961094238946083,0.09260344699081346
Test_377,0.4885927392646292,0.03354774897512608,0.05376236897885479,0.4240971427813899
Test_378,0.3346610448887968,0.02699672662945688,0.4766486550116177,0.16169357347012897
Test_379,0.07294352735824436,0.04616152161965689,0.8281812549957075,0.05271369602639072
Test_380,0.010408156414372302,0.08887109562707479,0.694733177208413,0.20598757075014007
Test_381,0.8425036510254766,0.028893131817550703,0.028044908627707064,0.10055830852926548
Test_382,0.5596092080617326,0.04185953580389252,0.04136161465275349,0.35716964148162134
Test_383,0.6662060721850613,0.026653879851573657,0.08351721948718677,0.22362282847617806
Test_384,0.6406431923876363,0.023873257010354056,0.10899891584815458,0.2264846347538551
Test_385,0.0767069659813679,0.05301729616267838,0.14710066521370907,0.7231750726422447
Test_386,0.004257748935710975,0.24217275597667365,0.6948060671818852,0.05876342790573003
Test_387,0.12807287096834838,0.11907760176634136,0.10620598370305916,0.646643543562251
Test_388,0.30124033075978857,0.10410873130986448,0.07266513943911296,0.5219857984912343
Test_389,0.29770596721854453,0.2200570887997699,0.28885871002600244,0.19337823395568315
Test_390,0.2824503564070207,0.09427952234882324,0.1415867666905485,0.4816833545536074
Test_391,0.006741932538546299,0.04439105511067304,0.9284271291381773,0.02043988321260357
Test_392,0.008997602081273539,0.03492776979162951,0.9455902217568576,0.010484406370239435
Test_393,0.018119406266543563,0.23026732066007258,0.09796217229813485,0.6536511007752491
Test_394,0.5839387407863855,0.02451435840193722,0.08482815052766411,0.3067187502840133
Test_395,0.4134816460102462,0.10138527165025545,0.2917844090202642,0.19334867331923417
Test_396,0.5897085746832451,0.02061593249377415,0.17931598860733602,0.21035950421564448
Test_397,0.15083455270722707,0.0544383550264777,0.035983496454886486,0.7587435958114088
Test_398,0.06770675655660706,0.05516936944444271,0.7952516769742441,0.08187219702470605
Test_399,0.48453273971581595,0.08380752278076285,0.11741375297890196,0.3142459845245195
Test_400,0.030877074328603576,0.0753228316817863,0.8180463004841162,0.07575379350549381
Test_401,0.026926349404065002,0.1346622368363315,0.8160418366948421,0.022369577064761607
Test_402,0.2903313310848551,0.026166384113263157,0.12049455667079687,0.5630077281310849
Test_403,0.009423584287860035,0.08482237559050526,0.5721778675893088,0.33357617253232585
Test_404,0.12100277851887592,0.02332834551552441,0.06529108184809618,0.7903777941175036
Test_405,0.012692058124669362,0.011999486515070082,0.008777971867562065,0.9665304834926985
Test_406,0.0030330669542185927,0.008505780672716196,0.006101958348468984,0.9823591940245959
Test_407,0.005503184858427206,0.017946505381974898,0.002836421015517836,0.9737138887440803
Test_408,0.03626593942726816,0.026783013068606816,0.008034015569475701,0.9289170319346493
Test_409,0.004912243563169685,0.09150814306791567,0.8838220087178604,0.019757604651054392
Test_410,0.007507959789136394,0.016660707572058835,0.0024841100933367228,0.9733472225454682
Test_411,0.6648846194503872,0.011880614545270339,0.06611315307186631,0.2571216129324759
Test_412,0.03912413924567103,0.14096398558828566,0.6636028612841514,0.15630901388189195
Test_413,0.40848752285344975,0.06638125928406875,0.38028501557030014,0.1448462022921815
Test_414,0.15879408171812998,0.21825345067518043,0.5201116449294693,0.10284082267722013
Test_415,0.0031053628633599343,0.04317047109050693,0.9460622046272981,0.00766196141883519
Test_416,0.09888724366831977,0.012070150766713863,0.4745713569518604,0.4144712486131058
Test_417,0.002452558467324463,0.007885986118240908,0.9885942742335787,0.0010671811808560358
Test_418,0.609221802584155,0.03453853139015866,0.16624042242726497,0.18999924359842113
Test_419,0.7028475423508871,0.03813688287710037,0.08732428659413158,0.17169128817788076
Test_420,0.02580381406191155,0.06183272115219554,0.8949685542637649,0.01739491052212777
Test_421,0.07494381859680654,0.015171602362259982,0.026417430320263665,0.8834671487206699
Test_422,0.5927729132796963,0.02905935734402749,0.10348020786652791,0.2746875215097485
Test_423,0.03663846921078979,0.24232565467998668,0.5661122768764016,0.1549235992328217
Test_424,0.011418365335730792,0.03535950961631886,0.9333214181064761,0.019900706941474083
Test_425,0.307904390932237,0.1743488731209316,0.0740414587931294,0.4437052771537023
Test_426,0.02738074268644033,0.04120843165679624,0.875670883674713,0.05573994198205043
Test_427,0.023089884047616503,0.01468814258753047,0.02214018763452429,0.9400817857303291
Test_428,0.017255952357006544,0.03526024279292281,0.01346074620131603,0.9340230586487547
Test_429,0.07383804139926198,0.04265457158744143,0.8388257125708322,0.044681674442464125
Test_430,0.008744954928712648,0.08151278585411367,0.8950379604500261,0.014704298767147564
Test_431,0.5082834766604655,0.04324186631280729,0.12910483779532037,0.3193698192314066
Test_432,0.11612867954996144,0.13452877670642852,0.09408519289042201,0.6552573508531883
Test_433,0.010286088055066854,0.008681025561293056,0.006948662717342653,0.9740842236662975
Test_434,0.13907282669976795,0.1940743862741284,0.12014329095851613,0.5467094960675877
Test_435,0.30264776697497686,0.03146500575607951,0.4896567222725334,0.1762305049964102
Test_436,0.6661131537018394,0.03244380968643927,0.23966535167948086,0.06177768493224024
Test_437,0.056369232251321316,0.07096656105770063,0.8077947845543841,0.06486942213659376
Test_438,0.022540231887647946,0.1056762741751094,0.7653776904106304,0.10640580352661216
Test_439,0.1463100011405421,0.12837882675950504,0.6817266116196237,0.043584560480329326
Test_440,0.002325870903328994,0.05934965389393561,0.9264953547903378,0.011829120412397772
Test_441,0.3122682560451962,0.026434511510985116,0.13230630480519423,0.5289909276386245
Test_442,0.5108081553863432,0.024199285948850117,0.0883118631017065,0.3766806955631
Test_443,0.01099416918921356,0.07464159976395988,0.01212791138215035,0.9022363196646763
Test_444,0.506149882206181,0.11111195625935796,0.23514372683069346,0.14759443470376774
Test_445,0.01422845086176851,0.04522734059107334,0.9250940804323342,0.015450128114823674
Test_446,0.23302856121101487,0.14125235490415178,0.2716887289489447,0.3540303549358887
Test_447,0.008433118537611289,0.015758663518247458,0.9704460377141123,0.005362180230029304
Test_448,0.014939923196070933,0.16626999664950956,0.7741535809400018,0.04463649921441783
Test_449,0.314385300291702,0.20209593759177127,0.1634312509298738,0.32008751118665335
Test_450,0.22605257877158838,0.02338168386108653,0.5780638881066956,0.17250184926062953
Test_451,0.02772015192861371,0.06367719164365886,0.8663017522324399,0.042300904195287675
Test_452,0.22900522947976754,0.07729256972636632,0.36816535944352463,0.3255368413503415
