image_id,healthy,multiple_diseases,rust,scab
Test_0,0.0026134964192325288,0.15879207608812113,0.5384918237412591,0.30010260375138736
Test_1,0.004525454439153145,0.15206062335168363,0.7937795717920395,0.049634350417123635
Test_2,0.010742379761325265,0.01869906136028353,0.004202381177291166,0.9663561777011003
Test_3,0.9607185338227606,0.0024707672487444686,0.028318874758530187,0.008491824169964534
Test_4,1.5382495465497717e-05,0.005628592149553923,0.993829258978223,0.0005267663767577237
Test_5,0.7532407790239983,0.008914251059149163,0.19877189237791662,0.03907307753893597
Test_6,0.7957381395067339,0.009143427289477929,0.016908355319186295,0.17821007788460208
Test_7,0.00040077894733730205,0.00866522591706557,0.0004175667609951202,0.9905164283746016
Test_8,0.1666729812652777,0.12746445070329196,0.01880087586328524,0.6870616921681454
Test_9,0.3222760133595031,0.06214093508784234,0.5402273117954046,0.07535573975724964
Test_10,0.0013172937893409517,0.10163006521416487,0.8934780350673585,0.003574605929135393
Test_11,0.13336434363074626,0.02049805997939127,0.8402600336402397,0.0058775627496228085
Test_12,0.15551107041852072,0.08397524909658674,0.014397012865416219,0.7461166676194761
Test_13,0.9194444792998383,0.0021483848808232413,0.05376970023956225,0.024637435579775994
Test_14,0.0017592667361186636,0.009241615302243227,0.9876342863095633,0.0013648316520749402
Test_15,0.18924109346483167,0.05019885217013698,0.6752661442525768,0.08529391011245462
Test_16,0.6869740136925371,0.035929286099568164,0.1605923630967477,0.11650433711114702
Test_17,0.015605314887323179,0.21275116957941465,0.013255486719346324,0.7583880288139158
Test_18,0.38653497958428223,0.048679300523854656,0.028695768006374092,0.5360899518854891
Test_19,0.004890520443497664,0.11869553198003745,0.8546584881391309,0.02175545943733409
Test_20,0.06531908747981569,0.020333816093670447,0.028817299509918622,0.8855297969165952
Test_21,0.8505567617050295,0.002638948909671539,0.12084406705080128,0.025960222334497806
Test_22,0.006169760282521615,0.13607203274751034,0.8528554809370583,0.0049027260329097076
Test_23,0.0015389026166912582,0.005982578192342731,0.0029011102349323563,0.9895774089560337
Test_24,0.9030040047565103,0.011474078647610755,0.017346684912664903,0.06817523168321388
Test_25,0.3743608847631427,0.04568993295291458,0.03748446650238041,0.5424647157815623
Test_26,0.05136975396744627,0.06859906088303501,0.19151688487805948,0.688514300271459
Test_27,0.00045754790814641553,0.02461530225121899,0.966264416033043,0.008662733807591657
Test_28,0.942424880971999,0.005489064996748642,0.0038803131755070514,0.04820574085574554
Test_29,0.11985909748021915,0.2453966673035425,0.07690189288804487,0.5578423423281936
Test_30,0.7752416247235863,0.009874846099057977,0.1596664911662702,0.05521703801108534
Test_31,0.0007494278358591071,0.43816115897352204,0.5502821717699377,0.010807241420681143
Test_32,0.026798618756768654,0.027514726519961275,0.02248855071642065,0.9231981040068498
Test_33,0.19326744468605853,0.015159046388503673,0.02718901120659839,0.7643844977188394
Test_34,0.35213970941816447,0.12492836782655779,0.10632509399050728,0.41660682876477034
Test_35,0.009461495547391995,0.0045048839854172585,0.004196494661609662,0.9818371258055809
Test_36,0.0018288194912539815,0.041389215843798434,0.954137250365855,0.0026447142990927578
Test_37,0.08769752186189747,0.06944373562210343,0.008205125269648639,0.8346536172463506
Test_38,0.003238254831366942,0.02845447525189496,0.0026054817028667255,0.9657017882138714
Test_39,0.17576181139814923,0.01967243549278049,0.7347085776709933,0.06985717543807717
Test_40,0.002944497394520942,0.09715019381802728,0.8784448407649743,0.021460468022477957
Test_41,0.0021159397313728202,0.10172358489541064,0.8909165711410237,0.005243904232193154
Test_42,0.0021366870357032463,0.02275603647052642,0.006715566290338501,0.9683917102034321
Test_43,0.9809243689912386,0.0003775226939530604,0.015661398177583653,0.003036710137224639
Test_44,0.22369738983945073,0.09161854160972949,0.013347105866427959,0.6713369626843921
Test_45,0.2250582643603675,0.1628523258125826,0.08597613057159345,0.5261132792554561
Test_46,0.5356392649033728,0.11130356886179574,0.02597756094035896,0.3270796052944724
Test_47,0.0019527242464300427,0.022574448808773153,0.9720663684055572,0.0034064585392393773
Test_48,0.003647697011568821,0.17301553309401216,0.8107267238816235,0.012610046012795558
Test_49,0.006409013546937985,0.00363744588726391,0.9856848541480723,0.004268686417726004
Test_50,0.0022062785471803105,0.030439677689727426,0.958870524238176,0.008483519524916043
Test_51,0.0034271463320724735,0.08085499824455462,0.8918848523344891,0.023833003088884048
Test_52,0.0027844908961518876,0.1388945084413513,0.8298226345085059,0.028498366153990783
Test_53,0.0004172998182455451,0.0030896485558275432,0.9961632743185057,0.0003297773074211012
Test_54,0.006104550789022527,0.4530132623436984,0.4586032454330314,0.08227894143424798
Test_55,0.06951804989800862,0.02893958641223438,0.7940838518066105,0.10745851188314663
Test_56,0.4500426807695306,0.12595118852337325,0.022572893917372962,0.4014332367897234
Test_57,0.1444092637110592,0.011797365409565011,0.7470923062156168,0.09670106466375895
Test_58,0.001557883578695377,0.006260059561821431,0.0014372827053012137,0.990744774154182
Test_59,0.015980770724251473,0.23584435806379833,0.7059718165874872,0.04220305462446325
Test_60,0.008108937984445584,0.05471253732510799,0.027955034049213914,0.9092234906412325
Test_61,0.6081836784367716,0.05811368353422036,0.05002432770550076,0.283678310323507
Test_62,0.796622437169905,0.009208157287979388,0.14486711019782703,0.049302295344288434
Test_63,0.008518863331460421,0.090771348344726,0.04060009033757914,0.8601096979862342
Test_64,0.8935350074356536,0.011678474756972692,0.03384257866390242,0.06094393914347098
Test_65,0.001683165418537404,0.13317858129776844,0.8316055662201467,0.033532687063547666
Test_66,0.971335017767194,0.008158188771022154,0.010342160129443525,0.01016463333234019
Test_67,0.0037117315709260814,0.2736019101419493,0.6833789136875174,0.039307444599607604
Test_68,0.19461905753449443,0.07844908350012166,0.07151642224257354,0.6554154367228101
Test_69,0.00019007362893698796,0.017125491988456462,0.9786214472117163,0.0040629871708902435
Test_70,0.013461897219895174,0.030529296628016647,0.07585178115519263,0.8801570249968954
Test_71,0.41186035657237363,0.01318684769875311,0.5550021162421297,0.0199506794867436
Test_72,0.41878268034046,0.05535722904577744,0.010077844764468125,0.5157822458492946
Test_73,0.8751303518154029,0.012796687056613238,0.07923436139375432,0.03283859973422959
Test_74,0.8085674477720686,0.008180918270775927,0.03425896632666605,0.1489926676304894
Test_75,0.0064796787187058275,0.041456390658472314,0.08172268059983892,0.8703412500229833
Test_76,0.9366962477240761,0.000736069523959547,0.04428696904375146,0.018280713708212916
Test_77,0.028162325630285354,0.020171205129770338,0.9396067969032932,0.012059672336650826
Test_78,0.0021989790244625086,0.5667173742190041,0.014634387124780894,0.4164492596317524
Test_79,0.4701839834403186,0.03481651082348385,0.05862900383605821,0.43637050190013954
Test_80,0.004025866884144809,0.6433252663187609,0.08805501276511539,0.264593854031979
Test_81,0.0007077293148760748,0.09255455726543034,0.8906261740592576,0.01611153936043582
Test_82,0.01813961074577868,0.5834855260557917,0.21519045679433782,0.18318440640409145
Test_83,0.0008527265598554923,0.17914551359467593,0.8023280873735855,0.01767367247188291
Test_84,0.03556610526831613,0.006120996142080182,0.005944674298231358,0.9523682242913725
Test_85,0.7976302592524249,0.0041074624679332105,0.017853315141625557,0.18040896313801613
Test_86,0.14166832148120423,0.18376958837046495,0.21772800642005052,0.4568340837282801
Test_87,0.8531741498355688,0.034856275620971156,0.008660302184320033,0.10330927235914045
Test_88,0.03666690277347194,0.15000983813254695,0.044972573789650284,0.7683506853043309
Test_89,0.8088459797927903,0.04257753617910914,0.087415965302778,0.0611605187253228
Test_90,0.001867795165148932,0.01580450546305714,0.9799497664820959,0.002377932889697914
Test_91,0.19645465435807738,0.07481658070721191,0.4701938971933245,0.2585348677413861
Test_92,0.7622230114598896,0.002749237217141385,0.22702056281718225,0.008007188505786796
Test_93,0.000712397073159915,0.1442935430166018,0.8524064388242524,0.002587621085985921
Test_94,0.007174204430706793,0.013896785469962364,0.009832884654800648,0.9690961254445299
Test_95,0.2747890137346275,0.0452147991798976,0.6201123997072395,0.059883787378235354
Test_96,0.044015182590431814,0.0022986666628266607,0.008108914405673696,0.9455772363410679
Test_97,0.6391407491900982,0.07782914924091416,0.041506899188670246,0.24152320238031727
Test_98,0.033650032837251424,0.20305825054259277,0.024013459629613477,0.7392782569905421
Test_99,0.4427022944011222,0.13699533236969635,0.22338815030239664,0.19691422292678495
Test_100,0.02972188699269397,0.2599861884464023,0.01747787192570773,0.6928140526351964
Test_101,0.693209953450442,0.05258295429028506,0.06362246479707012,0.19058462746220264
Test_102,0.04911863056853545,0.031318203300488456,0.01491948065522162,0.9046436854757542
Test_103,0.05924132719440684,0.026306129293814103,0.8965711283244998,0.017881415187278957
Test_104,0.0963465111534007,0.07514953260513196,0.0396906999251987,0.7888132563162688
Test_105,0.27477853203304886,0.007680062816635423,0.06476655338133389,0.6527748517689819
Test_106,0.611488044643368,0.026799732533145784,0.10640468160844167,0.255307541215044
Test_107,0.0023529898009326503,0.049199624809670404,0.9431324073738091,0.005314978015587812
Test_108,0.006635120108718436,0.011256132956795107,0.002509265391438643,0.9795994815430477
Test_109,0.06741083725526051,0.13705756903032046,0.028336829658413623,0.7671947640560054
Test_110,0.09671442404514306,0.03596791508917942,0.0074284177330363,0.8598892431326411
Test_111,0.527922108723129,0.00985701842078957,0.0598059219133632,0.40241495094271834
Test_112,0.0028679823970426885,0.14054365437727587,0.8354783375338156,0.02111002569186597
Test_113,0.09424902553129025,0.094003513279743,0.024679070294959103,0.7870683908940076
Test_114,0.05278883625167305,0.32444387101193506,0.4453427817628476,0.177424510973544
Test_115,0.0011494302448631765,0.026943469267582995,0.9655615583006065,0.006345542186947567
Test_116,0.007936946397980227,0.11280067125402217,0.8749528883177958,0.004309494030201636
Test_117,0.004233705080998967,0.02982586872144843,0.954061298891526,0.011879127306026692
Test_118,0.0008717927289430367,0.05092175448217757,0.9438873659858044,0.004319086803075025
Test_119,0.5257329209348799,0.061491393266406756,0.389252023183847,0.023523662614866294
Test_120,8.0210345348878e-05,0.008776074070501187,0.9890618654093066,0.0020818501748433712
Test_121,0.1671901713931775,0.11622015071625678,0.6080541618971604,0.10853551599340537
Test_122,0.006004649614728167,0.2006443960800789,0.7778316919152893,0.015519262389903398
Test_123,0.0013981437741405482,0.2668223296108827,0.7279857571015763,0.003793769513400263
Test_124,0.012416724526610533,0.09854911741033215,0.00488477405025552,0.8841493840128014
Test_125,0.21798467390087126,0.4883885437928602,0.14713106015913938,0.1464957221471292
Test_126,0.9694304858432162,0.004051141563968324,0.021859892438652946,0.004658480154162308
Test_127,0.8708518175611408,0.02714083223418583,0.021496407527206416,0.080510942677467
Test_128,0.0058728998793496695,0.30977835206034604,0.26946400930728315,0.41488473875302073
Test_129,0.2123666707152428,0.21152882145693608,0.5053588064786427,0.0707457013491781
Test_130,0.09076239464880011,0.07002309579764385,0.0028539111246451993,0.836360598428911
Test_131,0.0023184997203841086,0.02543451608966876,0.0028350720627946264,0.9694119121271528
Test_132,0.9901959021476103,0.000507405628922043,0.005717792574481098,0.0035788996489868
Test_133,0.0036166193929135105,0.03174317559722217,0.002937263161941591,0.9617029418479229
Test_134,0.8586584214347334,0.006587850079550589,0.052366834243496696,0.0823868942422193
Test_135,0.05597968861527061,0.22885671183073297,0.0992151908638864,0.61594840869011
Test_136,0.0014001670875826834,0.007558475391642767,0.002442695507881812,0.9885986620128928
Test_137,0.0036831093571513796,0.1639738026155367,0.8278248817956865,0.004518206231625543
Test_138,0.00028573483759410323,0.023157896853508473,0.9760345784864705,0.0005217898224269846
Test_139,0.9881200588144654,0.0014870762568088317,0.004447237483722098,0.00594562744500353
Test_140,0.15263482508846113,0.03794321749645791,0.754347895556486,0.05507406185859521
Test_141,0.018502091271185985,0.002518801479798163,0.003547755298484517,0.9754313519505314
Test_142,0.00601177881571931,0.21464430417243946,0.05332907430546547,0.7260148427063756
Test_143,0.007875094480683001,0.03140941195984778,0.002657504350629025,0.9580579892088401
Test_144,0.9312779150351596,0.002969990020862966,0.028318369323967578,0.03743372562000997
Test_145,0.191989082260395,0.2825401370484023,0.0619863189326108,0.4634844617585916
Test_146,0.006639520066847856,0.01586480965737481,0.9741417172219832,0.0033539530537942514
Test_147,0.0010085749858845157,0.09358316343325306,0.8876355768319357,0.017772684748926897
Test_148,0.9357470341550937,0.018623668149755492,0.0068182553220180325,0.038811042373132924
Test_149,0.05422930304927103,0.0758029788738901,0.8561981183104089,0.013769599766429663
Test_150,0.11249698176731183,0.1611962129252099,0.6197651833401194,0.10654162196735882
Test_151,0.001092090640515179,0.016310368515162432,0.9816671861311973,0.000930354713125238
Test_152,0.005944232694613451,0.11974740717799508,0.834391723542958,0.03991663658443346
Test_153,0.17830676707391105,0.0447903373831293,0.20829642021862602,0.5686064753243336
Test_154,0.02455916225228966,0.17675091179516284,0.7310263854884828,0.06766354046406474
Test_155,0.0064716038714138675,0.05291009388371802,0.9103523404181254,0.03026596182674237
Test_156,0.03515616911572387,0.026705339634757293,0.008440300662083336,0.9296981905874354
Test_157,0.008994670818724359,0.02293081050822112,0.558907400911794,0.40916711776126036
Test_158,0.013966924982617772,0.07070631663092056,0.002938714780610171,0.9123880436058515
Test_159,0.13786757102426778,0.04548822326078349,0.6498284960638899,0.16681570965105896
Test_160,0.9688951774728449,0.008320177900887751,0.016729130082279123,0.006055514543988431
Test_161,0.008430050328090778,0.20437935168159854,0.7378910384457235,0.04929955954458739
Test_162,0.002913313430677276,0.005869833502667685,0.9888160107771594,0.002400842289495527
Test_163,0.006843040265517944,0.4737210410490823,0.456060801648077,0.06337511703732293
Test_164,0.4189527335315444,0.16406869492989498,0.1018813699752866,0.3150972015632739
Test_165,0.03054018056651991,0.1311405173550308,0.06225102306024186,0.7760682790182073
Test_166,0.18969316901007335,0.02601282167798025,0.7039215388890852,0.08037247042286143
Test_167,5.4915554647092074e-05,0.0034227687261261463,0.9959684852475577,0.0005538304716689949
Test_168,0.0053117465412511645,0.09357494683998795,0.8699721382476444,0.031141168371116742
Test_169,0.19328728847870763,0.035038400408836094,0.6745296173727551,0.09714469373970104
Test_170,0.47132078985335357,0.08134612913732923,0.2364092642387781,0.21092381677053892
Test_171,0.010041988043654663,0.053857798124472424,0.9084118520401581,0.027688361791714754
Test_172,0.017793427537425896,0.4132717709067668,0.5394645824114265,0.02947021914438073
Test_173,0.011786215551066747,0.030617309238633775,0.9541011837924613,0.0034952914178381536
Test_174,0.5979047760257806,0.07974499750438795,0.029706462727890074,0.29264376374194095
Test_175,0.5260836145510821,0.16743235946300872,0.14766637278107553,0.15881765320483382
Test_176,0.001601837711367653,0.10764217071695845,0.8870751013240169,0.003680890247656735
Test_177,0.1281340050755115,0.010350000511873287,0.0018209601988421423,0.8596950342137729
Test_178,0.006739882991280899,0.025106673102281356,0.0038311514412696255,0.9643222924651681
Test_179,0.0010127650729171956,0.1090968476404169,0.8792241110089083,0.010666276277757392
Test_180,0.03306819396703692,0.2900575471609629,0.31915825476867693,0.35771600410332316
Test_181,0.10092284596031881,0.04350146377020634,0.013538872488278852,0.8420368177811962
Test_182,0.018357637583386436,0.16837383243128712,0.7864059844291682,0.026862545556158184
Test_183,0.8149884379720508,0.030745549320428795,0.09993331414552088,0.05433269856199961
Test_184,0.030317680339184975,0.015499662076619524,0.06489415609559823,0.8892885014885973
Test_185,0.5746687795503456,0.03440261751393814,0.025586235794021486,0.3653423671416951
Test_186,0.6273841674398256,0.06628363927078822,0.03590414030619604,0.27042805298318995
Test_187,0.0026239506202617776,0.011130150413152684,0.9831659592105284,0.0030799397560572987
Test_188,0.134593286038704,0.004772846954322453,0.8471606914639747,0.013473175542998943
Test_189,0.7342280644667316,0.03277110088092694,0.05194085021030977,0.18105998444203203
Test_190,0.07758834332245372,0.39310087700960655,0.28807830560732683,0.24123247406061285
Test_191,0.0209642015307225,0.05759116903919972,0.8209343597277357,0.10051026970234213
Test_192,0.8428986288075845,0.034709157792908306,0.08462655792180208,0.0377656554777052
Test_193,0.014431423842684612,0.05081151288881215,0.9203771229683153,0.014379940300188241
Test_194,0.0003494321130024315,0.1628104722256402,0.8321693102914296,0.004670785369927507
Test_195,0.6048820832259688,0.15645488353603954,0.044442276488012314,0.19422075674997927
Test_196,0.05984960256515944,0.2265122192754045,0.015247129728615352,0.6983910484308208
Test_197,0.0019087606515048074,0.17612572619806605,0.8168631875046724,0.005102325645756737
Test_198,0.12688852840699208,0.10297409251682009,0.01182398105631148,0.7583133980198764
Test_199,0.09057403002579269,0.029666063923082943,0.7210651232267824,0.15869478282434174
Test_200,0.00732829366240778,0.05741090317066009,0.9279854832597741,0.007275319907158286
Test_201,0.16409316024768772,0.049501643113735096,0.27435762167853417,0.5120475749600432
Test_202,0.0030980271985972248,0.06841749447432711,0.7488175052583729,0.17966697306870263
Test_203,0.0021452356917366047,0.2073709795750745,0.7641232224531229,0.026360562280066023
Test_204,0.13744834375755918,0.031180907118054907,0.016047231863766505,0.8153235172606198
Test_205,0.05310168963864126,0.0099972217175063,0.008138431756465515,0.9287626568873867
Test_206,0.005012903483521982,0.009247760854858109,0.002546620034902851,0.9831927156267171
Test_207,0.003375458344715891,0.05118481320042267,0.9135657344902417,0.031873993964620054
Test_208,0.37889249342683723,0.026086319407269465,0.054347222274897154,0.5406739648909962
Test_209,0.015511617002292134,0.235216767823049,0.6021925677513997,0.14707904742325908
Test_210,0.06401960414363896,0.07142205429618723,0.12766934586659792,0.7368889956935758
Test_211,0.036337116732414375,0.3866448843620438,0.18044023663454775,0.39657776227099406
Test_212,0.004765501016471853,0.0346175151175468,0.9595618147313635,0.0010551691346176175
Test_213,0.003451297696372296,0.747666793192742,0.006578706331366851,0.24230320277951856
Test_214,0.0003050814622277901,0.017869572643322215,0.97791251771501,0.003912828179440024
Test_215,0.8467579575713758,0.06888205499213891,0.012820909261173321,0.07153907817531194
Test_216,0.7920543037677196,0.0075651973562235785,0.18144683030858955,0.018933668567467258
Test_217,0.23761164125401635,0.04255387044235993,0.06276199522485963,0.657072493078764
Test_218,0.9399501907123773,0.014991623675017381,0.03342032387957175,0.01163786173303387
Test_219,0.0158679673029757,0.002586100806292592,0.9785827292468567,0.002963202643874978
Test_220,0.004056763384613555,0.05455429914921456,0.027874135631083114,0.913514801835089
Test_221,0.4043202892162199,0.031339834990683525,0.4178538990856849,0.14648597670741195
Test_222,0.004124555856864581,0.01154861125524886,0.9759180206797661,0.00840881220812063
Test_223,0.0022902974878629733,0.16245609931268484,0.8279943929732885,0.007259210226163733
Test_224,0.9012256677488143,0.0072276257390090385,0.03007648676288784,0.06147021974928917
Test_225,0.9241770560992992,0.010145508522228308,0.048111531565121844,0.017565903813350388
Test_226,0.0053542119929197345,0.7645242760332689,0.1987464238252306,0.03137508814858046
Test_227,0.07268927564664855,0.0672013383058626,0.01790095883693674,0.8422084272105519
Test_228,0.07836019697237878,0.006514044384313335,0.9007958377935666,0.01432992084974088
Test_229,0.0004147774027448649,0.10787806460612788,0.8758785520443882,0.01582860594673897
Test_230,0.15087836133116617,0.027462214012379662,0.023231535000245926,0.7984278896562085
Test_231,0.0011761402293467512,0.005166708553443418,0.0013156518718182388,0.9923414993453917
Test_232,0.10015556276641763,0.04397265120292321,0.849413935765692,0.006457850264967008
Test_233,0.8344110656297551,0.006189264288224123,0.021362298188178877,0.13803737189384202
Test_234,0.07132995098955938,0.0686206555062098,0.005841684301085787,0.8542077092031446
Test_235,0.04076779980306842,0.02311366023191294,0.02123256452595834,0.91488597543906
Test_236,0.08258318256747973,0.07768664033582352,0.6657823164131712,0.17394786068352547
Test_237,0.06046515904225332,0.02876821948330826,0.14331994819149138,0.767446673282947
Test_238,0.00516611831557524,0.16638845796587315,0.8151760350836814,0.013269388634870295
Test_239,0.05298282411030386,0.10225741248849937,0.8164039217288731,0.02835584167232339
Test_240,0.0021947030080161894,0.2617102758766682,0.7311391786424185,0.004955842472897189
Test_241,0.00946460789522481,0.5085521572931105,0.15112080915167586,0.3308624256599885
Test_242,0.16530618784486764,0.14496742998435108,0.045687161776801884,0.6440392203939795
Test_243,0.9618181847059222,0.0012846723494732545,0.018116380286254136,0.018780762658350537
Test_244,0.3214562446417981,0.19820275994669664,0.03973952384427749,0.4406014715672277
Test_245,0.0863984139201199,0.5368557845748363,0.16226467638860678,0.21448112511643666
Test_246,0.05845084364972184,0.2228605952902044,0.04499489303388042,0.6736936680261936
Test_247,0.0037060037171298588,0.0302849899086928,0.0015102887522337315,0.9644987176219438
Test_248,0.32562363490455254,0.23391719300036404,0.07883320351970478,0.36162596857537854
Test_249,0.03261363247093502,0.05022292044593766,0.06419619380903649,0.852967253274091
Test_250,0.9741700225613334,0.006007912743512845,0.012612696921305126,0.007209367773848325
Test_251,0.24001641285507896,0.059430314726757937,0.01611184141136229,0.6844414310068004
Test_252,0.017428050548758577,0.4402185902646061,0.5020924967948027,0.04026086239183247
Test_253,0.006263350192319399,0.5103565476051367,0.014599605943729098,0.4687804962588146
Test_254,0.05267480837928067,0.04873190574784083,0.005064111623327784,0.8935291742495505
Test_255,0.24240377570585037,0.06556254159091718,0.04056602978000933,0.6514676529232231
Test_256,0.00040656987605122366,0.02975723700044341,0.00857845284138723,0.9612577402821181
Test_257,8.040890397093406e-05,0.014010948858680955,0.9855942987162805,0.0003143435210674401
Test_258,0.0031200525768732817,0.2300938026343234,0.24600699065837792,0.5207791541304251
Test_259,0.3040900869953177,0.05821651704535864,0.5301292247187104,0.10756417124061365
Test_260,0.23840036084615868,0.004995085894504171,0.01599823285419133,0.7406063204051458
Test_261,4.657455532869073e-05,0.011046745259469764,0.9880021737727871,0.0009045064124144004
Test_262,0.029558167898219558,0.1687580897213294,0.7126586822104447,0.08902506017000646
Test_263,0.8307247518615182,0.013288789541180453,0.05903080321820451,0.09695565537909696
Test_264,0.8281977927755583,0.002304781988124322,0.12055929720027093,0.04893812803604651
Test_265,0.029757657163180764,0.05041280812629829,0.9081957472201906,0.011633787490330273
Test_266,0.000244671403706667,0.0043954579960732935,0.0007774211273888267,0.994582449472831
Test_267,0.9647805493426228,0.001141293082243635,0.022369842438316218,0.011708315136817164
Test_268,0.006789510273225007,0.6566480375951858,0.3018103946646312,0.03475205746695778
Test_269,0.650845623968424,0.019822392314091587,0.08904147133687894,0.2402905123806056
Test_270,0.002559493666008062,0.007386225201472335,0.0012165426717445972,0.9888377384607749
Test_271,0.054104052129266444,0.03776610854435035,0.39410913495218874,0.5140207043741948
Test_272,0.006320672926013808,0.23143006169531782,0.7398438154810497,0.022405449897618793
Test_273,0.3551289533120132,0.14445867490789852,0.04218182665764692,0.4582305451224413
Test_274,0.0029058340635321977,0.0023772759349703957,0.9941157569042225,0.0006011330972745848
Test_275,0.0302856419624813,0.5266574713840614,0.31222272623934993,0.13083416041410742
Test_276,0.0007670729223422398,0.22793236682553747,0.11610676386872296,0.6551937963833974
Test_277,0.20279975147983476,0.22572807450788718,0.020933456572101036,0.550538717440177
Test_278,0.007197736482622494,0.24068273044261054,0.11911223480322748,0.6330072982715395
Test_279,0.0011209889775985948,0.00550523126764309,0.9921488273128724,0.00122495244188595
Test_280,0.0018791551026686594,0.005982530164131419,0.0019123095191742726,0.9902260052140257
Test_281,0.09168010427641601,0.04438288910370853,0.02108286059596638,0.8428541460239094
Test_282,0.03841521338709975,0.4464478785310855,0.0841131775388557,0.4310237305429591
Test_283,0.02827012735872214,0.331677272893177,0.5479906716563877,0.09206192809171306
Test_284,0.013142064567076448,0.1523001669979553,0.7921991710815689,0.04235859735339918
Test_285,0.22541468324679056,0.11373157268531643,0.09886246845486103,0.5619912756130322
Test_286,0.7225380427005963,0.003432899984589427,0.12642375615798365,0.14760530115683032
Test_287,0.21719437953690113,0.05663587976948121,0.08600250527837125,0.6401672354152467
Test_288,0.00012769607672364554,0.004195527401961139,0.0006209005350039248,0.9950558759863113
Test_289,0.0023141896613561703,0.008563339493465766,0.0007473450793220599,0.9883751257658563
Test_290,0.006575870229247248,0.054653066952800484,0.9189493725552867,0.01982169026266542
Test_291,0.5791323346767699,0.015279546857822854,0.31679267141119977,0.08879544705420744
Test_292,0.9127741192695014,0.0067893049558760184,0.06733046079936081,0.01310611497526178
Test_293,0.008393211700614005,0.1882431529417165,0.7811663131529898,0.022197322204679668
Test_294,0.0014212301623988735,0.1746563971712521,0.8151091271198752,0.008813245546473777
Test_295,0.04254603514122815,0.09678497313170124,0.8260218688236965,0.034647122903373996
Test_296,0.44316725458692924,0.023478098744362044,0.31758770711152096,0.21576693955718754
Test_297,0.04874955420822968,0.056008234461404065,0.04798408279028343,0.8472581285400829
Test_298,0.013232136858700167,0.20508574489360828,0.697463218059593,0.08421890018809859
Test_299,0.0027049607301247404,0.05899777251913266,0.017341404399455813,0.9209558623512869
Test_300,0.3786262084376002,0.007955818322337875,0.08519277490504394,0.5282251983350179
Test_301,0.8178303007250198,0.030569687739553392,0.06209492418075192,0.08950508735467484
Test_302,0.01540196179092981,0.45040711871108524,0.059783089981261785,0.4744078295167229
Test_303,0.6163858923152781,0.05843854507029586,0.10625167781165686,0.21892388480276917
Test_304,0.904202929868644,0.020396747510748152,0.014152458233660825,0.061247864386947015
Test_305,0.8421715386736502,0.022197409936168234,0.00383730787054142,0.1317937435196399
Test_306,0.10788605261795786,0.02426008359801481,0.7199365196160957,0.14791734416793145
Test_307,0.6206731954196745,0.047136036910374435,0.23926603252309958,0.0929247351468515
Test_308,0.006363459266426053,0.10017375354529345,0.1645471813183069,0.7289156058699737
Test_309,0.003977605925200978,0.09975767916694601,0.7528630531500258,0.14340166175782754
Test_310,0.006511893259789379,0.37961402739916744,0.48945253858720117,0.12442154075384186
Test_311,0.004980582835952525,0.23663406643622006,0.6855836289185835,0.07280172180924409
Test_312,0.006343329745519088,0.005119736448361305,0.003510904281127305,0.985026029524992
Test_313,0.0008821347563337062,0.009956700825858936,0.0013432809314600474,0.9878178834863475
Test_314,0.006605283057561461,0.025611235193542383,0.007330473312221043,0.9604530084366752
Test_315,0.0004435831313524589,0.0036328138591902944,0.00036651929066567625,0.9955570837187916
Test_316,0.9689619840855043,0.004573163286129797,0.01944650510213011,0.007018347526235647
Test_317,0.02378835737886647,0.0683893937299697,0.8759334119648334,0.03188883692633085
Test_318,0.09916861158541829,0.13828563695310417,0.029295094064087653,0.7332506573973899
Test_319,0.0011000548152744298,0.05510897081652746,0.9344741540591897,0.009316820309008496
Test_320,0.3488089774058029,0.062317474162353476,0.4896419514666434,0.09923159696520052
Test_321,0.8594714479489769,0.061940966604748585,0.028010329521205562,0.05057725592506906
Test_322,0.1846506778092039,0.08636333436438684,0.19493830433361473,0.5340476834927943
Test_323,0.014342324646644814,0.136874428088891,0.8225973334342915,0.026185913830172682
Test_324,0.0005094934661121924,0.05855596274740906,0.9396372174197186,0.001297326366760089
Test_325,0.028424737234635858,0.27731039150890924,0.00860827730209801,0.6856565939543572
Test_326,0.00024869009946676965,0.022395016028522296,0.9730705927610519,0.004285701110959172
Test_327,0.027990824017495145,0.05942519413149239,0.020157405314950062,0.8924265765360623
Test_328,0.010673098323609846,0.12275282187388122,0.8557823354133124,0.010791744389196287
Test_329,0.0034270488851209924,0.08581016959142006,0.9044481202836646,0.006314661239794338
Test_330,0.004280431585963955,0.19833501068762482,0.7854466377023734,0.011937920024038163
Test_331,0.35146294787708604,0.291290126989371,0.041242051305753535,0.3160048738277896
Test_332,0.9530164728722069,0.007966994491906259,0.009388224779493606,0.029628307856393074
Test_333,0.009610808831192532,0.1916418421773409,0.7812900774950473,0.017457271496419093
Test_334,0.000747077918592687,0.008169390745705246,0.9901720283286669,0.0009115030070352832
Test_335,0.41099945487160855,0.07224120538522798,0.2184299030181052,0.29832943672505846
Test_336,0.20525545005996484,0.05118003667036789,0.5843078504117448,0.15925666285792248
Test_337,0.6811030421370818,0.059214074260618546,0.053401822392135735,0.20628106121016407
Test_338,0.9464679221182228,0.0032854582013767657,0.02656864300822246,0.023677976672178042
Test_339,0.03630517117579161,0.4074397580312572,0.5204589013534181,0.03579616943953274
Test_340,0.26836295831752094,0.027618475916076777,0.6343923841747965,0.06962618159160597
Test_341,0.511740921240392,0.0954489165038162,0.007970854172232466,0.38483930808355915
Test_342,0.9430205242024903,0.0054318513649130274,0.044636467209142855,0.006911157223454146
Test_343,0.031508159716256284,0.006589544291942056,0.0077658601262432505,0.9541364358655585
Test_344,0.0005755949396537873,0.03742528138086909,0.9610076771167341,0.0009914465627429317
Test_345,0.00017449286770784538,0.05946003089513303,0.9376082736857975,0.0027572025513615127
Test_346,0.0008403205734656856,0.044789897415197594,0.948574510530507,0.005795271480829483
Test_347,0.004008582864409873,0.031133668123889947,0.9264015595122645,0.038456189499435314
Test_348,0.002614569981505615,0.007830215004877026,0.002188384204753931,0.9873668308088638
Test_349,0.022643086053747544,0.08876936262795404,0.2078551257395483,0.6807324255787504
Test_350,0.00838966649265444,0.035254762824615676,0.026448699612106625,0.9299068710706233
Test_351,0.009467648104615783,0.13039986746345722,0.8452366457013849,0.014895838730542356
Test_352,0.041608644242002675,0.1187119246692874,0.021270010710796608,0.8184094203779135
Test_353,0.37551442304990734,0.08365344098389162,0.021379916338310857,0.51945221962789
Test_354,0.208128735449326,0.027804065807584676,0.7549476322353412,0.00911956650774785
Test_355,0.9019600799079891,0.03725200885385532,0.0032875804437663926,0.05750033079438936
Test_356,0.6550991064445377,0.021851052395675055,0.20311466304298134,0.11993517811680586
Test_357,0.9168270694711084,0.0055182901418781025,0.04357307046649211,0.03408156992052166
Test_358,0.04076360885519243,0.11627292618160769,0.33649366401032593,0.5064698009528743
Test_359,0.010089671828329464,0.009270138693011309,0.026494775090312592,0.9541454143883465
Test_360,0.015334370277544819,0.05349381346057651,0.01448082871402307,0.9166909875478555
Test_361,0.8651183799779267,0.015062971246125547,0.05781312314752612,0.06200552562842137
Test_362,0.6484683288987634,0.024428343761945318,0.19412083290923673,0.13298249443005486
Test_363,0.0021139953530510116,0.06189416537648569,0.9259713178282301,0.010020521442233173
Test_364,6.71119868275582e-05,0.009010445534906349,0.989581634981871,0.0013408074963952648
Test_365,0.19866395125228037,0.10426706361998023,0.6707501790267402,0.02631880610099906
Test_366,0.026275497742768873,0.1822053917344491,0.7502565131156407,0.04126259740714101
Test_367,0.3758043737472634,0.014210952780168411,0.03447536876865729,0.5755093047039106
Test_368,0.24779380656019728,0.04323688870805435,0.6523650653693851,0.05660423936236332
Test_369,0.0009399853530522044,0.02276550476110995,0.002857522970351063,0.9734369869154864
Test_370,0.05088131376187967,0.02691113286546233,0.8840523446954223,0.03815520867723565
Test_371,0.00038133622615835254,0.03441293413252938,0.9648029690469012,0.0004027605944108783
Test_372,0.011308248054829046,0.010697190811069223,0.006848606224819121,0.9711459549092828
Test_373,0.03989161368628324,0.15852377762605188,0.7540346087495697,0.04754999993809486
Test_374,0.01213365315998807,0.02300126554523685,0.9606641216667845,0.004200959627990467
Test_375,0.011786842120954932,0.03063577611250669,0.002325182414966004,0.9552521993515727
Test_376,0.95673265157229,0.013893174274341578,0.008498383727781873,0.020875790425586505
Test_377,0.5745479959890253,0.06893625868093523,0.12156857443691813,0.2349471708931213
Test_378,0.003972500513180667,0.06088587511123968,0.9279179836252651,0.007223640750314454
Test_379,0.24076856299025534,0.1572193407811623,0.30858108694212144,0.29343100928646093
Test_380,0.24165917342285095,0.1686020841092338,0.03531563728571884,0.5544231051821961
Test_381,0.4059713976126818,0.1215188228288133,0.02414406672815916,0.4483657128303457
Test_382,0.05385315223148408,0.09134108047364893,0.04688873340153684,0.8079170338933299
Test_383,0.8418510679405993,0.03086640646995073,0.01032365185644619,0.11695887373300395
Test_384,0.04214410891993733,0.01173249316949236,0.9366859402831801,0.009437457627390136
Test_385,0.13004850425540562,0.06864904417906156,0.03428257609878871,0.7670198754667441
Test_386,0.006577544358073681,0.29046003801002074,0.6434001275851445,0.059562290046760884
Test_387,0.06720014437748585,0.03002434328422169,0.03670264433402443,0.866072868004268
Test_388,0.2387472529032738,0.08379596721089397,0.45624016826065916,0.2212166116251731
Test_389,0.9058231523037384,0.009326300864155946,0.06694340983778749,0.017907136994318215
Test_390,0.4045755786357364,0.010172929960663114,0.013220431181668454,0.5720310602219321
Test_391,0.0011741048150123578,0.12930443343089162,0.8549345861467669,0.014586875607328988
Test_392,0.01779032863128121,0.07302811861319339,0.819010774883851,0.09017077787167437
Test_393,0.05079611651715223,0.01227974512962023,0.004109005315857257,0.9328151330373702
Test_394,0.6950062828575233,0.007063103621540385,0.007443182544594664,0.29048743097634144
Test_395,0.027296737916498778,0.40089330243156207,0.5449454030108937,0.026864556641045704
Test_396,0.03565746372704867,0.013314880151609448,0.022968854613102153,0.9280588015082396
Test_397,0.2442031845185365,0.10450248066442744,0.09649916737491593,0.5547951674421202
Test_398,0.003478412747501736,0.611384092399512,0.332765566390013,0.052371928462973144
Test_399,0.8686546488749851,0.022398056554614354,0.023567406339854196,0.085379888230546
Test_400,0.00029022617433006745,0.02702432640075615,0.9706814552544627,0.0020039921704510595
Test_401,0.005729621741221313,0.3176403762944048,0.6680081589465002,0.008621843017873736
Test_402,0.05489589954430104,0.011184014913598123,0.015191028721840954,0.91872905682026
Test_403,0.021403826883874176,0.051587662694622005,0.9156749774127234,0.011333533008780027
Test_404,0.7130143575678258,0.032335788901210465,0.0268938969038214,0.22775595662714226
Test_405,0.0027613268300288236,0.012988310080164293,0.001523199515947107,0.9827271635738597
Test_406,0.00019676094586135854,0.010660953897695015,0.0009846525142253445,0.9881576326422182
Test_407,0.0029042754424243333,0.10094585116591935,0.00779923614388273,0.8883506372477733
Test_408,0.0030978666405108214,0.00758775196855504,0.009004567904414706,0.9803098134865196
Test_409,0.004266970781131161,0.14915971596085897,0.38888270872330055,0.45769060453470944
Test_410,0.017580490744732547,0.06679375678710174,0.00910078484216482,0.9065249676260009
Test_411,0.9747989456468356,0.0020267431726031515,0.002816943136882393,0.020357368043678787
Test_412,0.056324265522692624,0.43790142651754976,0.324941488194692,0.18083281976506588
Test_413,0.9862839379141264,0.0002366989235063059,0.012029855912125754,0.0014495072502415452
Test_414,0.006837792260883237,0.01815159780336463,0.9703283277214805,0.004682282214271548
Test_415,0.02142932455262839,0.22564049251737892,0.7206285966793821,0.03230158625061062
Test_416,0.0939188490499206,0.02544581992494121,0.09862023825243142,0.7820150927727068
Test_417,0.008937181263574134,0.03346874718007159,0.9491781273918027,0.008415944164551293
Test_418,0.8448157491147942,0.02402227396441646,0.01835192502403847,0.11281005189675103
Test_419,0.9570240301923629,0.0031560857792779073,0.03249997590835125,0.007319908120008086
Test_420,0.007095984925489602,0.06448883761557411,0.9151450569956376,0.013270120463298557
Test_421,0.0036900955269674528,0.011614815041322515,0.008819249232708952,0.9758758401990014
Test_422,0.8676375684805469,0.04459461890986536,0.038336218260663135,0.049431594348924614
Test_423,0.010393418912804672,0.4859287503302132,0.31011069170806765,0.19356713904891476
Test_424,0.0013044630085132796,0.1414545330610302,0.8514827573318515,0.005758246598604975
Test_425,0.345211527857144,0.13402701407181014,0.1325224388700881,0.38823901920095755
Test_426,0.2967791140924451,0.0065757775228838175,0.6356500526953369,0.06099505568933426
Test_427,0.004627098132667692,0.015037816457997804,0.001293940310938493,0.979041145098396
Test_428,0.0059744539862482855,0.035839933162390744,0.004647875114825135,0.953537737736536
Test_429,7.079134499662143e-05,0.014044997221982786,0.9857754594478507,0.00010875198516998468
Test_430,0.03488805273935535,0.16485569494641442,0.7909786846220479,0.009277567692181927
Test_431,0.977113682471354,0.0020254991995405478,0.0095341036682642,0.01132671466084153
Test_432,0.17646007125916202,0.08897509258022107,0.045219359277483384,0.6893454768831333
Test_433,0.011820013188885703,0.03156124376476321,0.02558160391784396,0.9310371391285069
Test_434,0.0005678768840313227,0.03501440901473305,0.005499671367442971,0.9589180427337927
Test_435,0.9368393653681626,0.0018111553836536998,0.03682166370375833,0.024527815544425517
Test_436,0.17073695378512058,0.10727167472910405,0.09383301683218592,0.6281583546535893
Test_437,0.002091763876837156,0.01930151631002248,0.9742253803663203,0.004381339446820201
Test_438,0.004965163873606819,0.5317767372396498,0.41248965755763967,0.050768441329103964
Test_439,0.1719154338128049,0.32815080160923366,0.45525954206107744,0.044674222516884105
Test_440,0.0005421771080570247,0.03637202883742371,0.9622666944072321,0.000819099647287202
Test_441,0.6785810443961809,0.0783923951755048,0.14830410736617322,0.09472245306214101
Test_442,0.05174284539655675,0.008963791334910405,0.932356602136031,0.00693676113250185
Test_443,0.004008544901782175,0.49955658431263533,0.019297095639995984,0.4771377751455865
Test_444,0.7797470008352114,0.024772059416317035,0.08483906052110246,0.11064187922736916
Test_445,0.0032991766665289046,0.13627198698632967,0.822926456425801,0.037502379921340104
Test_446,0.020411250890511094,0.10328763265620251,0.5589674236424265,0.3173336928108602
Test_447,0.0075919048803508955,0.010035795886463294,0.9747365252293679,0.007635774003817616
