image_id,healthy,multiple_diseases,rust,scab
Test_0,0.0919172641683386,0.07798363722640471,0.5530365573161558,0.27706254128910096
Test_1,0.051885894118025404,0.16178173616260266,0.5665667010318942,0.2197656686874777
Test_2,0.051958607505126694,0.024811915853973212,0.025091248046699193,0.8981382285942009
Test_3,0.4808383635621635,0.03480626876286438,0.23788563770034454,0.24646972997462763
Test_4,0.09473017108406931,0.04325631495390201,0.7587731090800036,0.10324040488202502
Test_5,0.6243417298902089,0.04521697777407826,0.19990031448401208,0.1305409778517008
Test_6,0.43248356641419944,0.041496939324830666,0.22623894857750282,0.29978054568346696
Test_7,0.2078619085777378,0.04261888344692714,0.18756262488479028,0.5619565830905447
Test_8,0.23882805933800616,0.05905241915610818,0.2027043452375453,0.49941517626834026
Test_9,0.3569224165963638,0.04579315012604156,0.44737556650524496,0.14990886677234966
Test_10,0.05294403077652272,0.051200126650094165,0.8539768865726282,0.041878956000755
Test_11,0.455383165477309,0.03618631257577813,0.39020658280374376,0.11822393914316916
Test_12,0.31312450854777957,0.06668115475716677,0.041865519956181936,0.5783288167388718
Test_13,0.5835196884162064,0.03888455406322943,0.23510075705301478,0.14249500046754943
Test_14,0.08110360589070394,0.03509990986922816,0.8357062538925878,0.048090230347480056
Test_15,0.26264692356545755,0.04437754914792367,0.5845554143186509,0.10842011296796797
Test_16,0.482023597625814,0.06565313918501672,0.15106681819204293,0.3012564449971264
Test_17,0.133613994532106,0.09341096725102907,0.20007949821101387,0.5728955400058511
Test_18,0.27595464957435106,0.04395332695523634,0.08248896619561341,0.5976030572747991
Test_19,0.15255483820020654,0.057956338933506824,0.596798482700342,0.19269034016594463
Test_20,0.19259576031517936,0.062089773756942995,0.18207110914716151,0.5632433567807161
Test_21,0.4383583877391675,0.03662548803375539,0.17697880635946095,0.3480373178676162
Test_22,0.07898100908506961,0.08074579794500045,0.7618663360928607,0.07840685687706922
Test_23,0.04255275662657645,0.02780210610561476,0.039069913213622964,0.8905752240541858
Test_24,0.3984244813134424,0.05298960851949332,0.2188773892655808,0.32970852090148356
Test_25,0.19570600918738298,0.0362064899866364,0.08101031674472606,0.6870771840812545
Test_26,0.20432231855470415,0.05800607693074848,0.31344003568754614,0.42423156882700125
Test_27,0.14840486660638308,0.09310435378226596,0.6090018316993774,0.14948894791197342
Test_28,0.8007644584517587,0.02297906326257616,0.08699056867554888,0.08926590961011625
Test_29,0.23603220307806555,0.08139423579548709,0.3096112920714297,0.3729622690550177
Test_30,0.2847388476391289,0.06282584384860991,0.19195147595273712,0.4604838325595241
Test_31,0.14030490854138578,0.10400521128384145,0.4325318228690626,0.32315805730571023
Test_32,0.4138813627488817,0.04820576120674292,0.27058563161421634,0.2673272444301591
Test_33,0.24232420297581256,0.04367660855902555,0.19401299712789402,0.5199861913372679
Test_34,0.3068366452125512,0.04890369315330132,0.28450873884133926,0.3597509227928082
Test_35,0.19660454589842025,0.0442656460688024,0.1602861784656371,0.5988436295671402
Test_36,0.03008165194260515,0.040141446546894076,0.8900270039237691,0.039749897586731676
Test_37,0.13989806396829452,0.03642607979919895,0.0380455398197916,0.785630316412715
Test_38,0.06827548714213472,0.04158944681489736,0.06977373814463503,0.8203613278983328
Test_39,0.19619557565530868,0.05790976009698245,0.4314298687546103,0.3144647954930985
Test_40,0.03152709576887685,0.06101192283437545,0.8270633883869815,0.08039759300976626
Test_41,0.0886943194429073,0.053347723402925436,0.76602232013573,0.09193563701843728
Test_42,0.06418492845344465,0.046653934678695934,0.08046255393702215,0.8086985829308374
Test_43,0.5592166425658154,0.03725893253714003,0.24910143512954291,0.1544229897675017
Test_44,0.2606475753738401,0.05799341481629943,0.09654180699090048,0.58481720281896
Test_45,0.36249078685133784,0.12429465499931577,0.1650686757154827,0.3481458824338637
Test_46,0.3553275765802342,0.046806325543360415,0.2838094719243546,0.3140566259520508
Test_47,0.036625136236300614,0.0399853280066802,0.8565121876960006,0.06687734806101853
Test_48,0.2124521184194152,0.0551242417382484,0.4666138812544114,0.265809758587925
Test_49,0.25620456910583767,0.044756026871639536,0.4991787911796165,0.19986061284290627
Test_50,0.021228554061562554,0.0641581120832518,0.8553277245314407,0.05928560932374493
Test_51,0.08070606119361369,0.08253212695451573,0.6409951400499727,0.19576667180189797
Test_52,0.0883672647239004,0.08426401245897447,0.6616961581234935,0.16567256469363167
Test_53,0.22156456876620909,0.030935757772782693,0.6003014954320932,0.14719817802891486
Test_54,0.15677432085062917,0.10571591140300493,0.4502778472857665,0.28723192046059953
Test_55,0.21727847454265942,0.055538559648487446,0.29193635685771424,0.4352466089511389
Test_56,0.26366195000102005,0.11376726721266607,0.1892794591982135,0.43329132358810024
Test_57,0.2940050798131638,0.05015989634185301,0.44145920457391,0.2143758192710732
Test_58,0.04853415842513952,0.02380784407538325,0.03798911232547769,0.8896688851739996
Test_59,0.2076399807481597,0.05417142580613799,0.5110263374496447,0.22716225599605774
Test_60,0.0380211664235398,0.09513698539818616,0.13728112090443573,0.7295607272738382
Test_61,0.6136029988100125,0.05393167278478233,0.15947050876375762,0.1729948196414475
Test_62,0.4140659695660163,0.048274366852911865,0.29782045807320057,0.2398392055078711
Test_63,0.14829842194813594,0.06578762134674092,0.2534127657149746,0.5325011909901485
Test_64,0.5324872822676823,0.04835358964766176,0.21231492561586507,0.2068442024687909
Test_65,0.12168815904692444,0.07788291782797208,0.5217432124590543,0.2786857106660493
Test_66,0.46987145921267465,0.05486225467225223,0.2892042216739304,0.18606206444114276
Test_67,0.23471182344239386,0.060702311758947546,0.3810216865971568,0.3235641782015018
Test_68,0.08695457302472616,0.10981394368554531,0.17966156285777007,0.6235699204319585
Test_69,0.05968862920784578,0.03757394128411248,0.8307924910665061,0.07194493844153572
Test_70,0.17397163249045014,0.055711619143933314,0.2560854275905109,0.5142313207751056
Test_71,0.2748138075309835,0.02817473793426118,0.6354385059185336,0.06157294861622181
Test_72,0.3157320878784852,0.0540033577377332,0.10728035144389743,0.5229842029398841
Test_73,0.6743064435580187,0.018509928378360244,0.25932212419982087,0.04786150386380024
Test_74,0.3633504821705256,0.059648509521805754,0.27795863801738596,0.29904237029028263
Test_75,0.18544030074284665,0.05470445132908843,0.3442014692385427,0.41565377868952225
Test_76,0.6023924729060649,0.025329707818063037,0.15478663138955168,0.2174911878863205
Test_77,0.2438779469783096,0.04967128534888422,0.540008649613243,0.1664421180595632
Test_78,0.14031166595092998,0.10511629825548702,0.2872648199398356,0.4673072158537474
Test_79,0.365897310734773,0.04972908722709636,0.2537867340953749,0.33058686794275577
Test_80,0.138772862597483,0.11383640164783415,0.33365111834037003,0.4137396174143128
Test_81,0.013927539466615955,0.09122788269648141,0.8459195669475487,0.04892501088935388
Test_82,0.17741756094604091,0.07689414074204357,0.49647776823202155,0.249210530079894
Test_83,0.03583608875225177,0.09815953814019247,0.7230537190390826,0.14295065406847318
Test_84,0.2384688309722245,0.05478866367884765,0.15613402179033656,0.5506084835585914
Test_85,0.3639311019949842,0.04607917744602605,0.3028706414683933,0.2871190790905964
Test_86,0.292211707833278,0.08628602610903874,0.3349136222982643,0.286588643759419
Test_87,0.4125076255316245,0.050102264211354254,0.23749404868658444,0.29989606157043686
Test_88,0.2757162559395888,0.05376020064524783,0.2999231400881264,0.37060040332703703
Test_89,0.5208005960816736,0.04065427407711001,0.3099325416442255,0.1286125881969909
Test_90,0.08900796475895711,0.042982652605171305,0.7990679771287441,0.06894140550712749
Test_91,0.3463868298808069,0.05907260369957924,0.3722483212402929,0.222292245179321
Test_92,0.6455027560937218,0.024372982494370022,0.15600285961388247,0.1741214017980257
Test_93,0.03250556243426489,0.06465117659998139,0.8537924536125138,0.04905080735324004
Test_94,0.08262438203768108,0.03078814549938859,0.04365818423614604,0.8429292882267843
Test_95,0.3130724845401024,0.07110843115745413,0.3962948839190528,0.21952420038339068
Test_96,0.2777933247059179,0.04368052749539758,0.23860490057295666,0.4399212472257278
Test_97,0.4523564938385542,0.06101460533683587,0.21433149081197977,0.27229741001263025
Test_98,0.20339851933375358,0.07028083078250806,0.1299217013674743,0.596398948516264
Test_99,0.3535276314636318,0.07741866811865022,0.3177189835491896,0.2513347168685283
Test_100,0.12151767107490692,0.10143716209463255,0.10460533830076581,0.6724398285296947
Test_101,0.5459149917026797,0.05132668055537322,0.20239792973208143,0.20036039800986566
Test_102,0.1311879588251986,0.04945637914151958,0.10532373187627697,0.714031930157005
Test_103,0.3452733743296263,0.054189906709799125,0.4368247188425489,0.1637120001180255
Test_104,0.17733129560809116,0.05771181909617456,0.18417318974855784,0.5807836955471763
Test_105,0.2640624127590015,0.042533225639969544,0.21194750831971343,0.4814568532813157
Test_106,0.5972981868110094,0.044552775418890495,0.20537717862527,0.15277185914483016
Test_107,0.13183430661249687,0.053267037642195356,0.653202486295836,0.1616961694494716
Test_108,0.08476296293521281,0.03426981343562822,0.05086777693653344,0.8300994466926256
Test_109,0.2454234122719552,0.05608953709484452,0.25802175566689467,0.4404652949663056
Test_110,0.23719063837211504,0.05719131300522839,0.09534905251587586,0.6102689961067806
Test_111,0.3519505554975865,0.04466214055882645,0.28189864953666677,0.3214886544069203
Test_112,0.1300441011873422,0.07221599532543872,0.5361833700480555,0.2615565334391636
Test_113,0.32632696854414717,0.05081854456713062,0.2980909935845112,0.3247634933042111
Test_114,0.13915423166250676,0.1058850969051447,0.5194500229636638,0.2355106484686848
Test_115,0.09397493019273691,0.05033904738023715,0.7121995500814993,0.1434864723455266
Test_116,0.15118774737666263,0.06481970914383477,0.6937669243683462,0.09022561911115634
Test_117,0.07133205015557924,0.06575711047651892,0.6923826601488383,0.17052817921906346
Test_118,0.19823998425855002,0.05534674803292755,0.5486646206218889,0.19774864708663345
Test_119,0.4632537522982128,0.041690846751805205,0.36949618984586274,0.12555921110411916
Test_120,0.0695036460298121,0.048462739867480495,0.7729948534607742,0.10903876064193299
Test_121,0.2444503296889588,0.06782415952230816,0.5521958137824354,0.1355296970062976
Test_122,0.20754878170031557,0.06625571274427311,0.48194091378310155,0.24425459177230974
Test_123,0.0857178524210137,0.09235032654059748,0.7084822418912077,0.11344957914718115
Test_124,0.05724495389980461,0.041744645371009526,0.035001548935868584,0.8660088517933172
Test_125,0.31072869045777085,0.10650899442152757,0.3150649786563964,0.26769733646430516
Test_126,0.6881292759935519,0.030559369158847632,0.21455501778792144,0.06675633705967905
Test_127,0.4811135839141535,0.045990524187973704,0.1390137155207086,0.33388217637716405
Test_128,0.12770621181623387,0.08856974508702772,0.4226993739408338,0.36102466915590464
Test_129,0.34265949821656894,0.07538552022342633,0.34325517139300565,0.2386998101669992
Test_130,0.24790859825349776,0.053163980811004666,0.14415299649675628,0.5547744244387413
Test_131,0.0781901159032759,0.039545964110701014,0.07695702857421728,0.8053068914118058
Test_132,0.6909096182759162,0.03417044864293739,0.16221327775212488,0.1127066553290214
Test_133,0.06320400321621368,0.031486466049805276,0.026063379413684955,0.879246151320296
Test_134,0.37706739942505046,0.04099271833920349,0.28850823496461325,0.29343164727113286
Test_135,0.19905374434005033,0.0685037901185733,0.24889425743247476,0.4835482081089017
Test_136,0.05881267464030305,0.035119311500105166,0.0835646702259758,0.8225033436336161
Test_137,0.024717457925209286,0.06864366279039683,0.8614229186930933,0.045215960591300626
Test_138,0.03101852383529239,0.021225552451431047,0.9266885008536726,0.02106742285960401
Test_139,0.5561129201593086,0.03690059954994227,0.2616219786622895,0.1453645016284598
Test_140,0.3400032575235984,0.04349391140895382,0.33456543836810565,0.2819373926993421
Test_141,0.22719251301177795,0.041878747106024954,0.18060479234999222,0.5503239475322049
Test_142,0.13882748853401727,0.12711338858838991,0.2731782665711005,0.4608808563064922
Test_143,0.16675721317159706,0.04067061249055986,0.11584596601441799,0.6767262083234251
Test_144,0.513670383136401,0.04389268277528683,0.18029358822259317,0.26214334586571897
Test_145,0.27720315064495205,0.05411589868017159,0.3272934993724688,0.34138745130240755
Test_146,0.23019605384279762,0.03541292263177132,0.6166449368201591,0.11774608670527192
Test_147,0.08842475082171736,0.08522115651666563,0.6601592137216494,0.1661948789399677
Test_148,0.5779623691401626,0.06529870886785327,0.1498397488851515,0.20689917310683253
Test_149,0.30056456864944564,0.04931199787377345,0.49882777824079244,0.15129565523598854
Test_150,0.27596377548426293,0.07238728864999075,0.42645217250622985,0.22519676335951638
Test_151,0.09374802075613707,0.028861407371619827,0.8201618435930621,0.05722872827918093
Test_152,0.1283012263256964,0.0710999455758025,0.5790695898720766,0.22152923822642456
Test_153,0.3060421326501325,0.05121956419334146,0.12172634550696648,0.5210119576495595
Test_154,0.13948003549033672,0.07583157266633364,0.5538765714479948,0.23081182039533474
Test_155,0.1472173227740394,0.06610647048028251,0.5672249460783301,0.21945126066734794
Test_156,0.24862566771849645,0.04903547684808199,0.19631270836612713,0.5060261470672945
Test_157,0.24258568653455206,0.05375719687795629,0.38404908026666434,0.31960803632082724
Test_158,0.18125711328137692,0.041759621826212394,0.14234802202878086,0.6346352428636298
Test_159,0.27790319484907494,0.05373945196319103,0.3771984998664479,0.2911588533212861
Test_160,0.4300368410619134,0.053756968562957946,0.3081772453025658,0.20802894507256287
Test_161,0.16860213601111634,0.0554632871233469,0.5386919568403792,0.23724262002515767
Test_162,0.1495246256667232,0.03550672792987991,0.7035706566397736,0.11139798976362339
Test_163,0.07212987287008399,0.12505388619109084,0.6331344173783112,0.16968182356051378
Test_164,0.4727486507870309,0.08771420925586992,0.12142224279698055,0.3181148971601186
Test_165,0.09352245095846891,0.102773231161954,0.2779591478732001,0.525745170006377
Test_166,0.41495610436229935,0.052499186419568376,0.33820069932866226,0.19434400988947015
Test_167,0.1750237102318659,0.04717724989408465,0.6191582501889398,0.15864078968510972
Test_168,0.07415986380560384,0.07003320456675062,0.6667705208102311,0.18903641081741437
Test_169,0.3157466935466026,0.05562819672790263,0.4167087281182035,0.21191638160729126
Test_170,0.4192367522321369,0.055870553977034686,0.2865419556990309,0.23835073809179735
Test_171,0.10980860066171395,0.058709805352759145,0.6509899535684796,0.1804916404170473
Test_172,0.12900412192354577,0.1038590492213224,0.5508025635127051,0.21633426534242678
Test_173,0.12274443081881888,0.03710720355335653,0.8060914151870516,0.03405695044077287
Test_174,0.2489650439250771,0.045554440348283654,0.07722900922885553,0.6282515064977838
Test_175,0.4409194833010555,0.08591478753334134,0.20761144979900914,0.265554279366594
Test_176,0.033069478778871446,0.06144040247670113,0.8598706171264103,0.04561950161801703
Test_177,0.22155354237788766,0.03686384439292885,0.12766710031279227,0.6139155129163912
Test_178,0.08811026142343921,0.02453828143905888,0.035441761778111404,0.8519096953593905
Test_179,0.1242811847435322,0.06283599691381092,0.656446577758419,0.15643624058423794
Test_180,0.14312318303915836,0.1127437847937841,0.40364733606531217,0.34048569610174534
Test_181,0.24221725186771828,0.03559510741634266,0.04252066456743397,0.6796669761485051
Test_182,0.26674656073318037,0.04795093365278132,0.45960323864893915,0.22569926696509895
Test_183,0.5537172525127305,0.034660435841483976,0.285640645598047,0.12598166604773844
Test_184,0.31521219138830153,0.04208190379153584,0.2824593543749664,0.3602465504451962
Test_185,0.3305351533284404,0.0489734066708419,0.2697200080479752,0.3507714319527426
Test_186,0.3719823840159214,0.06284746861008116,0.2639517560934276,0.3012183912805699
Test_187,0.09530596453914025,0.04019756990617772,0.8086741176382015,0.05582234791648063
Test_188,0.37423459313429547,0.03995672289922771,0.36759036896911323,0.21821831499736358
Test_189,0.4145480237327367,0.08519441460096554,0.22988625956512876,0.27037130210116905
Test_190,0.3012888839776477,0.05696726620551044,0.3487886504358635,0.29295519938097847
Test_191,0.11757552726709752,0.0665286281639129,0.5194873120314654,0.29640853253752414
Test_192,0.5495121461725749,0.054324619962447245,0.26275453102825225,0.13340870283672546
Test_193,0.15284992271019127,0.03758299253878395,0.7274787061130576,0.08208837863796715
Test_194,0.0627541144553881,0.07926727315113223,0.7716060801768427,0.08637253221663684
Test_195,0.5604331558166454,0.09558384250140572,0.17539197111663843,0.16859103056531044
Test_196,0.2725602147519771,0.05511365125063635,0.23191145285410059,0.4404146811432859
Test_197,0.0914835050201486,0.07143255717186124,0.7313648305973991,0.10571910721059107
Test_198,0.24672871682295594,0.06224373632570354,0.20459569885686057,0.4864318479944801
Test_199,0.2867134040913665,0.05596165209593089,0.24732595551054642,0.40999898830215625
Test_200,0.09835928248657265,0.052808597946887394,0.7349688485800946,0.11386327098644546
Test_201,0.25442992694848415,0.05965855401845671,0.2926249001228875,0.3932866189101717
Test_202,0.09453118940589067,0.06872874962118912,0.4810814936959126,0.3556585672770076
Test_203,0.12557974760193233,0.08015611665293862,0.5848802735851328,0.20938386215999627
Test_204,0.25402150865597606,0.05389560599133006,0.18045950335351554,0.5116233819991783
Test_205,0.20027069669257805,0.03961221780209283,0.11775088606546438,0.6423661994398647
Test_206,0.027826436695934622,0.016809659743161984,0.017326782902427614,0.9380371206584759
Test_207,0.1818397619003338,0.05709187931535556,0.45458676507729523,0.30648159370701544
Test_208,0.34728425942273683,0.0465247468901887,0.27684450798436805,0.3293464857027064
Test_209,0.07533058342672506,0.1253453031420842,0.5368936386268666,0.26243047480432413
Test_210,0.159577248091945,0.06866748192100054,0.40290839754641494,0.3688468724406395
Test_211,0.15364057102090786,0.1478642921701235,0.17091833193649666,0.5275768048724719
Test_212,0.13095507583388658,0.04068681595593438,0.7863561884569458,0.04200191975323325
Test_213,0.12384507867856749,0.1210951000146334,0.21724384117801018,0.537815980128789
Test_214,0.16852996090681538,0.05830771139194261,0.5104365243060224,0.26272580339521967
Test_215,0.5080566057051863,0.08320046815492739,0.12793736238520914,0.2808055637546772
Test_216,0.42840582257804743,0.04131752073245717,0.33289554780217345,0.19738110888732194
Test_217,0.2467480356374805,0.06362050325132804,0.1918979487154935,0.49773351239569785
Test_218,0.7093625195072643,0.04550066608820234,0.12225675334930693,0.12288006105522647
Test_219,0.4105912424996653,0.026224426147191945,0.47403448914851626,0.0891498422046266
Test_220,0.037809800298135264,0.0690427800167934,0.073238680816264,0.8199087388688073
Test_221,0.359141574225642,0.044234053257362196,0.31959045506027184,0.2770339174567239
Test_222,0.2847790812200558,0.045914184641932074,0.41010500072565126,0.2592017334123608
Test_223,0.15864430926902923,0.07813095974278995,0.5496471298202573,0.21357760116792354
Test_224,0.3832166487752296,0.04379320288866064,0.29736305680884495,0.2756270915272648
Test_225,0.5303374489141292,0.04551182444237824,0.354568821515698,0.06958190512779457
Test_226,0.14840781003887388,0.09194853847665996,0.5368207833803715,0.2228228681040947
Test_227,0.16484548278195812,0.055459244957000595,0.11993138114379584,0.6597638911172454
Test_228,0.32194045030473245,0.04356092838024747,0.3752632430484727,0.25923537826654736
Test_229,0.17208287990876323,0.06733682572512296,0.5422653876302531,0.21831490673586057
Test_230,0.127275013039221,0.03919957293757735,0.04876083131304942,0.7847645827101523
Test_231,0.07980965909862578,0.031022660697419237,0.07708343141809074,0.8120842487858642
Test_232,0.31191097270014634,0.048793269818659016,0.42963687927038235,0.20965887821081225
Test_233,0.5178032006043535,0.029359347748474502,0.10161643079132571,0.3512210208558464
Test_234,0.2201570982935155,0.05018037859614372,0.0968577904765803,0.6328047326337605
Test_235,0.10538040629566517,0.057087812936554516,0.10375670358862453,0.7337750771791558
Test_236,0.26042013110587003,0.081515266162555,0.4173289533662226,0.24073564936535227
Test_237,0.29762792759051543,0.05095483475350124,0.30929070734772474,0.3421265303082586
Test_238,0.06554770551608251,0.0851375531027425,0.7705611993856113,0.07875354199556377
Test_239,0.265439523254863,0.06375773669416772,0.5359221659217683,0.134880574129201
Test_240,0.03231128001339938,0.10263182519291587,0.8142532025447665,0.05080369224891816
Test_241,0.20076911803491376,0.06821432197297712,0.40426327092530484,0.3267532890668041
Test_242,0.3217795026868728,0.05238120514973786,0.27045132367256647,0.35538796849082294
Test_243,0.47898587492161665,0.042687059770677056,0.2571544676295333,0.22117259767817307
Test_244,0.28588293863289604,0.1316554698742745,0.2656346841814977,0.31682690731133173
Test_245,0.2041657971410074,0.13307064382273967,0.37536100390988003,0.2874025551263728
Test_246,0.06132512771372271,0.0667890010570049,0.049204352302404254,0.8226815189268681
Test_247,0.04499931898151657,0.030685896641997383,0.04879045157297212,0.8755243328035139
Test_248,0.3573890437650721,0.07068324397426635,0.21813305850595507,0.35379465375470653
Test_249,0.11233642475360296,0.06255389777360121,0.2271081207492539,0.5980015567235419
Test_250,0.6287026862890315,0.04874848959918785,0.15959137529930786,0.16295744881247282
Test_251,0.37440701713390023,0.05897113472514927,0.0854999380186921,0.48112191012225836
Test_252,0.20804088094175208,0.06581494138142567,0.47135726107652837,0.2547869166002939
Test_253,0.09418082488006074,0.08487205917009133,0.16258486892216997,0.6583622470276781
Test_254,0.10909554020361271,0.05750061945359647,0.020496970230384288,0.8129068701124066
Test_255,0.2597890091519638,0.04866891883887502,0.21064579698019023,0.4808962750289709
Test_256,0.030674612230337357,0.0369083369085768,0.06819539957970308,0.8642216512813827
Test_257,0.09593109682559295,0.05078727552236643,0.7611213629966302,0.09216026465541044
Test_258,0.024919164047541992,0.15377842725556357,0.48941710077563333,0.331885307921261
Test_259,0.35777778480088784,0.04499759333278695,0.4443530621603066,0.15287155970601854
Test_260,0.22097552338174073,0.035302821139152375,0.11965103814242295,0.624070617336684
Test_261,0.030699478750175226,0.03733806181776942,0.8788258877218776,0.053136571710177743
Test_262,0.10680691378907226,0.08235692512025766,0.708769873160645,0.10206628793002503
Test_263,0.36433980567701246,0.05176709605618414,0.23531449755967365,0.3485786007071297
Test_264,0.3768764733850751,0.04433641518829958,0.31095370934734895,0.26783340207927636
Test_265,0.2943856754215901,0.06902053506831438,0.4197462432159545,0.2168475462941411
Test_266,0.026524425068281236,0.016275907386492046,0.01758919184614006,0.9396104756990867
Test_267,0.76331099158429,0.015220769720710023,0.16384489698465324,0.0576233417103468
Test_268,0.030260988444654482,0.1405093670000661,0.7259278622502373,0.10330178230504215
Test_269,0.33814634299798213,0.06710511490925783,0.2572170938107489,0.3375314482820112
Test_270,0.2775168624224876,0.043070659649039875,0.22637233153089156,0.45304014639758106
Test_271,0.16295700183803805,0.06691331490898124,0.2341657786684877,0.535963904584493
Test_272,0.11259061325282403,0.08091244483761574,0.595212024016969,0.21128491789259116
Test_273,0.29592984904522945,0.12573493050579662,0.2570173682303894,0.32131785221858455
Test_274,0.31239278005667814,0.042178727298597306,0.43195587849664935,0.2134726141480752
Test_275,0.21388135232476854,0.0637854041141584,0.44254157019229934,0.2797916733687738
Test_276,0.11668943587189355,0.08821498005208095,0.3177062801013184,0.4773893039747071
Test_277,0.32441096558917004,0.05845234590312043,0.27699483112930745,0.3401418573784021
Test_278,0.06223080770928859,0.09599339040469647,0.23470676483076403,0.607069037055251
Test_279,0.07927846514024252,0.023059800735380522,0.8536188390600536,0.04404289506432332
Test_280,0.013856427300793346,0.013477658447459809,0.012010213572867622,0.9606557006788793
Test_281,0.16874326447430404,0.05800010241292873,0.1635907131559682,0.6096659199567991
Test_282,0.13452284965388558,0.1916314462187476,0.2851409132791887,0.388704790848178
Test_283,0.1710677849732282,0.09193539926402929,0.4840028335377363,0.2529939822250063
Test_284,0.12173384580556891,0.09441392710916718,0.6466915943453089,0.13716063273995505
Test_285,0.2710874515537675,0.09522727355230988,0.278611166499902,0.3550741083940206
Test_286,0.3529045871282664,0.03690232680193896,0.2016662243878848,0.40852686168190977
Test_287,0.38976578960606534,0.045185665433697106,0.2513342690198144,0.31371427594042306
Test_288,0.03244693799650841,0.018859293817815502,0.018859798208274044,0.929833969977402
Test_289,0.046776722120651225,0.017352161943760477,0.02335660992576366,0.9125145060098245
Test_290,0.16097167957056108,0.07715392843029044,0.5311079711654602,0.23076642083368834
Test_291,0.24819387487411254,0.044195377852589486,0.5796366090524779,0.12797413822081996
Test_292,0.5545358337987584,0.033368121303067204,0.26042447029721544,0.15167157460095892
Test_293,0.0860051219548153,0.10108579511438594,0.7002069908863594,0.1127020920444394
Test_294,0.10153915880052024,0.07501980532549271,0.6853547398658176,0.13808629600816932
Test_295,0.30887380813226883,0.05196277870363775,0.37307696067755886,0.2660864524865344
Test_296,0.34406420711575153,0.049165613365119945,0.3092748406655959,0.29749533885353274
Test_297,0.15069185122158427,0.06614313972927682,0.20247359515403962,0.5806914138950993
Test_298,0.09421151959484247,0.07785313393951168,0.5264026939091307,0.3015326525565152
Test_299,0.22617648857218633,0.05593037992142819,0.2621482475839329,0.4557448839224526
Test_300,0.41083027738978695,0.03744935802934419,0.23673840248233186,0.31498196209853696
Test_301,0.5393086350223278,0.038836147735378045,0.21110218431823852,0.21075303292405567
Test_302,0.06503786496796272,0.2499448380166832,0.2568460673602209,0.4281712296551332
Test_303,0.5946550154278053,0.045839133767112995,0.1462369924755611,0.21326885832952064
Test_304,0.4912085902189932,0.05384967729476158,0.22777477817384897,0.22716695431239617
Test_305,0.45576759265262645,0.05226997330524069,0.10964733748357312,0.3823150965585596
Test_306,0.2575263809437086,0.05243815694151396,0.3478728800994844,0.342162582015293
Test_307,0.403733414678382,0.044736174086900275,0.30858330288428304,0.24294710835043465
Test_308,0.1361804696509085,0.07694526656749809,0.4277754520806633,0.35909881170093017
Test_309,0.11714241474703359,0.07239228019428151,0.41883936779820363,0.3916259372604813
Test_310,0.08904396210479884,0.09732106440396217,0.5424549693994162,0.27118000409182275
Test_311,0.21164722354473353,0.06527335781053659,0.4623339766945824,0.26074544195014754
Test_312,0.032759750990767326,0.015274883187238006,0.021379634143245216,0.9305857316787494
Test_313,0.040372519019303096,0.025702724648242734,0.042485492924843174,0.891439263407611
Test_314,0.24821768276015427,0.06308149411610545,0.2728389153588087,0.41586190776493165
Test_315,0.02230710273521133,0.011817891198094291,0.012369903541390967,0.9535051025253035
Test_316,0.48323741823210786,0.04344957788307401,0.2945161861595538,0.17879681772526432
Test_317,0.12956297485959037,0.0585197258950261,0.5582307673308192,0.25368653191456425
Test_318,0.3492249223855499,0.04899321038242993,0.29542177701729916,0.306360090214721
Test_319,0.020088092042160624,0.040510215990829705,0.8878957365196755,0.05150595544733407
Test_320,0.2755543784777753,0.05643411606084521,0.5504021501629933,0.1176093552983862
Test_321,0.5967354037820279,0.06042769960872885,0.2094418060623092,0.13339509054693396
Test_322,0.36418459683133403,0.09567716079001495,0.2752444618057906,0.2648937805728604
Test_323,0.26339800703747046,0.05641778599503448,0.44446079384371306,0.23572341312378203
Test_324,0.1357686707199064,0.05278796388056921,0.6826007854088484,0.128842579990676
Test_325,0.07893189028492607,0.05242521497475115,0.06801276973511076,0.8006301250052119
Test_326,0.07605948603996829,0.05046855353759479,0.7379957319390624,0.1354762284833746
Test_327,0.17866517287225087,0.04002667469771086,0.09747162942375774,0.6838365230062805
Test_328,0.10048134547398951,0.05748527851329292,0.7297206573245211,0.1123127186881965
Test_329,0.10829570457278273,0.06341348725632005,0.7621157140783367,0.06617509409256055
Test_330,0.015730728650306853,0.07559049636808164,0.8618001522252985,0.046878622756312896
Test_331,0.32078234110294035,0.0628675326354058,0.2694455778340023,0.34690454842765145
Test_332,0.7294348451226927,0.03819661837635651,0.10788916362550924,0.12447937287544142
Test_333,0.1146442008315748,0.09096187867743433,0.6689551046610135,0.12543881582997748
Test_334,0.029553719113884786,0.026694048086641563,0.9177898507456077,0.025962382053865942
Test_335,0.33944404070175677,0.05707963482469685,0.35946365899106003,0.24401266548248643
Test_336,0.2737871278370555,0.05588122317098804,0.544218867922222,0.12611278106973448
Test_337,0.7154139105991382,0.06271681978014146,0.09274775104775858,0.12912151857296178
Test_338,0.49907688366110536,0.03519989131461743,0.2419441147561029,0.2237791102681742
Test_339,0.13414144174759499,0.12911258998083638,0.5897496802521724,0.14699628801939615
Test_340,0.3022245801535374,0.05145134792575458,0.29374496893984997,0.352579102980858
Test_341,0.4124916442355209,0.08216275125507219,0.06465645013440086,0.4406891543750061
Test_342,0.7897312296928928,0.019857806267369937,0.1593436226577411,0.03106734138199607
Test_343,0.29846879922479735,0.04541415057532696,0.27045020228193456,0.3856668479179411
Test_344,0.06798056973924108,0.04827640752603649,0.8258964516763263,0.05784657105839609
Test_345,0.14245481809208474,0.06343518736141188,0.6146718366477492,0.17943815789875414
Test_346,0.1075242155538109,0.05969584302978681,0.7020736164086743,0.13070632500772814
Test_347,0.29151751787714575,0.04638746910581847,0.3610484536797085,0.3010465593373272
Test_348,0.17773459433738342,0.043950979909498124,0.1876251982034509,0.5906892275496675
Test_349,0.15915359035976137,0.1154488534676943,0.219225240884059,0.5061723152884853
Test_350,0.060303535291196635,0.06462514781174758,0.1472605190824522,0.7278107978146036
Test_351,0.09217349239973302,0.0640868001518568,0.7037963162320287,0.1399433912163814
Test_352,0.2946120664122481,0.04705027122300862,0.25971533548863185,0.3986223268761115
Test_353,0.4121123143105573,0.053966043327809465,0.18843527006829114,0.34548637229334195
Test_354,0.3379763137003959,0.05250776919740026,0.3940321666907013,0.21548375041150264
Test_355,0.5440989472677189,0.0658849762764213,0.11935294506714747,0.27066313138871245
Test_356,0.3631722257087784,0.055507048562009824,0.26934263942407183,0.31197808630514
Test_357,0.6623865043211168,0.023003522672562393,0.22846606165447886,0.08614391135184196
Test_358,0.25120152559724257,0.08875463115487274,0.3092431138619718,0.3508007293859129
Test_359,0.21617988208728126,0.052992670125957805,0.22427935725622833,0.5065480905305326
Test_360,0.12526643816746058,0.06870629672187169,0.11478101016451658,0.6912462549461511
Test_361,0.6351948792048079,0.04996611365470923,0.13692795643318098,0.17791105070730173
Test_362,0.3388240049169836,0.0453715737414394,0.29710452903155743,0.3186998923100196
Test_363,0.08789728505550647,0.07969232446653922,0.6637816663475474,0.16862872413040692
Test_364,0.137306290553765,0.03174705823536069,0.7553552145277007,0.07559143668317343
Test_365,0.24114773987264387,0.059561223403622375,0.5579110752627031,0.14137996146103057
Test_366,0.21963352232420857,0.05781172434278821,0.4866081329382606,0.2359466203947427
Test_367,0.181062850073194,0.041110222359180076,0.10151096214717223,0.6763159654204537
Test_368,0.3398213317564398,0.04676779514352408,0.3653023649321607,0.2481085081678755
Test_369,0.05016967979398362,0.02849528533824017,0.04968032467364535,0.8716547101941308
Test_370,0.19474460176263164,0.05552301748097388,0.5606381442872965,0.18909423646909798
Test_371,0.007184229390633894,0.024954755796475474,0.9607540200883328,0.007106994724557915
Test_372,0.07298936847339443,0.045314439791559816,0.0738198477234003,0.8078763440116455
Test_373,0.10265670438979359,0.05868677193433684,0.7120509432118991,0.12660558046397044
Test_374,0.3076926587383224,0.0476954428937572,0.4505146233457066,0.1940972750222139
Test_375,0.09707389266488245,0.04116823695921074,0.03954748713802557,0.8222103832378813
Test_376,0.5363391206004257,0.045937153304451944,0.22208814353569448,0.1956355825594278
Test_377,0.4030741005533475,0.052175615536806955,0.39637588941087565,0.1483743944989699
Test_378,0.09908453229314976,0.05309311764436402,0.7669980779661911,0.0808242720962951
Test_379,0.27046731835184745,0.06469664635729741,0.3808605648520459,0.28397547043880933
Test_380,0.24527490983396522,0.08378192338568789,0.19241715842144996,0.4785260083588969
Test_381,0.3758345956678275,0.07288088720094467,0.1513322426013646,0.39995227452986315
Test_382,0.3032276179857889,0.05788303131008177,0.19854783752795077,0.44034151317617864
Test_383,0.3919186088243415,0.0470269964262162,0.2800591238956176,0.28099527085382475
Test_384,0.23332045701258486,0.04791253757130118,0.5783572533821778,0.14040975203393619
Test_385,0.23863115487197709,0.0519435116138605,0.10984116521201912,0.5995841683021433
Test_386,0.11904789829342116,0.07799363828922315,0.538382233689547,0.26457622972780864
Test_387,0.1919423384358948,0.06479741957569328,0.10673783457357704,0.6365224074148348
Test_388,0.316809962775459,0.05444004327082435,0.3256922976502977,0.30305769630341906
Test_389,0.4325456174244937,0.04056374059975311,0.3502716225716085,0.17661901940414462
Test_390,0.3045781647731473,0.04338559875521696,0.2333497929667517,0.4186864435048841
Test_391,0.12609904899335717,0.07037640068064623,0.6175609219678811,0.18596362835811547
Test_392,0.08880997506540447,0.06796004433109791,0.5392067426067574,0.30402323799674025
Test_393,0.167809876104642,0.02967676507377023,0.05214334065275121,0.7503700181688366
Test_394,0.42161974686933734,0.04029222758166525,0.1962331995749023,0.34185482597409517
Test_395,0.09278833480310866,0.12500787223412937,0.6955288921322926,0.08667490083046925
Test_396,0.2437073958742259,0.0550310935065946,0.2831989741262703,0.4180625364929092
Test_397,0.21383213677500806,0.05410155140573627,0.19818153951180867,0.533884772307447
Test_398,0.11745723222402245,0.10124982836319886,0.4733859595825263,0.3079069798302523
Test_399,0.40594541487741254,0.04869142734619733,0.2033091645069897,0.3420539932694005
Test_400,0.013851869114681902,0.02378265077837536,0.943517066310958,0.01884841379598471
Test_401,0.1010923642890898,0.07793512262790434,0.7010331578838844,0.11993935519912141
Test_402,0.18094275148390138,0.03468517324152859,0.0817801427605268,0.7025919325140432
Test_403,0.19207515994474805,0.055994738528758,0.633597850945894,0.11833225058059994
Test_404,0.4711055582003575,0.06377721139276837,0.1814020892045754,0.2837151412022988
Test_405,0.07347891787833002,0.03367343603860755,0.04730730999255722,0.8455403360905053
Test_406,0.035880808108509625,0.03194094430883422,0.049844797323151425,0.8823334502595047
Test_407,0.14226814805357924,0.04952826761651285,0.13496750117999123,0.6732360831499167
Test_408,0.070921681842112,0.03490701544757328,0.05174509293242501,0.8424262097778897
Test_409,0.07163802273006425,0.09039205687505154,0.46344248807219435,0.3745274323226898
Test_410,0.0767048468517863,0.03511101554528172,0.03792066540130635,0.8502634722016256
Test_411,0.8122544086578609,0.018567850547232707,0.0908174415272268,0.07836029926767965
Test_412,0.10439531357078224,0.21194933708260144,0.4764088130627738,0.2072465362838426
Test_413,0.8682687567423742,0.01498164262585183,0.0698463165762544,0.04690328405551957
Test_414,0.17286071375505022,0.05245463247771981,0.6037922268030711,0.17089242696415893
Test_415,0.23686845312552188,0.0693371678041526,0.49253647226389724,0.20125790680642824
Test_416,0.22712257646608108,0.05949465805110908,0.20598774684830035,0.5073950186345094
Test_417,0.18617219712429267,0.054952612019316824,0.628107698822301,0.13076749203408958
Test_418,0.6244295794234486,0.039334122488149104,0.18329827605014656,0.15293802203825582
Test_419,0.4784478727092146,0.034985005275208064,0.3613302999112501,0.1252368221043273
Test_420,0.06286082458249301,0.06084982385936465,0.8050685620329243,0.07122078952521807
Test_421,0.09190020475710621,0.027118050180813164,0.07236707932931263,0.808614665732768
Test_422,0.39071916674866347,0.04992921769387932,0.25000296826665735,0.30934864729079986
Test_423,0.1258166724364174,0.09452734832848486,0.45965691114426854,0.31999906809082923
Test_424,0.019096363889907063,0.07425987915702725,0.8676219671692794,0.039021789783786225
Test_425,0.2236030514105567,0.06509388480307454,0.1557457902565233,0.5555572735298455
Test_426,0.349247109252438,0.04930467896644061,0.31315927488490997,0.2882889368962113
Test_427,0.08193907702494536,0.026950008414450773,0.04394261067114269,0.8471683038894612
Test_428,0.12760565823508774,0.05471415511867389,0.1526092147040538,0.6650709719421845
Test_429,0.011331524307215114,0.029796257004066164,0.9436669204743221,0.015205298214396616
Test_430,0.1261289775943076,0.06657170855622822,0.7339727171242627,0.07332659672520142
Test_431,0.5606642038729791,0.038337501395808084,0.20799153301299064,0.19300676171822212
Test_432,0.2576460348213428,0.11045547816693847,0.23373669617798803,0.3981617908337307
Test_433,0.12845889490163268,0.04322267428457493,0.10042913267968913,0.7278892981341032
Test_434,0.17420902388383214,0.06556564957886135,0.27104267610932326,0.4891826504279832
Test_435,0.570936860220812,0.032381761091239865,0.12999899180324156,0.2666823868847065
Test_436,0.2683648354253726,0.07526498576860637,0.27615644812902823,0.3802137306769928
Test_437,0.2653883350790622,0.05015220325591631,0.4509950836156973,0.2334643780493241
Test_438,0.1558905440640842,0.09106608087781824,0.5060975395312459,0.2469458355268517
Test_439,0.17275967035674092,0.10423160331964934,0.6320644300925136,0.09094429623109615
Test_440,0.01208416458016333,0.018534474489352873,0.9560983471428044,0.013283013787679647
Test_441,0.5834838438317056,0.06313465858261519,0.144308044776374,0.20907345280930528
Test_442,0.3579494349852982,0.04149686088701161,0.3531182424951939,0.24743546163249633
Test_443,0.12960547180490956,0.09349489586562622,0.18975971398387306,0.5871399183455911
Test_444,0.5237100267605712,0.03318781751547873,0.18661665384109716,0.2564855018828529
Test_445,0.2040858128215247,0.05824735955126788,0.43482985310065175,0.3028369745265557
Test_446,0.16600402720638385,0.0687851493921099,0.4441693495990149,0.3210414738024915
Test_447,0.18500076380120548,0.04184384780588324,0.6443470079064563,0.1288083804864551
Test_448,0.15372639580262268,0.053243253907405245,0.6337759798901309,0.15925437039984122
Test_449,0.2370063225057714,0.052227562936054156,0.3574016090046342,0.35336450555354015
Test_450,0.13617919752600022,0.037224489919413704,0.7477562657798549,0.07884004677473117
Test_451,0.0863446279152784,0.1009560519689256,0.689152501337006,0.12354681877878992
Test_452,0.19073531365918506,0.07875009881367735,0.4876888960672096,0.24282569145992802
Test_453,0.03103405891655931,0.038091483014073516,0.038938031849845386,0.8919364262195217
Test_454,0.07175991956328245,0.08286590607877951,0.6351502028225613,0.2102239715353767
Test_455,0.09447926015195969,0.02792378375686169,0.05867636594175383,0.8189205901494249
Test_456,0.1190899613154046,0.17173894422144645,0.5556060633429495,0.15356503112019937
