image_id,healthy,multiple_diseases,rust,scab
Test_0,0.020405965629812877,0.06822103346387795,0.6894550089346103,0.2219179919716988
Test_1,0.006197885926904628,0.2205531241084694,0.6293610922410526,0.14388789772357322
Test_2,0.0748086064037079,0.012316511725151398,0.020815599488011843,0.8920592823831289
Test_3,0.5756897940767333,0.020845428285566073,0.16738905820030506,0.23607571943739555
Test_4,0.007421067481700652,0.012066644807826512,0.9693053005146545,0.011206987195818505
Test_5,0.551981688065088,0.03146000331493455,0.31850364486412147,0.09805466375585598
Test_6,0.4441113501122521,0.03042838070935944,0.24101461907247332,0.28444565010591516
Test_7,0.07464221827260024,0.023534122943616932,0.09276442285151758,0.8090592359322651
Test_8,0.15938583791925265,0.06235474410602277,0.19761430915335734,0.5806451088213673
Test_9,0.12621408694967476,0.03094077238165768,0.7370444268870078,0.10580071378165982
Test_10,0.0001645166777842143,0.015463026871637793,0.9839614868089019,0.0004109696416759931
Test_11,0.3803313230367237,0.019117376292385198,0.5538776105460752,0.04667369012481582
Test_12,0.04751455411883067,0.006011397814230503,0.0027413961968367536,0.9437326518701021
Test_13,0.7860439707917428,0.011509754085694428,0.12572431767608253,0.0767219574464802
Test_14,0.01436385783038901,0.009514897266796394,0.9696300212116715,0.006491223691143181
Test_15,0.21156966659038598,0.04821659485478893,0.5007066783973227,0.23950706015750237
Test_16,0.6188285514404989,0.02399273090784708,0.18731307402341946,0.16986564362823467
Test_17,0.03318066176440527,0.10705881981763718,0.08938903005729991,0.7703714883606576
Test_18,0.22698761321304778,0.015558158312795518,0.028096134284805604,0.7293580941893512
Test_19,0.05181376983656634,0.03634318754598821,0.7954981696347042,0.11634487298274124
Test_20,0.1425955791483007,0.033678684168625045,0.1085563321404935,0.7151694045425808
Test_21,0.5071915096692486,0.017182651058641425,0.08338448319184796,0.3922413560802621
Test_22,0.008065474102848256,0.042309261811197825,0.9425494441701056,0.007075819915848432
Test_23,0.0017050979084883222,0.0034908303756782414,0.0019028009564865918,0.9929012707593469
Test_24,0.46461338570507466,0.03677966001184468,0.14184682970451898,0.35676012457856177
Test_25,0.08589370001293287,0.01132465159662754,0.010425828581779477,0.89235581980866
Test_26,0.1677598275971809,0.05353057387176661,0.28358387385247597,0.4951257246785764
Test_27,0.008552303484899815,0.03587351090950697,0.9426505727539615,0.012923612851631752
Test_28,0.8074535430672944,0.008351529561649118,0.10473712887595162,0.07945779849510476
Test_29,0.2859244822134145,0.04533824512414011,0.28990568813701467,0.3788315845254308
Test_30,0.4199125284929493,0.036838473579315405,0.10463607248493069,0.4386129254428046
Test_31,0.012713371506280406,0.1076210073049087,0.8295758596767678,0.05008976151204308
Test_32,0.039874335130171044,0.026492065758702762,0.0544825481147906,0.8791510509963355
Test_33,0.12377946163325247,0.029282253217337625,0.11941026666124173,0.7275280184881682
Test_34,0.21981838760401073,0.046822461197249,0.27987134076803366,0.45348781043070663
Test_35,0.09824176574685307,0.029495573513336152,0.05788807305835061,0.8143745876814601
Test_36,0.0012763905735194015,0.01418693825512812,0.9797422134953908,0.0047944576759618345
Test_37,0.030003697985928807,0.00698597902572246,0.0030217491439811627,0.9599885738443675
Test_38,0.00533134912267794,0.013435802154795664,0.008116648981045827,0.9731161997414806
Test_39,0.14325226772269517,0.05026531215315025,0.5138643227116416,0.29261809741251293
Test_40,0.0012277407023295892,0.013887626730027823,0.9724403531908243,0.012444279376818307
Test_41,0.011811066291934734,0.041500048605279054,0.9322355704428513,0.01445331465993482
Test_42,0.021764163095240093,0.031745941741999684,0.04108280293097561,0.9054070922317845
Test_43,0.669765662774382,0.019095759315177215,0.21474736399796537,0.09639121391247556
Test_44,0.19626536582938245,0.05353031803342116,0.031940525443136275,0.7182637906940601
Test_45,0.41985250730274104,0.14663950820473434,0.06976611442225729,0.3637418700702673
Test_46,0.3316067952743367,0.0695536552028488,0.10106497396002369,0.49777457556279087
Test_47,0.0023142243136414003,0.005798445122014182,0.9866124906592533,0.005274839905091086
Test_48,0.10482309451749997,0.04542036267556305,0.6164543544641604,0.23330218834277663
Test_49,0.15519229037841176,0.02971510141718609,0.6981014817348108,0.11699112646959134
Test_50,0.0009321546143554335,0.022502263534739785,0.9684285700383305,0.008137011812574342
Test_51,0.01714687763723056,0.06571976257719091,0.8138997722903966,0.10323358749518186
Test_52,0.015198466805514777,0.06323325012061762,0.8576587821765436,0.0639095008973239
Test_53,0.1310629388792612,0.0190183564190733,0.7782884138258014,0.07163029087586416
Test_54,0.015867538402201852,0.23190568920367588,0.6297571291197724,0.12246964327434984
Test_55,0.06742704665896732,0.04153858253747907,0.6475077519177277,0.24352661888582583
Test_56,0.25335419285842276,0.12583676130038807,0.11407682072413503,0.5067322251170541
Test_57,0.22428877339068198,0.035785508509284004,0.6002579328039329,0.13966778529610102
Test_58,0.0029619883852365046,0.003470816974861344,0.002110884856975176,0.9914563097829269
Test_59,0.10526672493837114,0.04357461235871319,0.6812524804596637,0.16990618224325188
Test_60,0.004993792299735767,0.08347313605436027,0.046237692173682926,0.865295379472221
Test_61,0.7514154967068022,0.0287546916444128,0.08670316162240985,0.13312665002637517
Test_62,0.4982845133508707,0.027850370922355584,0.255198348197959,0.21866676752881484
Test_63,0.04293231722685285,0.0591486935323339,0.16373173994198473,0.7341872492988284
Test_64,0.6564939773625572,0.03121416103016917,0.1841474456145497,0.1281444159927239
Test_65,0.034678646153113266,0.07143193404334316,0.688014876785642,0.20587454301790145
Test_66,0.5655971394944374,0.0427077140233421,0.2752993915319731,0.11639575495024755
Test_67,0.017171538325008846,0.05952648804869295,0.7927013178568987,0.13060065576939958
Test_68,0.0521725529019292,0.07803952353092461,0.0583203809640705,0.8114675426030756
Test_69,0.008866906260737073,0.012523083572280755,0.9588798601979686,0.019730149969013566
Test_70,0.07703564811850579,0.04806842697267726,0.17400962359882424,0.7008863013099929
Test_71,0.14613711872314844,0.006085494270451909,0.8339664062169456,0.013810980789454076
Test_72,0.24875883351011555,0.03589830965085989,0.022112855437239762,0.6932300014017848
Test_73,0.7906863040310304,0.00237434684784092,0.19947108240981604,0.007468266711312728
Test_74,0.35585392129287263,0.054723041249793165,0.25376693678387546,0.33565610067345886
Test_75,0.09587869372249401,0.044752441505071024,0.3164866518597445,0.5428822129126905
Test_76,0.7965917632366661,0.006532112658179573,0.06587853045581729,0.1309975936493369
Test_77,0.13070901674951704,0.03110875084418641,0.7464368062130178,0.09174542619327886
Test_78,0.04144145081735319,0.13082529183002992,0.24515294250834443,0.5825803148442724
Test_79,0.3058291427637875,0.03978601478157636,0.27712358141077126,0.3772612610438648
Test_80,0.04709247467139941,0.16281901504737117,0.3015421312035484,0.48854637907768117
Test_81,0.0004437280379272751,0.025103579513032576,0.9695662247711851,0.0048864676778549955
Test_82,0.060651088484297504,0.07310186792886632,0.6631074939834326,0.20313954960340358
Test_83,0.0023145668631916107,0.09406673044164189,0.8512715666859089,0.05234713600925772
Test_84,0.10513078384140387,0.02056914658985486,0.05849925168173286,0.8158008178870084
Test_85,0.3772061984554922,0.02798980521619326,0.2987684561041342,0.29603554022418027
Test_86,0.24164641970427475,0.08998327486810855,0.38623965221264744,0.28213065321496933
Test_87,0.45163675307259343,0.04189401651772451,0.1965332970116806,0.30993593339800135
Test_88,0.19240266464101383,0.049704777295496355,0.2931035269449433,0.4647890311185465
Test_89,0.6821282860189759,0.019674615831117882,0.24825821907188775,0.049938879078018375
Test_90,0.01405423517856657,0.015640241459148226,0.9532954208020059,0.017010102560279218
Test_91,0.35026307466387596,0.039627864607894386,0.3943570720496367,0.215751988678593
Test_92,0.847880367178222,0.0035882789451885267,0.05528981224119258,0.09324154163539695
Test_93,0.0017837764403924286,0.02851857292261618,0.9660397650995219,0.0036578855374696253
Test_94,0.015095039615548065,0.010459797791594356,0.005445078608992486,0.9690000839838651
Test_95,0.2826942904379384,0.06120901718490861,0.5134589351200264,0.14263775725712652
Test_96,0.1885732795294085,0.03028417424270272,0.17406957067943116,0.6070729755484576
Test_97,0.5489802428696963,0.03227230692259621,0.15032654984632668,0.26842090036138083
Test_98,0.08344019673607946,0.05761042563286819,0.039356321956254166,0.8195930556747982
Test_99,0.37002523413758,0.09175853876286676,0.2765149162849516,0.26170131081460174
Test_100,0.013892660175787457,0.10141348495092736,0.026145831341351476,0.8585480235319337
Test_101,0.7639277635135131,0.0273006978242851,0.05251563165387766,0.15625590700832404
Test_102,0.05020652252063584,0.020681141772145722,0.025054759435635208,0.9040575762715832
Test_103,0.23308293121895984,0.03769278745044251,0.6462557849438794,0.08296849638671845
Test_104,0.08733030519535606,0.04041023959749604,0.09944295609350098,0.7728164991136469
Test_105,0.17287677738843266,0.028900815848199576,0.11461184377030419,0.6836105629930636
Test_106,0.7783902904990564,0.011664397028776221,0.12169524872945224,0.08825006374271524
Test_107,0.026189991976076556,0.032306667800065414,0.8850057776052785,0.05649756261857941
Test_108,0.01006382550165991,0.008264319554038238,0.003980638980708062,0.9776912159635939
Test_109,0.13389019747595896,0.051115951306472576,0.19492183412648062,0.6200720170910878
Test_110,0.10867418945021089,0.01697541974892352,0.01709192698863019,0.8572584638122354
Test_111,0.3424806951248862,0.03627926800288936,0.2761562376029637,0.34508379926926064
Test_112,0.03807076222496796,0.06987089945416579,0.7301094443128604,0.1619488940080058
Test_113,0.280964991567602,0.04001869754008105,0.3164814808514152,0.36253483004090176
Test_114,0.07115874630703897,0.15333505486559834,0.5488959174756232,0.22661028135173952
Test_115,0.01037134499331978,0.02068284415264941,0.9430657969534841,0.025880013900546544
Test_116,0.0372338281524766,0.05518656548109314,0.8866120914134717,0.020967514952958607
Test_117,0.012843882899204916,0.03998127131699757,0.8524001336223298,0.09477471216146767
Test_118,0.08033906676986881,0.035493963206374705,0.7687213719894408,0.11544559803431584
Test_119,0.5448100018317751,0.020375344975176374,0.35500011786190727,0.07981453533114134
Test_120,0.007469457835540356,0.017803383652160887,0.947263903521227,0.027463254991071637
Test_121,0.14733660881128155,0.05905349543609728,0.7181644095796899,0.07544548617293131
Test_122,0.1093280477262826,0.05910907784562503,0.6727470584537422,0.15881581597435018
Test_123,0.01463347720765244,0.06902295554487661,0.8864990401007539,0.029844527146717127
Test_124,0.0024146967163058155,0.008062240972026954,0.0016813836337739563,0.9878416786778932
Test_125,0.18729904054226051,0.13680986925426875,0.3902867789657683,0.28560431123770247
Test_126,0.8255731907630688,0.010483417862169378,0.1496656062876114,0.014277785087150517
Test_127,0.5268732037904393,0.019504982308880196,0.08102368852990242,0.372598125370778
Test_128,0.032967140207505935,0.11165818091352427,0.4559267985703558,0.399447880308614
Test_129,0.2933929066630835,0.08432233781321002,0.3866243636585415,0.23566039186516502
Test_130,0.12158930732552395,0.028458067077998542,0.04536239789367249,0.8045902277028051
Test_131,0.005119474457289023,0.009888239312784371,0.008098242382997948,0.9768940438469287
Test_132,0.8774353800934622,0.01141563292595908,0.07264691251149256,0.03850207446908615
Test_133,0.003732191303352996,0.005448787292156647,0.0008163971227483572,0.9900026242817419
Test_134,0.36938134180386994,0.030181369856949122,0.28594942866823564,0.3144878596709453
Test_135,0.08276001771920011,0.0668844369542595,0.19632738038603542,0.654028164940505
Test_136,0.0054085966531685885,0.009103719790612677,0.012335756998757004,0.9731519265574617
Test_137,0.0010123742929399747,0.030644763843163555,0.9647842246147044,0.0035586372491920692
Test_138,0.0009560686218330708,0.0028908988087568447,0.9955602545393435,0.000592778030066667
Test_139,0.6881534006160751,0.01929231483019864,0.2196552467861787,0.0728990377675477
Test_140,0.28289795083066466,0.033870997810124995,0.4088563279600907,0.2743747233991197
Test_141,0.12273100039158531,0.03105626877584976,0.08489854651446993,0.761314184318095
Test_142,0.04917245119963439,0.14478930996619066,0.15969807519393958,0.6463401636402353
Test_143,0.04691690960510489,0.02216369167477479,0.030612985410599317,0.900306413309521
Test_144,0.6739683328600041,0.0236568470662264,0.10723759530179988,0.19513722477196963
Test_145,0.20152811319465472,0.04577678315063503,0.33729175154469887,0.41540335211001134
Test_146,0.10155168836091118,0.020998754134231943,0.8266877250253676,0.05076183247948927
Test_147,0.015923957358887346,0.06980040700222398,0.85553287312771,0.05874276251117874
Test_148,0.7420434241924941,0.06015034772321203,0.0626530081996365,0.13515321988465728
Test_149,0.2033135412207291,0.03620657928766651,0.6703604111951317,0.09011946829647276
Test_150,0.1845456075625718,0.08046114907953592,0.5685330547439156,0.1664601886139766
Test_151,0.01136760292878462,0.011000671547702689,0.9701358477372364,0.0074958777862764725
Test_152,0.03676569833936981,0.059630515859342974,0.7499311191538501,0.15367266664743706
Test_153,0.17808949286800718,0.022043181358055434,0.03826422400773795,0.7616031017661994
Test_154,0.04918728649563181,0.07130855144720732,0.7056733441152082,0.17383081794195257
Test_155,0.03991420387847173,0.03090780777826452,0.7830101971002159,0.14616779124304785
Test_156,0.12151591917879176,0.04576615097354497,0.10380477524653156,0.7289131546011317
Test_157,0.14674957071408562,0.03828851932407454,0.4803974252585634,0.33456448470327643
Test_158,0.04151359784156565,0.01845795875266748,0.044184972690911095,0.8958434707148558
Test_159,0.22058965354731128,0.04017335722952212,0.4514500818302642,0.28778690739290247
Test_160,0.47501081133914685,0.04352756818789281,0.3301547859078152,0.15130683456514507
Test_161,0.060722572330240435,0.046689821359201564,0.7240994602629922,0.16848814604756573
Test_162,0.05551349257302063,0.015570512077939122,0.8888132914029142,0.040102703946126125
Test_163,0.01313184896003446,0.12272038890504279,0.7934815806181342,0.07066618151678854
Test_164,0.5785288870542075,0.09906995798855682,0.03839895010476497,0.28400220485247074
Test_165,0.013805995809419802,0.0507631672671768,0.1551275584091194,0.780303278514284
Test_166,0.5540386917083788,0.032725358831713625,0.2897163652500355,0.12351958420987195
Test_167,0.055658784742007056,0.023262653058043908,0.8583434988270066,0.06273506337294239
Test_168,0.01177988968357092,0.06491762334263314,0.8317847625369139,0.09151772443688196
Test_169,0.22418288663757213,0.0319754960600801,0.5809206460717067,0.16292097123064112
Test_170,0.428745523053454,0.02993749047286692,0.30948763616226715,0.231829350311412
Test_171,0.015562820110478867,0.037161496505499055,0.8617516269445911,0.08552405643943102
Test_172,0.043155466161076794,0.14377908474168813,0.6995830630655487,0.11348238603168638
Test_173,0.02407572181659472,0.009360098228184864,0.9629256287957717,0.003638551159448903
Test_174,0.16415949596750565,0.02553973838049888,0.014460313510429666,0.7958404521415657
Test_175,0.6128981873817968,0.040354699629730546,0.1335913981083085,0.21315571488016422
Test_176,0.001500919772943244,0.03617571296393423,0.956689397219527,0.005633970043595567
Test_177,0.11110336780101844,0.017201414313857362,0.035485402246941175,0.836209815638183
Test_178,0.008161023651848828,0.003624096773767805,0.0018242100356576998,0.9863906695387256
Test_179,0.03348588329634029,0.04554418034311624,0.8439656529241463,0.07700428343639715
Test_180,0.05937796953513952,0.12448885361817387,0.5200728031793481,0.2960603736673385
Test_181,0.1650019923767909,0.008062044876329753,0.006610135672712241,0.820325827074167
Test_182,0.15329958174302094,0.03264511729339737,0.6419375752101748,0.17211772575340684
Test_183,0.6310690752855581,0.009403021903465593,0.29465417078839407,0.06487373202258227
Test_184,0.23590725788087263,0.029733011647703655,0.25028358103901494,0.48407614943240895
Test_185,0.2882464346596459,0.039791694336352934,0.2638169329673895,0.40814493803661167
Test_186,0.36032067356778164,0.06571822494965672,0.2573374891751433,0.31662361230741837
Test_187,0.015076494823386384,0.011725921726978422,0.9678179218876488,0.005379661561986239
Test_188,0.3611119500425972,0.022827194747910777,0.42520357018964994,0.19085728501984217
Test_189,0.5223489031587191,0.06494756418205283,0.17487461164186585,0.23782892101736236
Test_190,0.24007513837792255,0.05134511920572732,0.40336692682026165,0.30521281559608854
Test_191,0.03843200867677052,0.03563631280240169,0.6797396021214147,0.24619207639941304
Test_192,0.6819312404064028,0.041040807305936004,0.19139986598086683,0.08562808630679439
Test_193,0.027353623749551484,0.013792633584344391,0.9452798139608187,0.013573928705285248
Test_194,0.005848277623067488,0.0580929961820904,0.9201664408244623,0.015892285370379847
Test_195,0.7570725637139479,0.06639486660867218,0.10887148249731547,0.06766108718006439
Test_196,0.19608622124903513,0.0498349600917807,0.164589367902483,0.5894894507567012
Test_197,0.015376541803709046,0.04935464065647735,0.9002867311778944,0.03498208636191934
Test_198,0.14260788555804474,0.07077033116720408,0.15342631462117134,0.6331954686535798
Test_199,0.17380132343978016,0.041039221608105775,0.23658342893458315,0.5485760260175309
Test_200,0.017647858825346398,0.02225298350105635,0.9259493988879227,0.03414975878567443
Test_201,0.17653833394650456,0.0569703863798318,0.257610663856228,0.5088806158174357
Test_202,0.0179570949514155,0.047607927797380795,0.6032954352541114,0.3311395419970922
Test_203,0.035412024881323535,0.07016833089802449,0.7803131225505221,0.11410652167013004
Test_204,0.21544056486664565,0.034744075149070595,0.10808445827213119,0.6417309017121525
Test_205,0.12842526734926105,0.019599490285690795,0.04376399068651391,0.8082112516785342
Test_206,0.001518973302132081,0.003167353053550352,0.00040823332087080874,0.9949054403234467
Test_207,0.06770637072350649,0.05109150192362199,0.5688367974774857,0.31236532987538584
Test_208,0.3031811952233181,0.0401121340989471,0.28094584637928777,0.37576082429844704
Test_209,0.013239173186822136,0.15612252087525136,0.6713165127035318,0.15932179323439488
Test_210,0.09119557852169356,0.061101132443715823,0.4080041054846124,0.4396991835499783
Test_211,0.04578298725197912,0.1161048864848731,0.08496571330578015,0.7531464129573676
Test_212,0.02078584120986447,0.02449360824133635,0.9508845256583508,0.0038360248904483773
Test_213,0.04535082537731569,0.18705070577377525,0.15459783864028967,0.6130006302086195
Test_214,0.06321169143833458,0.04808340930242655,0.6992436366333776,0.18946126262586133
Test_215,0.5681008558405511,0.07866704501400314,0.08380637204985436,0.26942572709559126
Test_216,0.4907513584395914,0.02517444636440343,0.34704752456703886,0.13702667062896634
Test_217,0.19909779048968762,0.0400429551409374,0.1310491272973116,0.6298101270720633
Test_218,0.8063008302040865,0.0228596169435208,0.09249865137343667,0.07834090147895598
Test_219,0.2670890470403799,0.0058316070722971266,0.6998709010857609,0.02720844480156222
Test_220,0.003023745183751619,0.037371764473941416,0.00931622092761312,0.9502882694146938
Test_221,0.3377283124177073,0.03192885723640726,0.35012734961726233,0.28021548072862307
Test_222,0.16800054239373993,0.03290486459765348,0.5860907829844996,0.21300381002410704
Test_223,0.04990337559900086,0.07149404160692696,0.758706092177969,0.11989649061610312
Test_224,0.39185745506899367,0.03228533448875734,0.29537650042550384,0.2804807100167452
Test_225,0.7343185873023367,0.018682289040421282,0.23502987443171952,0.011969249225522532
Test_226,0.05626456850701636,0.11424828453670655,0.68230235513377,0.14718479182250713
Test_227,0.06635299670182103,0.020387058825072118,0.021771801572248842,0.891488142900858
Test_228,0.27443111227695804,0.0333750912571898,0.44719872926593895,0.2449950671999133
Test_229,0.07911780683541302,0.058273491881060464,0.6995732374755752,0.16303546380795136
Test_230,0.04659521965191411,0.00794919604814302,0.006481476536460111,0.9389741077634828
Test_231,0.008122975901747164,0.00947499063616776,0.011217889039031972,0.9711841444230531
Test_232,0.25504510350990645,0.034372989797032884,0.5595782793818748,0.15100362731118588
Test_233,0.6574626071344318,0.008680577847394446,0.04711556185916291,0.28674125315901083
Test_234,0.10510669311185702,0.028363778478165496,0.02654373678074771,0.8399857916292298
Test_235,0.029925495334876893,0.029759709867099693,0.027097235245466183,0.9132175595525571
Test_236,0.20230815683136233,0.0682758506939922,0.5200221864371993,0.20939380603744615
Test_237,0.22030816755186358,0.04322052218805052,0.2997453457882735,0.43672596447181233
Test_238,0.00779414366601406,0.05372637404006731,0.9221629945468164,0.016316487747102325
Test_239,0.18295448447759521,0.036347572441266164,0.7239458006041026,0.05675214247703593
Test_240,0.0018500546562636177,0.09636744848699377,0.8964883380392664,0.005294158817476394
Test_241,0.12588893056596223,0.06801814159223744,0.4735899594501905,0.33250296839160975
Test_242,0.2779034707572166,0.04831459819101406,0.24993454462401654,0.42384738642775277
Test_243,0.6474950356655212,0.014650267591023202,0.1807521167115199,0.1571025800319357
Test_244,0.28270411445069205,0.1837402062183623,0.16594940538815534,0.36760627394279033
Test_245,0.12097848515157078,0.20233033657785815,0.4341490091675448,0.24254216910302642
Test_246,0.0117937325995737,0.01998770400283442,0.004822590643582418,0.9633959727540095
Test_247,0.0036210870902385864,0.008316520155083579,0.004070315875535212,0.9839920768791426
Test_248,0.29660423436213307,0.06862328258567818,0.18643883889801696,0.44833364415417176
Test_249,0.040525076881667524,0.04921087428804728,0.11029306099350672,0.7999709878367784
Test_250,0.7993564862456302,0.022861017180987063,0.10420948962607994,0.07357300694730289
Test_251,0.2208054529797775,0.01965780373516277,0.018535088296033064,0.7410016549890266
Test_252,0.1012976741099061,0.06684872624660336,0.6157940763320303,0.21605952331146028
Test_253,0.014107870144691906,0.09275386341464205,0.07388319786376724,0.8192550685768988
Test_254,0.04316149969395981,0.010955882961616563,0.0008889539089907933,0.9449936634354329
Test_255,0.16207819135882762,0.03135546275839082,0.11288712539606174,0.6936792204867198
Test_256,0.0009630581284765164,0.013072346488761218,0.006651595199675558,0.9793130001830866
Test_257,0.014114583765248993,0.022600207936843104,0.9412133124407063,0.0220718958572016
Test_258,0.0019034234605538427,0.22292432514515442,0.46763776993098477,0.30753448146330686
Test_259,0.31756992719350147,0.029093199166808765,0.5800271902850553,0.07330968335463439
Test_260,0.10212884679493275,0.008377545357569115,0.027584837236499533,0.8619087706109986
Test_261,0.0008001223553817061,0.007640234845917762,0.9888257276346205,0.0027339151640798057
Test_262,0.0212940251019068,0.05055935503178927,0.9107001872851302,0.017446432581173812
Test_263,0.3726154086535278,0.04871936461110598,0.1517767849790547,0.4268884417563115
Test_264,0.4042514221723966,0.03531906285105171,0.2924503895972679,0.2679791253792838
Test_265,0.17147028238456374,0.06676321735186938,0.5984130953331701,0.1633534049303968
Test_266,0.0014029924355873115,0.0017182684647841524,0.000584026213596335,0.9962947128860322
Test_267,0.8801745485443673,0.0019216186230976695,0.10404918867332559,0.013854644159209312
Test_268,0.0015580317680085167,0.17861741614772678,0.8038319133387027,0.015992638745562143
Test_269,0.3600118408684637,0.041613756692197704,0.1421099577059454,0.45626444473339317
Test_270,0.17497081897037184,0.029117251082825715,0.1510499940573561,0.6448619358894462
Test_271,0.06084346134749395,0.06044568217419104,0.12476624772123912,0.7539446087570758
Test_272,0.029452727143666074,0.08276937912255274,0.7730924860906426,0.11468540764313857
Test_273,0.3014128851255426,0.11260375435827544,0.23310744533369818,0.3528759151824838
Test_274,0.23271768815810123,0.030671879503116284,0.5737595008485735,0.16285093149020885
Test_275,0.1324288336985493,0.06474745734902988,0.5370010310901595,0.26582267786226127
Test_276,0.025739181665969245,0.10581129928070267,0.303604765722221,0.5648447533311071
Test_277,0.28699965019282864,0.053110137306296656,0.2711193020554662,0.3887709104454086
Test_278,0.013296196501194091,0.08852597888698553,0.11591047529936646,0.7822673493124539
Test_279,0.006322953038838979,0.007932138843701666,0.9807107026960287,0.0050342054214307244
Test_280,0.0002550910252300584,0.0013380620104440151,0.00025133579002571856,0.9981555111743002
Test_281,0.05676867320367386,0.047037444100735265,0.07438156779296978,0.8218123149026211
Test_282,0.04968078617055943,0.5057414603067429,0.23377679571168708,0.21080095781101055
Test_283,0.07009510022462564,0.1090059185402763,0.6580741952518805,0.16282478598321753
Test_284,0.02341795769873182,0.0613472139890205,0.8669267483567978,0.04830807995544981
Test_285,0.20784553760714344,0.10575330197976018,0.254770522467201,0.4316306379458954
Test_286,0.29983282861971133,0.020462764314724335,0.10068227186662847,0.5790221351989358
Test_287,0.38102642650682716,0.03305975516170294,0.23441062426471354,0.35150319406675634
Test_288,0.0010883875221212014,0.0025057234420173685,0.00044713312275513283,0.9959587559131062
Test_289,0.0024373402455949906,0.0023188798789354403,0.0008172092106357003,0.9944265706648338
Test_290,0.048974706544930434,0.07247059688883632,0.7595542595908509,0.11900043697538226
Test_291,0.19608997954400356,0.024433474718080935,0.7216772230641506,0.057799322673764905
Test_292,0.6765844657376995,0.013995371730713956,0.22861469896516623,0.08080546356642027
Test_293,0.01351994440147678,0.11480556666306665,0.8441440731301193,0.027530415805337455
Test_294,0.014021196605981726,0.05363759005892402,0.8922112338350364,0.04012997950005776
Test_295,0.24597346661457475,0.04269580832527822,0.4612097629671905,0.2501209620929566
Test_296,0.30480822591009626,0.033195562887330624,0.33200534587916564,0.32999086532340743
Test_297,0.05604961720182672,0.05746342944689143,0.10214157072001977,0.7843453826312621
Test_298,0.023326641292091343,0.07856337070033491,0.6381845240425809,0.25992546396499294
Test_299,0.11737854530118758,0.04705867649603096,0.2113698243496332,0.6241929538531483
Test_300,0.43049189668573057,0.026411505851822618,0.1747907355609586,0.3683058619014882
Test_301,0.700826422137842,0.007934873602840757,0.15416438220530368,0.13707432205401368
Test_302,0.012493529995498766,0.5980718831996997,0.16283472357140855,0.22659986323339293
Test_303,0.758497249052265,0.02065394225341393,0.06920399188206765,0.15164481681225325
Test_304,0.6090469863312484,0.037340107177454084,0.17999751885545995,0.17361538763583742
Test_305,0.5919476400442838,0.03354329026259098,0.03389218855718922,0.3406168811359359
Test_306,0.17814125125216815,0.048184472909344564,0.35987226862751487,0.4138020072109724
Test_307,0.36412286092820634,0.03180016583167332,0.38639802873283885,0.21767894450728145
Test_308,0.04811771762455052,0.08663623783354411,0.42688849505694404,0.4383575494849614
Test_309,0.03577246202225573,0.06760796657199207,0.47905681540523803,0.4175627560005141
Test_310,0.024773432991805795,0.09067621020913304,0.6862147338457444,0.19833562295331672
Test_311,0.0897640600322132,0.06986367285520914,0.6433281554638811,0.19704411164869648
Test_312,0.0015037810746252858,0.0012261015327266877,0.0006728975057096697,0.9965972198869384
Test_313,0.0019204779471732874,0.005801441500710771,0.0028932717860605892,0.9893848087660554
Test_314,0.15092639539965952,0.06274042597641752,0.2333282589143238,0.5530049197095992
Test_315,0.0005510151719364295,0.0010847552245091003,0.00021217002262154764,0.9981520595809328
Test_316,0.5356687472921666,0.02413147075271088,0.303606548851086,0.13659323310403634
Test_317,0.04186994588293821,0.037475278424242676,0.7316761719324814,0.18897860376033776
Test_318,0.33347077027801253,0.03818531433040752,0.2951230889940034,0.33322082639757655
Test_319,0.0008254888553859578,0.01329230137572053,0.9761578094343023,0.009724400334591165
Test_320,0.18395905448910504,0.05121029385618835,0.6833739265428939,0.08145672511181277
Test_321,0.7448740139660515,0.04622043452502252,0.13752399876930949,0.07138155273961648
Test_322,0.3829270207276951,0.08238221656959792,0.3262116372726156,0.20847912543009145
Test_323,0.1664807005571665,0.045290077340788555,0.5959245495125994,0.19230467258944559
Test_324,0.033352081797746576,0.03510210891354936,0.8910788262702759,0.04046698301842829
Test_325,0.008470279850574025,0.01958682219933584,0.005946672422263689,0.9659962255278265
Test_326,0.009463288652537451,0.019062197122607708,0.9342803626206199,0.037194151604235
Test_327,0.04394838397798161,0.015685294114815524,0.023718323686266234,0.9166479982209366
Test_328,0.01699392940651825,0.03512981214408095,0.916929810436778,0.030946448012622713
Test_329,0.02045466690770188,0.03134784997370477,0.9369274420619237,0.011270041056669644
Test_330,0.0003504600735840844,0.05113863285735812,0.9440023745008386,0.0045085325682191766
Test_331,0.28842568803588386,0.05485328311271831,0.2516275702088195,0.40509345864257834
Test_332,0.9247486812217794,0.014322473748195294,0.02148857144510094,0.039440273584924274
Test_333,0.021677996699606843,0.07657282415690823,0.8683520493511822,0.03339712979230269
Test_334,0.001363796929572459,0.005257481454274884,0.9915239014048759,0.0018548202112766313
Test_335,0.354394278557813,0.0528504950775524,0.3493134782751522,0.24344174808948235
Test_336,0.2928830691320942,0.009084445480059893,0.6573071976225543,0.040725287765291496
Test_337,0.9191834724272598,0.01848145309224205,0.01689884713552631,0.0454362273449717
Test_338,0.5981296140157507,0.02349062307314735,0.15958182824494901,0.21879793466615297
Test_339,0.037184916269268065,0.11917671481776251,0.7969302123613615,0.046708156551607996
Test_340,0.24737727500267584,0.05611691321044156,0.27282824296204294,0.4236775688248396
Test_341,0.37936162921342637,0.0466119555968385,0.01087830261518984,0.5631481125745453
Test_342,0.9425179054699013,0.002306558103490319,0.05215647530047931,0.0030190611261290746
Test_343,0.22674232731718044,0.03651754157177625,0.2345306291477064,0.5022095019633369
Test_344,0.009128902915259635,0.01772962210464475,0.9657902385619106,0.007351236418185022
Test_345,0.04211375914593703,0.053952148469909554,0.8083023074150222,0.09563178496913134
Test_346,0.025886264723895526,0.03419779339754521,0.8848147063311154,0.05510123554744388
Test_347,0.21944375158277452,0.03751957751273045,0.4238736597190294,0.3191630111854655
Test_348,0.06088510450561315,0.0183523752445363,0.06982794687374068,0.8509345733761099
Test_349,0.06395689319674507,0.13858344434505657,0.10594066595149126,0.6915189965067072
Test_350,0.009171944765191528,0.026881087776723236,0.03577639887214315,0.9281705685859422
Test_351,0.019049275348977747,0.038615150094893975,0.8881508392397025,0.05418473531642581
Test_352,0.2249039366039122,0.035949847156022265,0.21562589261249543,0.5235203236275701
Test_353,0.35862427126062946,0.04256985344501622,0.11694371111861245,0.4818621641757419
Test_354,0.2682954633671011,0.04034314443095173,0.5232813989498302,0.16807999325211695
Test_355,0.643595308962418,0.053530048149982086,0.05195896459748571,0.25091567829011413
Test_356,0.30415179266310366,0.06462561064804022,0.33568398397973814,0.2955386127091181
Test_357,0.8138804306338996,0.0064273485646669905,0.15610858793405227,0.023583632867381178
Test_358,0.22237056774539332,0.07633431337214215,0.315806116783287,0.3854890020991776
Test_359,0.11846927083893721,0.02882794568758557,0.14242780461517482,0.7102749788583023
Test_360,0.02034365260051273,0.04155687396254824,0.024712240439394816,0.9133872329975441
Test_361,0.8524750303816215,0.022547803226770836,0.04239726109069841,0.08257990530090925
Test_362,0.2956690454801291,0.02934106159602033,0.3061165870454846,0.3688733058783659
Test_363,0.016532808123702294,0.05417089523465389,0.8591604239038328,0.0701358727378109
Test_364,0.02704285530716662,0.014432299979812198,0.9412519646504696,0.017272880062551735
Test_365,0.14919882945456076,0.03286433036343637,0.7551033695905696,0.06283347059143317
Test_366,0.1049568813450207,0.05246777074913032,0.6579142316507275,0.18466111625512144
Test_367,0.0971485745200031,0.019429948809156508,0.03145167384693666,0.8519698028239038
Test_368,0.35523781308633073,0.02885945658073958,0.36440016524903174,0.25150256508389784
Test_369,0.005813241167688113,0.004195463114851258,0.0061708285470518185,0.9838204671704087
Test_370,0.10496248562628148,0.03469471852572422,0.7446860068712885,0.11565678897670575
Test_371,4.9734636466322166e-05,0.005684000547869132,0.9941677452582387,9.851955742592792e-05
Test_372,0.009813896924768013,0.007839373290174055,0.0068575335674369705,0.9754891962176211
Test_373,0.015175879872606646,0.027668717586127916,0.9207268087733134,0.036428593767952044
Test_374,0.2120988490892618,0.035547559147098236,0.609489535372123,0.1428640563915168
Test_375,0.018771767337808783,0.012202505902020227,0.002483702455503486,0.9665420243046676
Test_376,0.6769013902132097,0.03711875613104455,0.13660646820314992,0.14937338545259585
Test_377,0.3661433742666434,0.019890216025162936,0.5482951458309286,0.06567126387726507
Test_378,0.012222347933979942,0.018131777396111423,0.9586834212665734,0.010962453403335307
Test_379,0.1757645013134232,0.06460258299283825,0.47419994172000124,0.2854329739737373
Test_380,0.11656892272118886,0.06485647153404604,0.14503245687627678,0.6735421488684883
Test_381,0.3027538118343855,0.0667969455919063,0.06807703899824476,0.5623722035754635
Test_382,0.23096812333078512,0.04834162806555127,0.11168697194635946,0.6090032766573042
Test_383,0.43300594727960007,0.03650598343498196,0.2645351866888915,0.26595288259652655
Test_384,0.15572887994950757,0.03520311330639715,0.7342141246713741,0.07485388207272113
Test_385,0.09334271128628212,0.01750388584012365,0.026032737772899956,0.8631206651006943
Test_386,0.026549678905762996,0.08396392443669687,0.7076956448114443,0.18179075184609578
Test_387,0.08237136569533356,0.029699962835362585,0.029552610302283004,0.8583760611670209
Test_388,0.26613274310514434,0.04633573682467619,0.37679421438151484,0.3107373056886646
Test_389,0.47236838026601535,0.020126155234138705,0.38980676808001763,0.11769869641982825
Test_390,0.24489323483958877,0.03466781250981802,0.1540228019316645,0.5664161507189287
Test_391,0.034653985215104266,0.058265981479514194,0.8091583269259648,0.09792170637941669
Test_392,0.012724038759581098,0.044415921056163835,0.6250524732737616,0.3178075669104935
Test_393,0.043694379076943624,0.004292360624913719,0.0036172059606615096,0.9483960543374812
Test_394,0.43975289546394253,0.017873948481763664,0.12059914958280618,0.4217740064714876
Test_395,0.02162855629844865,0.15568693206382084,0.8039400563615129,0.0187444552762176
Test_396,0.15671533388832584,0.037498527622130136,0.21512312658188157,0.5906630119076625
Test_397,0.13848048764642046,0.038271514808572715,0.13741747274286228,0.6858305248021446
Test_398,0.02665090318057324,0.13609511963991472,0.6204057552898379,0.21684822188967423
Test_399,0.42287030971381095,0.03652728661925453,0.12289446198553797,0.4177079416813965
Test_400,0.0002873862896375837,0.0026898872461032764,0.9962961373727717,0.0007265890914875474
Test_401,0.013670499154684261,0.05824380526655114,0.8970890393912945,0.030996656187470037
Test_402,0.06016041175621841,0.010665918522347903,0.012865496903123491,0.9163081728183101
Test_403,0.06790440168194195,0.02941627700306766,0.8569883204475356,0.0456910008674548
Test_404,0.5394209501280736,0.030495998366483503,0.08644524531523606,0.34363780619020684
Test_405,0.008731966380756004,0.013125458789189704,0.005014449836948541,0.9731281249931057
Test_406,0.0017048822825052158,0.006905636945299361,0.0038152361276804292,0.9875742446445149
Test_407,0.03712950909137822,0.03349242995730466,0.04826668516904246,0.8811113757822746
Test_408,0.013355964841758739,0.01167073618031406,0.006822175009341337,0.9681511239685858
Test_409,0.014638347579634696,0.1084414230441876,0.48738549329305975,0.38953473608311784
Test_410,0.008276070127743628,0.0039707279121608844,0.0023352601644458203,0.9854179417956497
Test_411,0.9574443501506704,0.00139069241571253,0.028617442378775244,0.012547515054841859
Test_412,0.023976531783499344,0.41193629646921437,0.4667532354189744,0.0973339363283119
Test_413,0.9743271151855104,0.0026993301333430864,0.015963691407812532,0.007009863273333915
Test_414,0.06908049791282142,0.032616576668200135,0.7849564418753705,0.11334648354360792
Test_415,0.13798305121025053,0.07058664254126774,0.651392529387376,0.14003777686110558
Test_416,0.12570155579030967,0.040281379107283175,0.10988630146571471,0.7241307636366925
Test_417,0.05720130947315458,0.026542761048943177,0.8804603971125449,0.03579553236535738
Test_418,0.7848384972100546,0.019759342207226,0.1326131089848259,0.06278905159789348
Test_419,0.5352251384049932,0.019269728823509746,0.38693825106063195,0.05856688171086513
Test_420,0.008066263186732635,0.031556553506038025,0.9469966266516094,0.013380556655619897
Test_421,0.013838504678892593,0.00696284460475333,0.009137497227967913,0.9700611534883862
Test_422,0.3815182267689226,0.04607639412923184,0.2514193976268709,0.3209859814749747
Test_423,0.04279222182357063,0.12491794434035512,0.5366794736014036,0.2956103602346707
Test_424,0.00047445980103055687,0.05260220670999254,0.9431644136178376,0.003758919871139219
Test_425,0.1285647330047966,0.04004151065289426,0.06695031121304704,0.7644434451292622
Test_426,0.3457999031109076,0.044403766449751,0.3211005046945099,0.2886958257448315
Test_427,0.013138855374460596,0.007600912972946687,0.0032290495321520532,0.9760311821204407
Test_428,0.03444908962153882,0.025879876142673234,0.05709925780215129,0.8825717764336366
Test_429,0.00010808620282275152,0.00991347614441662,0.989515563141474,0.00046287451128655525
Test_430,0.02422643372423126,0.03616575699050091,0.9252623178776785,0.014345491407589154
Test_431,0.7075933457108656,0.022353914555399354,0.12832392010830448,0.1417288196254305
Test_432,0.1637182968065381,0.09840159129829432,0.1707053574270629,0.5671747544681047
Test_433,0.038089489373482645,0.014181789690577283,0.028584880538245653,0.9191438403976944
Test_434,0.08395354777985048,0.0661841248333807,0.21246628901458073,0.6373960383721882
Test_435,0.7951832342375745,0.007615289830349502,0.04474123229350946,0.1524602436385665
Test_436,0.20490149724392162,0.051278968448029025,0.17515567468689072,0.5686638596211586
Test_437,0.17261315596841534,0.03682089950332459,0.606867609979582,0.18369833454867804
Test_438,0.05995324981049662,0.10405235077488098,0.6646016880477758,0.1713927113668466
Test_439,0.10770251337212068,0.14622183495763658,0.7167962676308424,0.02927938403940032
Test_440,0.0002147921018730287,0.005778670128092224,0.9936591707394736,0.00034736703056105115
Test_441,0.8381615757210317,0.017511368907649625,0.05544847181460529,0.08887858355671348
Test_442,0.3397410365060535,0.028351060608329696,0.39884926787197517,0.2330586350136417
Test_443,0.02549375910903811,0.11253380198535255,0.10629615484956408,0.7556762840560451
Test_444,0.6906523291970711,0.007831336978831281,0.09434948343521914,0.2071668503888785
Test_445,0.09309896278342436,0.055007902585156594,0.5835137249064303,0.2683794097249888
Test_446,0.08908163899681605,0.06157058299218439,0.5838984355862307,0.26544934242476886
Test_447,0.05988929490050883,0.02222420279424918,0.8686844357781339,0.049202066527108165
Test_448,0.05815078287348059,0.03045343840225087,0.8383539860947165,0.0730417926295519
Test_449,0.13779343357857263,0.045723705160315375,0.37970375273134693,0.43677910852976515
Test_450,0.03317620393627755,0.013434335115037482,0.9383322956222522,0.015057165326432774
