image_id,healthy,multiple_diseases,rust,scab
Test_0,0.0025953622480406925,0.12142410896103917,0.765521632663841,0.11045889612707945
Test_1,0.008506789340495816,0.23189531269082983,0.5724186512011755,0.1871792467674992
Test_2,0.17537631641497517,0.014081263505084948,0.07488074462875202,0.7356616754511879
Test_3,0.9568341305297579,0.002114663245970048,0.029521399877805134,0.011529806346466871
Test_4,0.0004742283782798631,0.03198280080446203,0.9659165509453543,0.0016264198719037654
Test_5,0.6562589474626198,0.045940094959323594,0.06951414853638223,0.2282868090416742
Test_6,0.8190047629081791,0.02081444612063959,0.019817255209513975,0.14036353576166696
Test_7,0.003300386771486422,0.009238317233133248,0.002129319674597052,0.9853319763207834
Test_8,0.06630341375687525,0.06345254909835468,0.14806886746294828,0.7221751696818216
Test_9,0.26019870402827233,0.10049879305935581,0.5804522212351482,0.058850281677223934
Test_10,0.01795933316810028,0.1565528076431823,0.8143430556710087,0.011144803517708633
Test_11,0.6688564386588611,0.008949483136964202,0.31256595929392256,0.009628118910252113
Test_12,0.36275357276423414,0.14907070973253622,0.04134522251914692,0.4468304949840826
Test_13,0.9690328753485835,0.003526879921758839,0.012922701924770203,0.014517542804887278
Test_14,0.0115415966186623,0.02876203718818244,0.9560218624615997,0.0036745037315556823
Test_15,0.09187220130476109,0.11224034278846394,0.62464332182698,0.17124413407979494
Test_16,0.774099368494662,0.014284717122958208,0.08890854955418231,0.1227073648281976
Test_17,0.3114401900055202,0.11029338141148214,0.11078927191386985,0.46747715666912815
Test_18,0.651347827391183,0.06535815154877019,0.0898832308351425,0.19341079022490434
Test_19,0.0025239620990481796,0.014976732734060963,0.9772067599530301,0.005292545213860809
Test_20,0.14256792418581363,0.03518384884915556,0.026315714602613522,0.7959325123624172
Test_21,0.9624687536746108,0.011142786199660188,0.003774922061967323,0.0226135380637617
Test_22,0.016302960957096917,0.09711735686029511,0.878193899596995,0.008385782585613084
Test_23,0.0004616143618863293,0.004337860807080712,0.0008053006707065476,0.9943952241603263
Test_24,0.8389395066797555,0.028253656692647643,0.024031702608787432,0.10877513401880945
Test_25,0.36456091257635925,0.03977783219738487,0.02572372946929814,0.5699375257569578
Test_26,0.01778304795247696,0.055102506069022256,0.2878591716225843,0.6392552743559163
Test_27,0.05879447627664291,0.19085458167071567,0.6393676820442357,0.1109832600084058
Test_28,0.9438451623001455,0.007493187391715945,0.0036641183235050757,0.044997531984633216
Test_29,0.17761332577456534,0.02818232337215691,0.018717959167063536,0.775486391686214
Test_30,0.899320891337679,0.00465955538821051,0.008925081516373903,0.08709447175773644
Test_31,0.018382342640614894,0.28262656272063685,0.6753195649895338,0.023671529649214016
Test_32,0.06218079190524845,0.028678735776574878,0.18942031486254843,0.7197201574556283
Test_33,0.09313604938928889,0.015553726302018013,0.02676781417231117,0.8645424101363821
Test_34,0.18077784189105778,0.14760278436696195,0.1517238978549713,0.5198954758870089
Test_35,0.0538712351834729,0.027243634985453905,0.12576762671681785,0.793117503114255
Test_36,0.0043291224487086956,0.08308710201587068,0.8971036758736646,0.015480099661756013
Test_37,0.04921735287921277,0.04851142683749084,0.006756204680014117,0.8955150156032822
Test_38,0.0022415530955154596,0.04599321844673844,0.009355690756924167,0.9424095377008219
Test_39,0.05305275862590305,0.012336228053278914,0.8323647348462373,0.10224627847458094
Test_40,0.002572482356414506,0.018593026388095884,0.970766484736889,0.008068006518600297
Test_41,0.005917906752735301,0.039913115786289616,0.9501050304566324,0.004063947004342916
Test_42,0.02105098991330683,0.10480925864817202,0.006133939828644509,0.8680058116098766
Test_43,0.9373344364466341,0.0007044063635899109,0.05230815881276818,0.009652998377007976
Test_44,0.28700544811195006,0.05208551432284279,0.015679632817469983,0.6452294047477373
Test_45,0.4053725725323245,0.11932022634978239,0.04950029435981347,0.4258069067580794
Test_46,0.20212019689193775,0.1412205006801598,0.03257145622494757,0.6240878462029551
Test_47,0.004293248277064129,0.04443372498166958,0.9405181993956616,0.010754827345604932
Test_48,0.0033488267633010847,0.02463209053597859,0.9657636752706057,0.006255407430114516
Test_49,0.012921319082742022,0.019574925724157612,0.9634461286422669,0.004057626550833465
Test_50,0.0037202697611862113,0.03651845874404931,0.9484895151370163,0.01127175635774822
Test_51,0.004768069261828641,0.037404927183054694,0.9494537711903822,0.008373232364734392
Test_52,0.008493438126038966,0.06303883478934087,0.9066730484523026,0.021794678632317505
Test_53,0.0005968987025678483,0.008182638156778688,0.990419893903761,0.0008005692368923097
Test_54,0.016835872303796823,0.3585599242866275,0.3127294775752321,0.3118747258343436
Test_55,0.08822324109558982,0.02510100458831079,0.6630258298800801,0.22364992443601914
Test_56,0.13419301915699922,0.17300310948714645,0.04142625699253073,0.6513776143633234
Test_57,0.23987067185623834,0.02137582505064949,0.656390699600575,0.0823628034925372
Test_58,0.006196214790520804,0.01671675015728263,0.00575982884820768,0.9713272062039888
Test_59,0.010694535463064238,0.060282087008348605,0.9113153382459832,0.01770803928260438
Test_60,0.030156549822799097,0.18695192755490972,0.03984884799807563,0.7430426746242156
Test_61,0.46796090518711775,0.06116361295595597,0.03799291406419951,0.4328825677927268
Test_62,0.8189632731801436,0.011529561125055026,0.10245305498678545,0.06705411070801597
Test_63,0.005870893158867278,0.06599172327183045,0.030241072814647676,0.8978963107546547
Test_64,0.5604004239346516,0.020998768232150723,0.38003774089512193,0.03856306693807599
Test_65,0.016818620159916534,0.0998649405911973,0.8374416831496878,0.04587475609919794
Test_66,0.9542202213524612,0.01937651513857648,0.011541176710024617,0.014862086798937647
Test_67,0.002320563249607599,0.017265872007807048,0.9771797904443624,0.0032337742982231415
Test_68,0.10517287725398612,0.21775168819411053,0.07251556725294475,0.6045598672989586
Test_69,0.007875017197847556,0.0782265185644747,0.8855871203317882,0.02831134390588935
Test_70,0.08777109526013735,0.04634538024719058,0.13237046463975538,0.7335130598529167
Test_71,0.04066334292192261,0.009642543212022132,0.9429857950307132,0.006708318835342113
Test_72,0.19449117064027818,0.12635015721563522,0.01935641336623776,0.6598022587778488
Test_73,0.9109720828339124,0.0089088080635828,0.05869048399810937,0.021428625104395266
Test_74,0.6912468817288477,0.11506885384117875,0.01632673840757186,0.17735752602240162
Test_75,0.014710320205029393,0.014914847937612035,0.24979701045188463,0.7205778214054743
Test_76,0.9890594559277637,0.0006354751611937744,0.0035730197871365037,0.006732049123905952
Test_77,0.003981180448217912,0.009863267686702034,0.982058693791839,0.004096858073241255
Test_78,0.008155161651227876,0.06041997057417079,0.0034036808954319583,0.9280211868791695
Test_79,0.7158950738005865,0.017129401451394882,0.09834396087630304,0.16863156387171577
Test_80,0.07733853418448736,0.2881812137278023,0.2509352186035464,0.38354503348416386
Test_81,0.007257965458433121,0.06932225029595349,0.9046850216954677,0.01873476255014539
Test_82,0.06495990740764832,0.29690785903195904,0.28890761583367125,0.3492246177267215
Test_83,0.009931064842603324,0.24215371403647745,0.6779363119421375,0.06997890917878151
Test_84,0.03942008144684086,0.012267376003137107,0.005390210177036578,0.9429223323729856
Test_85,0.7925620247172063,0.014336477226385156,0.016249791957306425,0.17685170609910228
Test_86,0.11095297773705366,0.026794306547543414,0.8178386585444257,0.044414057170977315
Test_87,0.8228947279613182,0.004875276790861182,0.010062530206215142,0.16216746504160548
Test_88,0.1283955342982889,0.08556597209040642,0.25069804789438194,0.5353404457169229
Test_89,0.3683345872755562,0.0365176850948869,0.3890668639845241,0.20608086364503286
Test_90,0.007671345200614528,0.051555417969318756,0.9294921247747326,0.011281112055334198
Test_91,0.4150637085288936,0.06243339631918367,0.15140038662342759,0.3711025085284951
Test_92,0.9056457706048965,0.00801653767497993,0.06270244592693719,0.023635245793186425
Test_93,0.0034773540277772807,0.0801758454152915,0.9114306261731295,0.004916174383801937
Test_94,0.05681937104599387,0.017456364140329295,0.012486229106575266,0.9132380357071012
Test_95,0.8669919382632117,0.011543301659819871,0.08393302226997329,0.03753173780699531
Test_96,0.06150808805049692,0.0014737004110803925,0.00914213270883844,0.9278760788295842
Test_97,0.5114216739455874,0.07462145922024752,0.0605254681259264,0.3534313987082386
Test_98,0.03850015304926035,0.0575452936869237,0.003943001948199885,0.900011551315616
Test_99,0.27810038373173684,0.08587961872920077,0.1810887625555498,0.4549312349835126
Test_100,0.04695035090613311,0.1519158526603029,0.004933972761598906,0.7961998236719651
Test_101,0.6745079491212488,0.06076994695465052,0.06740002636904718,0.19732207755505368
Test_102,0.037948378481613095,0.04897717093995698,0.048301030550273585,0.8647734200281563
Test_103,0.13096336685065266,0.0355375633870202,0.7933217718074372,0.04017729795489006
Test_104,0.09362274087713214,0.03189011681435101,0.062360753607577354,0.8121263887009393
Test_105,0.07171524951199665,0.030783319285669717,0.21359356425316858,0.6839078669491649
Test_106,0.8839961310826937,0.02177050905698563,0.05209591802411165,0.04213744183620935
Test_107,0.020205345520647282,0.12294875440510823,0.8182759063722194,0.038569993702025046
Test_108,0.04746623733572543,0.029665580163318057,0.014851338820140354,0.9080168436808164
Test_109,0.011832708603990164,0.01180586568415628,0.022389900498280615,0.9539715252135729
Test_110,0.24164064529052154,0.0428531726536507,0.007472584706341069,0.7080335973494866
Test_111,0.5138071508947214,0.04160468533097827,0.02050192986194696,0.42408623391235317
Test_112,0.01526145347995983,0.0747363931357245,0.8874891524750371,0.022513000909278526
Test_113,0.1058707894218547,0.032714769760553424,0.010501966314112342,0.8509124745034793
Test_114,0.03493838945513813,0.09275744182379657,0.8057834541850533,0.06652071453601208
Test_115,0.004455497975201194,0.01605190163850111,0.974407836140083,0.005084764246214748
Test_116,0.0623689908212405,0.16242700795325402,0.7291585848489536,0.046045416376551886
Test_117,0.006202711539495023,0.02953569368458709,0.9399881132168668,0.02427348155905112
Test_118,0.010003792895221466,0.04441230684386944,0.9317839293830302,0.013799970877878955
Test_119,0.4395991620377325,0.016997641178319662,0.5123495736786653,0.031053623105282365
Test_120,0.001767959071336058,0.01088733591125723,0.9832309058626427,0.0041137991547640675
Test_121,0.03578615230664318,0.03127183998345427,0.9026254593816323,0.03031654832827021
Test_122,0.0058654246842392566,0.04428081514116632,0.9404775218597375,0.009376238314856502
Test_123,0.010343835087850728,0.26434790327412555,0.7142547561383314,0.011053505499692143
Test_124,0.008965868718295111,0.076747841400971,0.0023627973114143694,0.9119234925693196
Test_125,0.4727039333609488,0.2645309973042777,0.12964678828567977,0.1331182810490937
Test_126,0.9681449793922722,0.006441641707388463,0.022125204551200137,0.0032881743491393854
Test_127,0.47434017058173716,0.11372883348207496,0.07936357054170172,0.332567425394486
Test_128,0.01911073509780912,0.2158584898250148,0.47657207474054475,0.28845870033663107
Test_129,0.2722041859716335,0.39201120135519946,0.0811192779276851,0.25466533474548186
Test_130,0.07148636924509594,0.010232788109371962,0.0025179858814129235,0.9157628567641194
Test_131,0.004451534506115987,0.029441197522734757,0.002671035265530686,0.9634362327056185
Test_132,0.9864835672992712,0.0026806559710554527,0.005990453592222441,0.0048453231374509685
Test_133,0.012801958116087277,0.02646262710624997,0.007966019108368578,0.9527693956692944
Test_134,0.2761808375727979,0.031050631520522374,0.049333332392514265,0.6434351985141656
Test_135,0.12356392426831109,0.03420376804578923,0.2575498812075632,0.5846824264783366
Test_136,0.010554251519228173,0.01686854805207177,0.016186095713850955,0.9563911047148492
Test_137,0.002160931821070076,0.10182734339900822,0.8914418759951144,0.004569848784807257
Test_138,0.004735332902032793,0.037842517710707124,0.9562000039205769,0.0012221454666836696
Test_139,0.9950156590104311,0.0007139756072328567,0.002423488414045977,0.0018468769682903332
Test_140,0.35516560660094554,0.07255584140278197,0.4693032443895525,0.10297530760671988
Test_141,0.19334762995543994,0.026549560069865606,0.019312568299446886,0.7607902416752473
Test_142,0.023147967489021017,0.07987469226909051,0.07829032439904682,0.818687015842842
Test_143,0.011900994097587566,0.03276652318692766,0.0036960331385522903,0.9516364495769324
Test_144,0.8274823505276898,0.040800252553523576,0.014892327654942928,0.11682506926384346
Test_145,0.020602118937463287,0.04608932014381876,0.028904212865362336,0.9044043480533556
Test_146,0.001389719808388869,0.0029179070101457206,0.9935953597550797,0.002097013426385382
Test_147,0.020088771531333503,0.09870108976015092,0.8542958450302294,0.026914293678285954
Test_148,0.821686632801322,0.05186980233424489,0.03186952626727913,0.0945740385971541
Test_149,0.11081287492736044,0.04278620015254607,0.7924777083741142,0.053923216545979015
Test_150,0.6451452836931127,0.1122969815930318,0.14795625851056693,0.09460147620328868
Test_151,4.8380477005283404e-05,0.0018651021830590484,0.9977661518779082,0.0003203654620274872
Test_152,0.009451589012609023,0.037467428469724555,0.938138024300457,0.014942958217209706
Test_153,0.07922296056422481,0.019168570835160947,0.015514397785348383,0.8860940708152657
Test_154,0.006626629948039482,0.021201246491267232,0.939241573022107,0.0329305505385864
Test_155,0.006615156092977765,0.019585449764054304,0.9335055781701691,0.04029381597279874
Test_156,0.01752528115005581,0.1206139928945751,0.008396465591262505,0.8534642603641068
Test_157,0.009128638878778033,0.02371386023455766,0.6730013238518432,0.29415617703482105
Test_158,0.00721637108287405,0.019355866420061808,0.004490677788872945,0.9689370847081912
Test_159,0.0380421714751667,0.01780479011932561,0.8639137889544664,0.0802392494510411
Test_160,0.9511635019578935,0.008841753189781946,0.01059203754174812,0.02940270731057644
Test_161,0.011070005488006653,0.10280535479719095,0.8386114649586269,0.04751317475617536
Test_162,0.02854044443906161,0.016487764887391655,0.9444547249574761,0.010517065716070681
Test_163,0.023558524054470086,0.3248598520725142,0.5928183659839562,0.05876325788905937
Test_164,0.7031477340175587,0.08547728070951555,0.01784073752183408,0.19353424775109157
Test_165,0.02756808458248818,0.15303468063825998,0.05531910771606042,0.7640781270631913
Test_166,0.2426021692040087,0.040551706127754925,0.6223900558288952,0.09445606883934099
Test_167,0.008508200759762954,0.03548387163113018,0.9516139293266851,0.004393998282421827
Test_168,0.008268188799118031,0.057269619614598165,0.9072825720299418,0.027179619556342273
Test_169,0.714972253320575,0.0132834542968182,0.12979637034141403,0.14194792204119283
Test_170,0.3683794638719255,0.0998375252477412,0.19787769122135754,0.333905319658976
Test_171,0.006649372053563852,0.023788379321690593,0.9600051810990594,0.009557067525685857
Test_172,0.026878305513041587,0.4000681465394827,0.5350741199451773,0.037979428002298574
Test_173,0.0233596918108187,0.03785092361375446,0.9338225512779906,0.004966833297436039
Test_174,0.6145082024933842,0.018193640381752436,0.2052955434060536,0.16200261371880983
Test_175,0.5554359062620147,0.09976812586141023,0.12791465943758354,0.21688130843899153
Test_176,0.007173946535308144,0.1119830146203388,0.8586367288101323,0.022206310034220765
Test_177,0.08519897556044904,0.0028207899692168034,0.0008077395561327418,0.9111724949142015
Test_178,0.005801261911998381,0.012375516978897676,0.0016376576272460564,0.9801855634818579
Test_179,0.027158461644147373,0.2560485575206072,0.6498379032539876,0.06695507758125811
Test_180,0.07729208341909202,0.29457207737725516,0.4052621878847656,0.2228736513188875
Test_181,0.35418699793167313,0.03771280370381053,0.01567567708811232,0.592424521276404
Test_182,0.0987966467312724,0.14731627803116673,0.6756928100786722,0.07819426515888854
Test_183,0.6643992080067432,0.016932002230185095,0.2999184503030114,0.01875033946006018
Test_184,0.01662607320056591,0.012458981361636593,0.04722759490155846,0.9236873505362393
Test_185,0.1965480335255878,0.05739297707806166,0.09446847247262391,0.6515905169237266
Test_186,0.3154038649439128,0.0800541795466211,0.06590789096285542,0.5386340645466109
Test_187,0.0034901963471783365,0.008137593072372376,0.9829111610847415,0.005461049495707696
Test_188,0.09123341703240977,0.003953690375998964,0.8930231189649869,0.011789773626604477
Test_189,0.6988488287441725,0.041225889390246524,0.08215764913209668,0.17776763273348484
Test_190,0.28386325041921,0.10517183496857353,0.44266586812074155,0.1682990464914751
Test_191,0.030069844031505807,0.04935579831435375,0.8816281714539682,0.038946186200172206
Test_192,0.815792286301926,0.02324656438636559,0.1004876219836409,0.060473527328067433
Test_193,0.009717232660478541,0.02438893100784269,0.9291787805333512,0.03671505579832728
Test_194,0.022947425316413906,0.19940816526552407,0.7550713139009344,0.022573095517127426
Test_195,0.420411793304205,0.40319368338706046,0.06510363510901605,0.11129088819971854
Test_196,0.1897789029771479,0.338566999873159,0.06991575118227175,0.4017383459674214
Test_197,0.04354614538110507,0.3752777991471624,0.5161852113889833,0.0649908440827493
Test_198,0.04221660933326745,0.05678511538536659,0.04039976452720346,0.8605985107541625
Test_199,0.1576594045104979,0.0475302329730173,0.412141732533988,0.38266862998249707
Test_200,0.012828514769991698,0.052548022014601195,0.9255708514316483,0.009052611783758706
Test_201,0.21410253920035452,0.07268734110148149,0.16249804602002968,0.5507120736781346
Test_202,0.017231385395954424,0.0681886227685447,0.6601374809224455,0.25444251091305514
Test_203,0.023766997808015587,0.1164973367438213,0.8191978292504615,0.0405378361977017
Test_204,0.12484659930952899,0.040934121991459786,0.025954566262437015,0.8082647124365739
Test_205,0.1434499249962214,0.02154517768890942,0.026744970378495204,0.8082599269363738
Test_206,0.006646164620830267,0.011210160296356207,0.001664859948345041,0.9804788151344684
Test_207,0.008948618941937896,0.13720161474929968,0.7909914835816528,0.06285828272710929
Test_208,0.7751666990349425,0.05884208271593785,0.03417886365966419,0.13181235458945526
Test_209,0.022909941841147273,0.1206603786357765,0.7651293275406059,0.0913003519824703
Test_210,0.04026300717346972,0.06917740021341069,0.22253342627895262,0.668026166334167
Test_211,0.06979941311992298,0.24205689755654478,0.12360269199012411,0.5645409973334079
Test_212,0.008426366001686638,0.02729352766451648,0.9597863834777068,0.004493722856090152
Test_213,0.007498620981753075,0.714499377822751,0.017942883011349588,0.26005911818414634
Test_214,0.0012250708014555924,0.01018762754177803,0.9867203951342393,0.0018669065225272417
Test_215,0.582937504193311,0.13562060207070536,0.032913814825939317,0.24852807891004428
Test_216,0.9044926133206497,0.00400863612418316,0.06319025188929717,0.02830849866587014
Test_217,0.3329342924468375,0.05965137967328483,0.08121130186496556,0.5262030260149124
Test_218,0.9560135578910632,0.012025683392684044,0.004978545234727097,0.02698221348152538
Test_219,0.26453078646827083,0.005268983101846766,0.7211474779692206,0.00905275246066193
Test_220,0.016931876731520634,0.1318677293414481,0.05388502287085014,0.7973153710561812
Test_221,0.5218449487199609,0.018811953243351175,0.40399305499081334,0.05535004304587477
Test_222,0.009058403954597135,0.02050095005591075,0.9623796709466629,0.00806097504282911
Test_223,0.04120628426828435,0.1600039626641462,0.7726280982359508,0.026161654831618877
Test_224,0.9009038730967217,0.004494675010281604,0.009478023568038011,0.08512342832495855
Test_225,0.8100163655117686,0.06140377627401987,0.10544023112584859,0.023139627088362844
Test_226,0.00808249291522338,0.2886897990019145,0.6812333083950375,0.0219943996878244
Test_227,0.07172778557138722,0.1694315335328978,0.015079532537973072,0.743761148357742
Test_228,0.2656817839580767,0.005363571505190505,0.7136158206379617,0.015338823898771125
Test_229,0.0029053851074222975,0.05894132317149782,0.926273503840142,0.011879787880937746
Test_230,0.19185037986312362,0.045034902416824264,0.037649474963968796,0.7254652427560833
Test_231,0.011285879027713504,0.0423546328086133,0.010103334051870276,0.9362561541118029
Test_232,0.2322245867307015,0.08249017085532406,0.648635009031693,0.03665023338228133
Test_233,0.8540391636449315,0.007079944127655709,0.07133241621642844,0.06754847601098472
Test_234,0.14967519096755216,0.06757131909430969,0.006574339199889156,0.7761791507382491
Test_235,0.055627044534892395,0.06644985335446538,0.02521665959883923,0.852706442511803
Test_236,0.11704993587668286,0.06697134648211112,0.7241185028183778,0.09186021482282834
Test_237,0.10904685552245678,0.030530931958151146,0.07637790818008246,0.78404430433931
Test_238,0.031014571689892613,0.1431023375771318,0.7911399688620407,0.03474312187093447
Test_239,0.19347639599354138,0.101492336476696,0.671025831179345,0.03400543635041771
Test_240,0.018167832056499383,0.3527038427943836,0.6025291184528854,0.026599206696231534
Test_241,0.027674924489369344,0.13011825119671788,0.616134273755216,0.22607255055869677
Test_242,0.1952572911169862,0.37237882801661776,0.06262740708953433,0.3697364737768617
Test_243,0.8194530338283441,0.007070506065983023,0.10489305580662196,0.06858340429905083
Test_244,0.13444797063153832,0.22741944780850473,0.0794656955324247,0.5586668860275324
Test_245,0.28830290367276284,0.13133256760691595,0.17182323373603461,0.4085412949842867
Test_246,0.08260390083503205,0.18112356817275566,0.05428310291905212,0.6819894280731603
Test_247,0.004426409898759984,0.023706521636465503,0.002905141376522411,0.9689619270882519
Test_248,0.12705872096692017,0.0843366226004639,0.016523982804740427,0.7720806736278752
Test_249,0.07785379183774575,0.06326956294990203,0.07613924611116304,0.7827373991011892
Test_250,0.9604616597577865,0.01817612174130194,0.013893135582835293,0.007469082918076186
Test_251,0.15352743460246387,0.07367302410021562,0.019241754916960518,0.7535577863803601
Test_252,0.04417354751299111,0.5448616816335297,0.21646348779843833,0.19450128305504052
Test_253,0.012774286667677407,0.32192394227585136,0.035602611911794285,0.6296991591446769
Test_254,0.051905322454640766,0.025681987529584754,0.004922015521373423,0.9174906744944009
Test_255,0.1882988144237232,0.01651355899030959,0.038941397974502405,0.756246228611465
Test_256,0.0064439866167516615,0.05226187855211759,0.031247321416246858,0.910046813414884
Test_257,0.0018148260237807051,0.036336725622713624,0.9610346429618449,0.0008138053916605069
Test_258,0.02043385269329264,0.27729329464435876,0.26877201427323877,0.43350083838910985
Test_259,0.27709220962737857,0.01091289565784181,0.6689337552656365,0.04306113944914291
Test_260,0.35079414999663294,0.017726204978921387,0.057211188281361354,0.5742684567430842
Test_261,0.0028368657872868616,0.01982073217991396,0.9744632350878274,0.0028791669449718164
Test_262,0.13179674488306786,0.16682799861758021,0.44679089330625643,0.25458436319309585
Test_263,0.6571504584168583,0.06385981297986398,0.11839993723543601,0.16058979136784196
Test_264,0.8998091072392348,0.02051930262027642,0.020236938051700338,0.05943465208878855
Test_265,0.031419988210459764,0.032184368058509584,0.9298979260671929,0.0064977176638377696
Test_266,0.005424445133546967,0.027074003552931925,0.002586458282347378,0.9649150930311738
Test_267,0.9453361075671907,0.004458177566667983,0.025379985589183248,0.024825729276958215
Test_268,0.003023390438902322,0.364645940342658,0.6154820846934356,0.016848584525003898
Test_269,0.5474222888055424,0.0865246602458392,0.05106113027775352,0.3149919206708648
Test_270,0.008397690548536427,0.017456699424494175,0.002637470502758751,0.9715081395242107
Test_271,0.07095249721132059,0.0974664737227239,0.1384720029900516,0.6931090260759041
Test_272,0.058692395097075876,0.2144480072348147,0.6438833018552824,0.08297629581282726
Test_273,0.274991977777447,0.13657177351722133,0.06266586295544148,0.5257703857498899
Test_274,0.012159103863145213,0.04428451434781819,0.9242373367359195,0.01931904505311703
Test_275,0.02176788911198701,0.06949240808602841,0.8793173231526543,0.029422379649330272
Test_276,0.0029128799055329834,0.1225218675340934,0.049508784537835734,0.825056468022538
Test_277,0.1982492606575757,0.05266205646002809,0.021174510210888085,0.7279141726715082
Test_278,0.044065134628462496,0.3844766140963249,0.12166395615806654,0.4497942951171463
Test_279,0.004096297126912838,0.03406401281259568,0.9559483280704663,0.005891361990025221
Test_280,0.002537889504722213,0.01364823535999635,0.003366102510779969,0.9804477726245016
Test_281,0.07446223399084344,0.05195692895637426,0.058353605525461864,0.8152272315273209
Test_282,0.01586675359143843,0.49799897719924374,0.03486479905472176,0.4512694701545961
Test_283,0.20845520189632807,0.12288449210691448,0.3994794760484835,0.2691808299482742
Test_284,0.022530848587126732,0.06106223401743056,0.8794102726468346,0.036996644748608115
Test_285,0.205771700197283,0.10115354220409344,0.07311791855353929,0.6199568390450843
Test_286,0.5760203446555412,0.011877023347540917,0.009998864030168085,0.4021037679667498
Test_287,0.17009568839751513,0.011605111513699059,0.22545583222583862,0.5928433678629477
Test_288,0.0031080568911017585,0.022010894953012988,0.003061426065255518,0.9718196220906296
Test_289,0.002723972454433843,0.006461977336818704,0.0011670350508819558,0.9896470151578655
Test_290,0.07159389829337329,0.08221098543844682,0.7948146540618001,0.051380462206379984
Test_291,0.19946254740034391,0.010185698410811045,0.736830966338957,0.053520787849888035
Test_292,0.9434084540888136,0.0011644588760357328,0.04123476195733417,0.014192325077816247
Test_293,0.11017568889697511,0.14634983876075264,0.6817730296281511,0.06170144271412094
Test_294,0.02363614299161847,0.18903659971495437,0.7406628831916092,0.046664374101817827
Test_295,0.20314742947565062,0.10375456463390687,0.4773657453299933,0.21573226056044925
Test_296,0.4424969251331753,0.012268541862216828,0.23465701335942896,0.3105775196451792
Test_297,0.0331561205641326,0.044966779291512715,0.28584759015609923,0.6360295099882557
Test_298,0.017613515393261742,0.08840167714770407,0.8536881973629507,0.04029661009608369
Test_299,0.012387733494781776,0.03730932257408882,0.022156070767163378,0.928146873163966
Test_300,0.7382337434990199,0.0053147727289425935,0.022129092602371767,0.23432239116966572
Test_301,0.7682465948006267,0.008852366243562894,0.05123187154893371,0.17166916740687652
Test_302,0.018817359194286763,0.522436557921157,0.04122194623306748,0.4175241366514885
Test_303,0.5888944021517294,0.03599675314113926,0.09036511541153074,0.2847437292956005
Test_304,0.8757993216281683,0.03728830052094563,0.02944554417332888,0.05746683367755731
Test_305,0.7402649998846491,0.02278021093585716,0.019232741661004568,0.21772204751848942
Test_306,0.013802081861780426,0.04866621552094661,0.6834645012405678,0.2540672013767054
Test_307,0.6770570078041257,0.029151958992690012,0.25650281544214537,0.03728821776103886
Test_308,0.02671279821258353,0.07399938680966511,0.32724442887876787,0.5720433860989835
Test_309,0.006911489767556686,0.02869362031370101,0.9316649246300751,0.03272996528866713
Test_310,0.034449198502300854,0.2900681194689544,0.48078785993024337,0.19469482209850136
Test_311,0.03148031524912094,0.23058480768410897,0.6285056737713814,0.10942920329538842
Test_312,0.005525236855185484,0.008986186359321777,0.002689406076909984,0.9827991707085826
Test_313,0.002198559297481838,0.009731331130150109,0.0008963096044763418,0.9871737999678916
Test_314,0.004893193125659099,0.015465404150358873,0.0027348693029140094,0.9769065334210678
Test_315,0.007907183567374724,0.019574983269875414,0.0029763754529950784,0.9695414577097545
Test_316,0.7544368459839641,0.008057279639163657,0.09349276683577475,0.14401310754109717
Test_317,0.0013082264457626221,0.005303788153032069,0.991151741268153,0.002236244133052313
Test_318,0.5132167770105832,0.07015407677015599,0.08020390753202665,0.3364252386872338
Test_319,0.003049511336338059,0.055846265727287084,0.9259840263665222,0.015120196569852803
Test_320,0.1753964740177506,0.0908151451813849,0.4449562080567664,0.28883217274409817
Test_321,0.7607638797957105,0.11220307079106438,0.07411193772485875,0.052921111688366454
Test_322,0.5324869539811218,0.053477603307039705,0.2962179797499092,0.1178174629619291
Test_323,0.04571344884465338,0.07652531425030577,0.814780951207574,0.06298028569746714
Test_324,0.0011956311237781231,0.06040884078754565,0.9340984951281128,0.004297032960563168
Test_325,0.06122384544845393,0.11998924093631791,0.02710790145710611,0.7916790121581223
Test_326,0.0009847602552584252,0.007962295533650769,0.9894075141044407,0.0016454301066504368
Test_327,0.10050842426919006,0.11550202368793619,0.06094012564791592,0.723049426394958
Test_328,0.008364519814436111,0.03422389184174384,0.949671330210188,0.0077402581336319
Test_329,0.010358036030533573,0.03157130563806824,0.9510702358439973,0.007000422487400743
Test_330,0.008925033407806728,0.2919973917943428,0.6588053053760717,0.04027226942177897
Test_331,0.4713986432761282,0.07446891704869599,0.04547868516680197,0.40865375450837405
Test_332,0.8256101764224058,0.09626918238523967,0.020464565488872568,0.05765607570348225
Test_333,0.05229151323587784,0.16902863386386985,0.7160617305991719,0.06261812230108049
Test_334,0.0012893553623691636,0.009772626336753241,0.9882143331151245,0.0007236851857530544
Test_335,0.4047079217688181,0.038211697128596345,0.43084439200348845,0.12623598909909742
Test_336,0.2563678002339129,0.04676761501269614,0.5237764517163532,0.17308813303703777
Test_337,0.8898026473589908,0.03261085366485223,0.0271628546537544,0.05042364432240258
Test_338,0.9076848066628193,0.004970710606533449,0.04416573559677871,0.04317874713386849
Test_339,0.3406762274466498,0.10200980734648167,0.4948834707354923,0.0624304944713763
Test_340,0.3290839272158671,0.045172152864818016,0.5251199001618851,0.10062401975742986
Test_341,0.4874890214494188,0.05179523414351813,0.006119088784011594,0.4545966556230511
Test_342,0.9335944280380136,0.008050560434463418,0.04689650263176836,0.011458508895754626
Test_343,0.02220544446272239,0.006332917174750465,0.010927880226205309,0.9605337581363216
Test_344,0.007497605260601231,0.0655872598748145,0.9233743710507668,0.0035407638138173683
Test_345,0.013708471457214617,0.14128079481694436,0.8101000551725128,0.0349106785533279
Test_346,0.00776997174522964,0.05696151447216857,0.9248341913788778,0.010434322403724045
Test_347,0.008620128159424699,0.04480586187279941,0.9285693625508312,0.018004647416944703
Test_348,0.004697127350359517,0.010659697985655976,0.004067969801384458,0.9805752048625997
Test_349,0.09343470762925205,0.05852720205222182,0.37563516373495526,0.47240292658357047
Test_350,0.017903061711188963,0.1301167306055541,0.0365060641962389,0.815474143487018
Test_351,0.0033080662285343895,0.10599730737105084,0.8833876993294458,0.0073069270709688605
Test_352,0.22805871503006075,0.11373742378494865,0.034958390581854515,0.6232454706031357
Test_353,0.2893383092444667,0.058736072388136044,0.05824488183156696,0.5936807365358303
Test_354,0.2189283778237454,0.020074070504727523,0.6983423720489955,0.06265517962253137
Test_355,0.8064827938914373,0.027285392899384645,0.005752606006631925,0.16047920720254616
Test_356,0.8120834222362123,0.04483953853200818,0.07017635357260776,0.0729006856591719
Test_357,0.8922879557912454,0.01303275090126819,0.08734112674855982,0.007338166558926489
Test_358,0.17239196540755267,0.12486754794503005,0.2671977174849449,0.4355427691624722
Test_359,0.11948901244521105,0.015446171352454898,0.37841205710324033,0.48665275909909406
Test_360,0.08693416690080011,0.25832547737109957,0.07561301515685272,0.5791273405712474
Test_361,0.7613868974269952,0.048639463800288135,0.03465191981366322,0.15532171895905317
Test_362,0.7296072603507743,0.007263658356552275,0.06987705886809231,0.19325202242458137
Test_363,0.0027798616152454555,0.043901602815546004,0.946481001293819,0.00683753427538939
Test_364,0.0009767126959774205,0.008335303809027863,0.989684441440397,0.0010035420545980254
Test_365,0.16929012886239375,0.04537463416890963,0.7545971718738873,0.03073806509480907
Test_366,0.054659547082867056,0.08184040434936914,0.8001562924132974,0.06334375615446652
Test_367,0.2314238337102553,0.04244174683260187,0.04582442529797675,0.6803099941591658
Test_368,0.2748098672052075,0.036564813367050766,0.6582033938895624,0.030421925538179344
Test_369,0.004098755372097342,0.01945467153084165,0.005589660252049699,0.9708569128450114
Test_370,0.018033969065722372,0.005862196113963433,0.9649053544041365,0.01119848041617734
Test_371,0.0020089063645456263,0.027247452396481627,0.9699040274521235,0.000839613786849207
Test_372,0.03574361632431875,0.03761885907854428,0.01508232170703671,0.9115552028901003
Test_373,0.007361379857081585,0.017134883448441402,0.9685050462140186,0.0069986904804583356
Test_374,0.05022160299407451,0.1276453519224489,0.7691077007980031,0.053025344285473536
Test_375,0.024326354668714596,0.0781248720442775,0.005752816615046666,0.8917959566719612
Test_376,0.9733230817825848,0.01384605345711099,0.005120960337181694,0.007709904423122689
Test_377,0.31376412028410605,0.028021993113637816,0.2665808641497901,0.3916330224524659
Test_378,0.008224352664748823,0.04643105193579504,0.9361131686974664,0.009231426701989731
Test_379,0.08731420632942788,0.4741811042227643,0.21879089017759484,0.21971379927021298
Test_380,0.216569679907915,0.1221597303223375,0.06489069649718623,0.5963798932725611
Test_381,0.20488780543392315,0.2285418180684971,0.019290960916408778,0.547279415581171
Test_382,0.2063944380559627,0.07626380710744281,0.016782810792964738,0.7005589440436296
Test_383,0.4817558375177162,0.05739384293211318,0.014544465694959555,0.44630585385521093
Test_384,0.07429095394502117,0.04416230598157098,0.8110135505357792,0.0705331895376287
Test_385,0.15281944500059008,0.03403359476123898,0.013682981034487002,0.7994639792036841
Test_386,0.019124318718574968,0.1069468475390039,0.7996028542902371,0.07432597945218405
Test_387,0.09954266426607948,0.013253918352242166,0.011115894891201353,0.8760875224904772
Test_388,0.6289702439332696,0.05046365070349669,0.08709614144681577,0.23346996391641797
Test_389,0.8644279189192531,0.0018820622001496127,0.12135169999960416,0.012338318880993076
Test_390,0.1189991099072212,0.024064935520528435,0.06980318803822803,0.7871327665340221
Test_391,0.04048585924199925,0.3173634483626325,0.5723271611348062,0.06982353126056165
Test_392,0.024465718766664965,0.05581646658084706,0.6531041628855181,0.26661365176696966
Test_393,0.07995414954238393,0.02050991354531116,0.0026751851500681147,0.8968607517622368
Test_394,0.8015940188883253,0.009366783920677442,0.004461422729260694,0.1845777744617364
Test_395,0.020377107246475578,0.5729718502006853,0.2659628053479638,0.14068823720487544
Test_396,0.04424947020606306,0.03865700883842159,0.023079456824847678,0.8940140641306673
Test_397,0.16121393221859495,0.02859987954995742,0.1810784122957244,0.6291077759357229
Test_398,0.006677311935175598,0.5750697391941565,0.3349721316341096,0.08328081723655857
Test_399,0.7598034382438872,0.04727703890601279,0.01655942177616878,0.17636010107393116
Test_400,0.0071254165494961125,0.08156038858276773,0.9050310573122095,0.006283137555526741
Test_401,0.008885881241372701,0.06813436996414406,0.9050923301786679,0.0178874186158151
Test_402,0.23854161831262052,0.021555372285438138,0.07975210440729871,0.6601509049946429
Test_403,0.024062139206821827,0.05542128447783664,0.9159728119406878,0.004543764374653388
Test_404,0.27761983392261536,0.02365414840292224,0.060469387931926764,0.6382566297425356
Test_405,0.003259763447531807,0.01824407376919859,0.002163193349989527,0.9763329694332801
Test_406,0.005673116247965108,0.05114132944742074,0.014970229819825985,0.928215324484788
Test_407,0.0054404989238932494,0.03671564682422369,0.002041053290556614,0.9558028009613263
Test_408,0.02707115521587747,0.025560287220415746,0.016620510389305634,0.930748047174401
Test_409,0.010129634887523322,0.06351439768387654,0.6916407120131106,0.23471525541548924
Test_410,0.04449827107088606,0.04202523555074849,0.007307355939135818,0.9061691374392298
Test_411,0.9858154962445477,0.0009829059338937695,0.000453534666714549,0.012748063154844076
Test_412,0.0628035081807327,0.38283866040250564,0.4287713203580642,0.1255865110586972
Test_413,0.9866097437709485,0.006997582699217783,0.0033351427240139587,0.003057530805819855
Test_414,0.007870622491466958,0.02057892726308639,0.9629881435612602,0.008562306684186139
Test_415,0.0991277748541482,0.07128863450247265,0.7932024656845684,0.03638112495881054
Test_416,0.2144377526412866,0.06555774477552585,0.12015058017293288,0.5998539224102549
Test_417,0.01628578407215859,0.06548074486502313,0.9127920428457948,0.005441428217023445
Test_418,0.9153728933784522,0.013292579322890666,0.005281157097282336,0.06605337020137458
Test_419,0.834864307881096,0.004570532486976866,0.12270879414995345,0.037856365481973846
Test_420,0.028142121801618316,0.16205015907514853,0.7639157905401864,0.0458919285830467
Test_421,0.022567876250188662,0.010078334442938455,0.01930942293591866,0.9480443663709539
Test_422,0.732198367376165,0.05402199224143424,0.035679521916614707,0.17810011846578622
Test_423,0.04951780934040172,0.2507862054881388,0.4782998513614631,0.2213961338099966
Test_424,0.0019724927225334373,0.20968050245706496,0.7768970307795005,0.011449974040901038
Test_425,0.5810182470378968,0.050417081136428836,0.24591177185606763,0.12265289996960642
Test_426,0.6611352051363404,0.03871943721043942,0.2036478693842578,0.09649748826896248
Test_427,0.005609868619407271,0.012798826582533465,0.0017875341722355187,0.9798037706258237
Test_428,0.0032079388118671235,0.008631033359492455,0.0029242155515320995,0.9852368122771084
Test_429,0.0006732872321592289,0.04472817514835415,0.9531123314065676,0.001486206212918926
Test_430,0.02961499620856178,0.08813368874610422,0.8724438138842836,0.009807501161050473
Test_431,0.8696140158515497,0.01096543598414399,0.013755055541087122,0.10566549262321932
Test_432,0.27367471049235537,0.0316231896073416,0.04524963594494764,0.6494524639553556
Test_433,0.012915035059782629,0.016988230584010104,0.005634598352338018,0.9644621360038689
Test_434,0.008220528280528869,0.0574220411577045,0.009698093167506862,0.9246593373942595
Test_435,0.8442015370600071,0.009087352532727012,0.0123335027478641,0.13437760765940196
Test_436,0.03177472675271993,0.03759812650867657,0.1781490612389545,0.752478085499649
Test_437,0.011056972185032746,0.0539245690177368,0.9143100435414169,0.02070841525581393
Test_438,0.01570813051803291,0.2727584549935634,0.6663285813820784,0.04520483310632531
Test_439,0.38242001152336497,0.1084382918138938,0.48801486407983624,0.021126832582904997
Test_440,0.0011162749520276301,0.030044743953143604,0.9670454531213946,0.0017935279734343263
Test_441,0.7034924991858584,0.08994960740770237,0.07517993875052527,0.13137795465591376
Test_442,0.3720399258351076,0.034846281580299336,0.5760043477327451,0.017109444851847833
Test_443,0.011259745503446245,0.2282531543684945,0.029013850202234924,0.7314732499258243
Test_444,0.6708532059967552,0.005539871548191866,0.09008793464879172,0.23351898780626126
Test_445,0.0154618532803406,0.07722677035829048,0.8710472012667371,0.036264175094632214
Test_446,0.036293429170909684,0.05581684502459341,0.7490285462031723,0.15886117960132498
Test_447,0.053604841846576205,0.032696570915892655,0.8932047999519397,0.02049378728559161
Test_448,0.006335656918314625,0.0079157214491245,0.9825354991450916,0.0032131224874693467
Test_449,0.022798772253930847,0.0460089003976132,0.07369680276011721,0.8574955245883386
