image_id,healthy,multiple_diseases,rust,scab
Test_0,0.022101018914014336,0.08430597137490926,0.6481215508185022,0.24547145889257432
Test_1,0.007230325190675541,0.17972992715418679,0.6206858415669597,0.19235390608817765
Test_2,0.07835487286008475,0.03337233378944495,0.019533280600414964,0.8687395127500556
Test_3,0.6379504973355841,0.028208602800766546,0.13984863926370067,0.19399226059994842
Test_4,0.012071704565630281,0.03229887655809398,0.9361996861492198,0.019429732727055792
Test_5,0.7172526707023368,0.039497693179236286,0.14558502809575452,0.09766460802267253
Test_6,0.48322726809550437,0.04466163559984285,0.1847547087326967,0.28735638757195586
Test_7,0.06467260703821638,0.04789444691419383,0.04450631376902116,0.8429266322785683
Test_8,0.16957343232385627,0.07242637421479799,0.20252686821135193,0.5554733252499942
Test_9,0.25679996984508063,0.06718719043097537,0.5409748910442006,0.1350379486797438
Test_10,0.0025537624376607638,0.06500516286651063,0.9135883492536482,0.018852725442180165
Test_11,0.42260520923428363,0.03562376618283004,0.4555546428562804,0.08621638172660571
Test_12,0.11616746146635228,0.02844208386256624,0.004750511698005454,0.8506399429730759
Test_13,0.6138306841064476,0.04077839650229547,0.16676700263539532,0.1786239167558619
Test_14,0.009708802852744084,0.02778384728337817,0.95004422870209,0.012463121161787933
Test_15,0.04962224867885456,0.02746995117387132,0.8866038364551185,0.036303963692155904
Test_16,0.5959450315856141,0.05267726206107563,0.15067685389120306,0.2007008524621069
Test_17,0.12685193844785753,0.10502181855906428,0.2291896717332763,0.5389365712598017
Test_18,0.3174375514822887,0.016310132924768354,0.023188435775899744,0.6430638798170432
Test_19,0.05643335419621593,0.06501478089231363,0.7707153267848512,0.10783653812661945
Test_20,0.15013854491731954,0.054603552212217674,0.05713352964701492,0.7381243732234476
Test_21,0.54491184338263,0.027174868697415026,0.04028199895803271,0.3876312889619223
Test_22,0.010812162291181187,0.07311328916490777,0.8803823890663542,0.03569215947755674
Test_23,0.010417753209920244,0.03380799712076309,0.0062878922937389635,0.9494863573755777
Test_24,0.42283940487471755,0.05847448878787061,0.11598894447885365,0.40269716185855825
Test_25,0.1952632690419014,0.050232404752148754,0.03559388151072196,0.7189104446952279
Test_26,0.1353404065987987,0.06642107715367102,0.2675281878203854,0.5307103284271449
Test_27,0.007141162959151802,0.05294367044704628,0.9014821004582353,0.038433066135566504
Test_28,0.9532100182397486,0.008636232058479795,0.00914472881356478,0.029009020888206737
Test_29,0.15223531536227833,0.08942896393415464,0.2706707017533144,0.4876650189502525
Test_30,0.4083807864731832,0.058537859410481445,0.07543774346978997,0.4576436106465453
Test_31,0.010528927037947725,0.10699919407843986,0.7933707897889163,0.08910108909469633
Test_32,0.494707938078776,0.054173927084725085,0.17607116293873493,0.275046971897764
Test_33,0.07023248063820171,0.05602048377462239,0.0691592034175575,0.8045878321696186
Test_34,0.286704328540363,0.06832342481814015,0.3006743556497812,0.3442978909917155
Test_35,0.11168765502398756,0.04379412163369994,0.05913658189237987,0.7853816414499325
Test_36,0.0019208110845606895,0.0558212288126177,0.9263001700495997,0.015957790053222017
Test_37,0.03633857950067757,0.04497793147721958,0.006592499028534116,0.9120909899935687
Test_38,0.01793123019867846,0.05752646859628505,0.02174743290540648,0.9027948682996298
Test_39,0.1702488582599382,0.06922581324229224,0.4177880332967124,0.34273729520105717
Test_40,0.002264504943440344,0.06524783048251052,0.9111337844689905,0.0213538801050586
Test_41,0.005136206073370467,0.08882275648110377,0.8629750633531733,0.043065974092352834
Test_42,0.030714444617665728,0.044891225507373914,0.0204794630993735,0.9039148667755869
Test_43,0.5455810462180014,0.05686132653308703,0.17266399001077928,0.22489363723813238
Test_44,0.17054560182308698,0.06000686188398159,0.0315555267322121,0.7378920095607195
Test_45,0.23560537213057575,0.16453058310634303,0.08793599650627437,0.511928048256807
Test_46,0.32995222616118774,0.08477282977920718,0.11422537006578626,0.4710495739938189
Test_47,0.004486778035942113,0.028708895740898136,0.9526954489744921,0.014108877248667662
Test_48,0.1427484932355653,0.0711025623367956,0.5572983013520673,0.2288506430755716
Test_49,0.1633976315060504,0.041744748780875716,0.6340077829239085,0.16084983678916515
Test_50,0.0025470274283764384,0.050296399426289586,0.9276001072244795,0.019556465920854624
Test_51,0.01202239915256382,0.07816905779320878,0.7965509870737955,0.11325755598043187
Test_52,0.015121312559958798,0.10005708478559681,0.8075716776217312,0.07724992503271329
Test_53,0.19068872847611362,0.039269376414843966,0.6602512048908368,0.1097906902182053
Test_54,0.010418141560416708,0.2109665281701909,0.5280750071947233,0.25054032307466917
Test_55,0.050808164691353616,0.05403242155324794,0.6803452381716661,0.2148141755837324
Test_56,0.1415141780397974,0.1743860878795454,0.08824618144839716,0.5958535526322601
Test_57,0.21306583712924285,0.06633605472492543,0.5647231025433033,0.15587500560252895
Test_58,0.0084071167478693,0.024003681791343386,0.004490968286118924,0.963098233174668
Test_59,0.1164677110489343,0.06261861020966812,0.6675374582638898,0.1533762204775082
Test_60,0.013597828525661071,0.15288398752320762,0.07892207977959474,0.7545961041715366
Test_61,0.4932251431841811,0.09489004763918149,0.13023489643353475,0.2816499127431025
Test_62,0.5293673357079335,0.04889008261980218,0.20096599980187485,0.22077658187038962
Test_63,0.07088875280745899,0.09696165110599779,0.2290344164970935,0.6031151795894496
Test_64,0.6630765835552388,0.041060526709842234,0.13945699072661025,0.15640589900830876
Test_65,0.03656702121889433,0.09271767616933911,0.6789463290228863,0.19176897358888026
Test_66,0.51896813601549,0.07662857007968658,0.20604752650579478,0.1983557673990287
Test_67,0.019334616205992222,0.07906992796592625,0.7766064242972197,0.12498903153086198
Test_68,0.08041043404299729,0.0646018215512134,0.053884679029884634,0.8011030653759049
Test_69,0.0022224964193136463,0.016279179034612314,0.9668037042749043,0.014694620271170097
Test_70,0.09834254089866731,0.058195597706158564,0.19368619776195523,0.649775663633219
Test_71,0.09710615779924918,0.02344196070826773,0.8386512266173629,0.04080065487512
Test_72,0.21759255099031757,0.04599874509314049,0.021120491800225474,0.7152882121163165
Test_73,0.727521536915129,0.015570158110031764,0.20853695184268392,0.04837135313215529
Test_74,0.36147402232356707,0.06681498220106763,0.22690487584927665,0.3448061196260887
Test_75,0.1214565558285244,0.055612247948157584,0.2939688905266075,0.5289623056967101
Test_76,0.8054776070998367,0.011141395288253765,0.042696560902298,0.14068443670961162
Test_77,0.1019275350958934,0.06480322592205522,0.6984930418056445,0.13477619717640665
Test_78,0.059340218398986504,0.1490932074487096,0.2188382552916659,0.5727283188606377
Test_79,0.3973985936289094,0.06314672640269717,0.1838978320842667,0.355556847884127
Test_80,0.05660772182984461,0.14336578490237833,0.34354485665190954,0.4564816366158679
Test_81,0.0008020776631241071,0.08270221662467304,0.8989457021638195,0.017550003548383146
Test_82,0.0623843874312195,0.10213212711430233,0.6237897445010965,0.21169374095338167
Test_83,0.005330520453580391,0.14869296974534252,0.7862675306176808,0.05970897918339611
Test_84,0.1434440203995409,0.04925412479738596,0.04696561536534989,0.7603362394377233
Test_85,0.43427027893639547,0.060658169027640985,0.2211579017535248,0.2839136502824386
Test_86,0.17711316615435,0.11789786179249186,0.37811873014462327,0.32687024190853486
Test_87,0.45132883717895594,0.05928505730991686,0.1264693010236014,0.36291680448752556
Test_88,0.22856664482225775,0.06996628111880203,0.287151764583493,0.4143153094754472
Test_89,0.5089740918718625,0.054268953047521044,0.29548180680975744,0.14127514827085902
Test_90,0.010735822307554698,0.028488360443086044,0.9407462416358892,0.02002957561347003
Test_91,0.29197960752483176,0.08107293258507466,0.3735323210528407,0.25341513883725286
Test_92,0.8657088869764162,0.010968092118613623,0.03334242486043464,0.08998059604453565
Test_93,0.0018557615229712404,0.05436677816530815,0.9288661408071316,0.014911319504589137
Test_94,0.019059377573397693,0.03236048280624155,0.010456419355527321,0.9381237202648335
Test_95,0.2958904498839368,0.09198046689746026,0.4040743934042715,0.20805468981433126
Test_96,0.23316753246729396,0.05540081800287517,0.1597041369040365,0.5517275126257946
Test_97,0.44842608482820917,0.09518474541910858,0.09586497334085035,0.36052419641183164
Test_98,0.0788601583107251,0.09100181289228132,0.029493837344520064,0.8006441914524735
Test_99,0.18321685486531117,0.08139707857138705,0.3478842878251773,0.3875017787381243
Test_100,0.03662587567874556,0.1289826371307432,0.038116243974042764,0.7962752432164685
Test_101,0.6234441328272435,0.0445612813930301,0.07886306139899651,0.25313152438072983
Test_102,0.055651106996531724,0.040720668165748375,0.02456118574925749,0.8790670390884624
Test_103,0.2691324541951828,0.05742993237606106,0.5326422067743308,0.14079540665442541
Test_104,0.09733843025610825,0.07659611672687612,0.10469117114382549,0.7213742818731904
Test_105,0.24785157147835557,0.049177746371773,0.13044333488686158,0.5725273472630097
Test_106,0.7164095243303396,0.02611834633855245,0.13932272983377575,0.11814939949733229
Test_107,0.0319881575564039,0.049618535423412005,0.8462960968470254,0.07209721017315847
Test_108,0.014904596096651866,0.028415629179262252,0.007525940177935677,0.9491538345461502
Test_109,0.1536643916827448,0.060957243963109656,0.15362067707928806,0.6317576872748578
Test_110,0.09628179771236335,0.04709324576333587,0.029354193192329778,0.8272707633319709
Test_111,0.3675335524554355,0.05768960760647658,0.20294107219724927,0.37183576774083876
Test_112,0.04509085150974572,0.09307280899199483,0.6894292179213632,0.17240712157689633
Test_113,0.3141223159305849,0.06536594095055666,0.24587240768558918,0.3746393354332695
Test_114,0.04141225784591321,0.11683128048189162,0.6237456533444847,0.21801080832771058
Test_115,0.016371226676640847,0.021196077276363082,0.9057543124263354,0.05667838362066035
Test_116,0.02234194521276978,0.0654054808024424,0.8646458852480488,0.047606688736738734
Test_117,0.012887693884967907,0.06135830595826986,0.8649544032711799,0.060799596885582396
Test_118,0.08602279854452569,0.06152494039258493,0.7284495809304211,0.12400268013246842
Test_119,0.4169074364400272,0.04512050360373318,0.3912580504565093,0.14671400949973018
Test_120,0.009525886666754203,0.04309072752301349,0.9208536989448473,0.026529686865385146
Test_121,0.10015353038143163,0.05564156814540313,0.7208132421157493,0.12339165935741554
Test_122,0.08930114441160272,0.06276919686996965,0.6149669217924707,0.23296273692595715
Test_123,0.010753518652833265,0.08881422307346308,0.8482945308916935,0.05213772738201018
Test_124,0.012658889216649141,0.04081764568768677,0.006831268425999283,0.9396921966696651
Test_125,0.2436366721531702,0.09941159117908466,0.271261908991381,0.3856898276763644
Test_126,0.828775339841306,0.029617026979053857,0.09276956733804026,0.0488380658415996
Test_127,0.67062200375565,0.03989011681775277,0.03271516098661315,0.25677271843998417
Test_128,0.043146646516817655,0.12512694213904377,0.5112009224256306,0.32052548891850785
Test_129,0.28189000662717606,0.09677505099420386,0.35778209622195506,0.2635528461566653
Test_130,0.14513166688690965,0.05686478933792315,0.037710548841938696,0.7602929949332287
Test_131,0.01644882323558318,0.04219064639346187,0.017152216068038913,0.9242083143029162
Test_132,0.885945537291851,0.017725570067978355,0.04968331197042085,0.04664558066974958
Test_133,0.011445854591218281,0.032302078293502824,0.00407961140247032,0.9521724557128087
Test_134,0.39251181303895083,0.05201490045269748,0.22989132111989663,0.32558196538845524
Test_135,0.11418302863879475,0.08625622577558482,0.16012876169515053,0.6394319838904697
Test_136,0.011975471269865246,0.02806728090877267,0.0140064265696332,0.945950821251729
Test_137,0.0016695585990674892,0.05295906758742672,0.9289274368585723,0.016443936954933718
Test_138,0.000443312959911848,0.024133589703015948,0.9695384861923083,0.005884611144763605
Test_139,0.6801488823921377,0.03583615609752676,0.15057956639087974,0.1334353951194556
Test_140,0.33660947051506845,0.057333313159241436,0.3148931172907832,0.29116409903490686
Test_141,0.1497187158554007,0.03915025631825283,0.07742147365174915,0.7337095541745976
Test_142,0.03612130389599404,0.15768862141134782,0.19742711104929872,0.6087629636433591
Test_143,0.05572891964341298,0.05243244886304181,0.037361938909989595,0.8544766925835557
Test_144,0.5742130786882608,0.04370716091120032,0.07311206694854383,0.30896769345199493
Test_145,0.223603012135469,0.06929969919630258,0.27309225008079785,0.43400503858743045
Test_146,0.10037270220651062,0.035563095021736865,0.7906488348165913,0.07341536795516126
Test_147,0.014648799038567757,0.09747310991438815,0.8050236622980977,0.0828544287489461
Test_148,0.5514538365197407,0.10787410836271147,0.08751904718280279,0.25315300793474516
Test_149,0.18688447601294972,0.05138034962459229,0.648722932975149,0.1130122413873091
Test_150,0.1947772283550669,0.08820036939403311,0.5271322397998605,0.18989016245103985
Test_151,0.011823562405196145,0.025606968586516822,0.9452409105812513,0.01732855842703578
Test_152,0.028929625462198284,0.06959311055484105,0.7729662908341196,0.12851097314884105
Test_153,0.26843907222595575,0.026106445980164077,0.03134611715321058,0.6741083646406695
Test_154,0.04412021276354705,0.09533592993973927,0.7092224532122716,0.15132140408444214
Test_155,0.03232812206453029,0.06863874505702575,0.7534735587388789,0.14555957413956505
Test_156,0.16114466510666978,0.05765064660575704,0.10117128856277718,0.6800333997247962
Test_157,0.15889803802466054,0.05595836713399344,0.37418174501003193,0.4109618498313141
Test_158,0.067591748508203,0.05315286477683074,0.05156644608944146,0.8276889406255249
Test_159,0.2624609207387198,0.06273415391498041,0.3824595476284249,0.2923453777178747
Test_160,0.49474604170708364,0.06575348042551217,0.23701359786420195,0.20248688000320256
Test_161,0.07944031989061388,0.05655462074380841,0.7188601832350944,0.1451448761304833
Test_162,0.04912487279439531,0.029671298182620574,0.8832768192442035,0.037927009778780475
Test_163,0.011621506507853912,0.15408056362980674,0.7497250068493699,0.08457292301296922
Test_164,0.37028545074723745,0.1537067383839751,0.0484771301965337,0.42753068067225375
Test_165,0.015091115745516434,0.07740136800671414,0.1646595057119467,0.7428480105358221
Test_166,0.48033151394536594,0.030516855548473415,0.28707489330037184,0.20207673720578895
Test_167,0.07193421709733303,0.04981549004935438,0.8026277885714409,0.07562250428187142
Test_168,0.01680234323241146,0.08406541783169064,0.8296651651720806,0.0694670737638174
Test_169,0.224220709401947,0.05194750204041676,0.5293626986268035,0.19446908993083276
Test_170,0.4129903266596003,0.060887639873597514,0.23930524085789348,0.28681679260890897
Test_171,0.02244151615247874,0.05827403567312877,0.8324704985361229,0.08681394963826938
Test_172,0.04844310315886308,0.11030505833764434,0.6797695285161086,0.1614823099873843
Test_173,0.011173868413443084,0.024052811192176195,0.9540439639525596,0.010729356441821188
Test_174,0.144603939257924,0.03220004183227775,0.019918174046644775,0.8032778448631533
Test_175,0.5156792862087727,0.09702645661169987,0.10608898628172013,0.28120527089780756
Test_176,0.0031868542233532966,0.08202601284301737,0.8911382737462803,0.023648859187349113
Test_177,0.10972027364766437,0.03916287045057351,0.040154507248234855,0.8109623486535272
Test_178,0.01562582363554518,0.021170521493720718,0.003501806406351433,0.9597018484643827
Test_179,0.03179243055706614,0.07030173004987,0.8175748426373135,0.08033099675575028
Test_180,0.07365991624823455,0.14542786510064712,0.5040603609872331,0.27685185766388537
Test_181,0.12263917263807768,0.022061475844234672,0.008089192373571292,0.8472101591441165
Test_182,0.18703864174712923,0.05536967692467794,0.5967660699666845,0.16082561136150839
Test_183,0.6008253544922839,0.017451369351421026,0.290771952489642,0.09095132366665283
Test_184,0.27274017786977967,0.056145527793540345,0.24660045309933915,0.42451384123734104
Test_185,0.3240404261998758,0.06568864528132623,0.2060736862665177,0.40419724225228026
Test_186,0.36632953110999616,0.07506466136100798,0.17914131334165445,0.37946449418734085
Test_187,0.010273704608217743,0.020074198558266764,0.9565143293666034,0.013137767466911929
Test_188,0.3824295798009446,0.051328600682641,0.364812741077885,0.2014290784385291
Test_189,0.3955719943864019,0.08355457999717657,0.1479895056319616,0.37288391998445986
Test_190,0.26280631192037374,0.07673211784868776,0.32805039625500254,0.3324111739759359
Test_191,0.03899590109126069,0.07155255129430572,0.5761061621975121,0.31334538541692164
Test_192,0.6264184229907798,0.07573992082201353,0.15348830754176992,0.1443533486454367
Test_193,0.045909801383219026,0.03548684845670567,0.8902125505981049,0.02839079956197045
Test_194,0.008129149393471036,0.08216024358929963,0.8736144054373703,0.03609620157985883
Test_195,0.5625800909805011,0.1338152767710959,0.10469934224261584,0.1989052900057873
Test_196,0.22201933990833939,0.06464952940250253,0.14610829252639304,0.5672228381627651
Test_197,0.008793652728709477,0.06428788145260626,0.8738759136650044,0.05304255215367997
Test_198,0.14763100630091228,0.07307852901930416,0.09527411154977981,0.6840163531300036
Test_199,0.19307715427570268,0.033236283287874105,0.17552711661723522,0.598159445819188
Test_200,0.016568197835700963,0.057025578814526634,0.8790016471660576,0.047404576183714645
Test_201,0.1984176714669893,0.06625453141623974,0.28593438557471684,0.4493934115420542
Test_202,0.02887508984373058,0.07266203746702167,0.6160733641370528,0.2823895085521948
Test_203,0.03211593964845006,0.09077300457675432,0.7370863923903925,0.14002466338440273
Test_204,0.17826943145616184,0.06376189668430586,0.0682555385317572,0.689713133327775
Test_205,0.14202617788211175,0.03819765099449463,0.030233619948166136,0.7895425511752274
Test_206,0.0035340746696086397,0.012368002145946282,0.0017160895001118754,0.9823818336843335
Test_207,0.08338442567060812,0.0692710932644697,0.5721544915609967,0.2751899895039255
Test_208,0.36085726092028153,0.05643138763416695,0.20965280387018012,0.3730585475753713
Test_209,0.014312406579488561,0.14016843169781856,0.6389080656976409,0.20661109602505168
Test_210,0.03232614957150863,0.05076564220572527,0.3236963058761423,0.593211902346624
Test_211,0.06328368066760236,0.12048817130037948,0.06122122260775206,0.755006925424266
Test_212,0.022916601722152322,0.03391789755045225,0.9298975289774674,0.01326797174992794
Test_213,0.04466309968027519,0.14315654959530155,0.11115530197332811,0.7010250487510951
Test_214,0.07597524058713692,0.064384740365276,0.628694760622661,0.2309452584249259
Test_215,0.6244457584217266,0.08925553862626516,0.047531163604429126,0.23876753934757927
Test_216,0.49484917051372124,0.0452422599711151,0.30079047407199455,0.1591180954431691
Test_217,0.20440465800057558,0.07853641332659046,0.1288195675604247,0.5882393611124092
Test_218,0.8452768947725646,0.02965582262422179,0.04207786406970455,0.08298941853350918
Test_219,0.30465602206208964,0.01529673906880989,0.6242831444739336,0.055764094395166955
Test_220,0.013481347735092648,0.06867824940035529,0.018123667082715365,0.8997167357818369
Test_221,0.3621406860383518,0.05675864313831374,0.27495382789392253,0.30614684292941197
Test_222,0.2325870785161984,0.05405573431107567,0.4951836897563009,0.21817349741642506
Test_223,0.04176055158893506,0.06470756956659025,0.7166141927614093,0.17691768608306535
Test_224,0.39799775847330554,0.055685504174205785,0.22977943307530418,0.3165373042771846
Test_225,0.6095723153504913,0.03452015480606928,0.2923832079055957,0.06352432193784396
Test_226,0.04800541207400121,0.10216882997369973,0.6539058110099634,0.19591994694233592
Test_227,0.10971312525766515,0.048562746273191064,0.033481080265585744,0.8082430482035582
Test_228,0.3099620870105492,0.05397951666679813,0.36568299061792536,0.2703754057047271
Test_229,0.0534837219644492,0.07309385887329727,0.6867193030965785,0.18670311606567538
Test_230,0.06528517909769714,0.027424579709460082,0.007169828106711152,0.9001204130861317
Test_231,0.020281981522305235,0.03493599644708626,0.011672938801850602,0.933109083228758
Test_232,0.26827139464228694,0.053597475287773776,0.5089693346269659,0.16916179544297333
Test_233,0.6971403322198376,0.011367607035817021,0.020102456428014007,0.2713896043163314
Test_234,0.11386053686746458,0.06888951250805875,0.020440702450349214,0.7968092481741275
Test_235,0.05149653132201995,0.059084516085359716,0.0386032425302149,0.8508157100624053
Test_236,0.21067825544999078,0.10779863054210681,0.4167923968844266,0.26473071712347584
Test_237,0.23676863358998435,0.06874006443292924,0.22644443847479404,0.46804686350229247
Test_238,0.00690494921189899,0.09216212170481522,0.8711650482974904,0.02976788078579531
Test_239,0.12738017696157425,0.05977067620077348,0.7122752620698101,0.10057388476784221
Test_240,0.0014846605745102688,0.11836173025044922,0.8557662556015103,0.024387353573530085
Test_241,0.12007370956616396,0.0872840197509656,0.4254299247786112,0.3672123459042592
Test_242,0.3011529559796798,0.06730624792863454,0.18660897215654582,0.44493182393513964
Test_243,0.6987250500729527,0.02910291687514043,0.11978056658999967,0.1523914664619073
Test_244,0.10316261314445231,0.2094056629720374,0.21202859816202305,0.4754031257214871
Test_245,0.06013075013873658,0.19924369391831434,0.3717453698237796,0.36888018611916945
Test_246,0.014703314356878765,0.05773162403895018,0.006204334674226904,0.921360726929944
Test_247,0.010913462497088647,0.03451386425577665,0.00990427486921254,0.9446683983779223
Test_248,0.2916122669490928,0.08963855292682811,0.1339093268812777,0.48483985324280127
Test_249,0.05544668579099772,0.06750435512514331,0.1677484131537666,0.7093005459300921
Test_250,0.7570239043135611,0.06405274496214008,0.054821005004239344,0.12410234572005914
Test_251,0.17918075324070135,0.03627811881620071,0.015043056902749898,0.7694980710403481
Test_252,0.11718272917465677,0.08043868245217627,0.5862434362142702,0.21613515215889642
Test_253,0.034893479907127316,0.09664584843311078,0.061379804999287295,0.8070808666604746
Test_254,0.02497102807566388,0.05204765176083895,0.0038726264560806135,0.9191086937074164
Test_255,0.21332206075698334,0.0529310309209489,0.12399320652272978,0.609753701799338
Test_256,0.009507539730458911,0.04412454608260665,0.020355905816481758,0.9260120083704528
Test_257,0.01069694963413947,0.04402892599057019,0.9173795014928049,0.027894622882485464
Test_258,0.002823176056236062,0.1470523248992792,0.611686633565641,0.2384378654788436
Test_259,0.3332669759306195,0.040350944631926906,0.5049327954510616,0.12144928398639172
Test_260,0.12550972492224455,0.02502408173576076,0.023680190696614624,0.8257860026453797
Test_261,0.0019951014261629665,0.015651643879027437,0.9711811590394284,0.011172095655381279
Test_262,0.007374422533251295,0.09010463502300181,0.8380755042307292,0.06444543821301772
Test_263,0.41233573089486325,0.055668312241074686,0.1449835059627778,0.38701245090128455
Test_264,0.4242625623142676,0.0482124690643896,0.24989858824664382,0.2776263803746989
Test_265,0.21126197496966725,0.08397216642756361,0.512229784342389,0.19253607426038014
Test_266,0.006744236250525062,0.0223578799612264,0.0028104611860982373,0.9680874226021502
Test_267,0.9147503767177456,0.010144284397338693,0.04893543427033663,0.026169904614579128
Test_268,0.00778548501677987,0.21839206628472083,0.7055266146584546,0.06829583404004448
Test_269,0.27571385961553685,0.08335719457117724,0.1581116353767738,0.4828173104365122
Test_270,0.19724627884523402,0.056810676066819915,0.12597596059381214,0.6199670844941338
Test_271,0.0881623156164923,0.06106066375582911,0.13690159714736855,0.71387542348031
Test_272,0.03070590924743878,0.10344131315268872,0.7647353236669564,0.10111745393291627
Test_273,0.14778846226712855,0.23400792330358736,0.13649831620059916,0.48170529822868446
Test_274,0.283270473972447,0.05336614039057993,0.4704700136921949,0.19289337194477812
Test_275,0.1349811456690161,0.07743490675087686,0.5200753770739246,0.26750857050618243
Test_276,0.033620167959856145,0.09818928350197062,0.24429223214163218,0.6238983163965408
Test_277,0.30689805493532213,0.07526194233874353,0.23695902609543829,0.38088097663049614
Test_278,0.022560626633614658,0.08622442488694658,0.15181004608608448,0.7394049023933543
Test_279,0.007113665208144798,0.020417076741632557,0.9616292967521022,0.01083996129812045
Test_280,0.0028172456901091438,0.012167143230122664,0.0018266237550709815,0.9831889873246971
Test_281,0.0720048552402177,0.05241223958828781,0.05209778770471018,0.8234851174667845
Test_282,0.024099427463898645,0.2673817231861878,0.15618020657664353,0.55233864277327
Test_283,0.06811119624805959,0.1077042729626482,0.5872190782655027,0.2369654525237899
Test_284,0.015228553037133103,0.16599238124377175,0.7234017770544867,0.09537728866460844
Test_285,0.19084087622568258,0.11391014415637234,0.2091141940128726,0.4861347856050724
Test_286,0.3900211279549202,0.03256871564226613,0.09060898155312547,0.48680117484968827
Test_287,0.3407311195630568,0.03616293662242004,0.19106557910501976,0.4320403647095031
Test_288,0.007154890905477575,0.027924216375654867,0.003231502947764184,0.961689389771103
Test_289,0.006117817913636047,0.019260560255560364,0.003073028133027339,0.9715485936977764
Test_290,0.07333938993834418,0.08876643148527934,0.6973834203372734,0.1405107582391028
Test_291,0.1961669517160216,0.031210507859571107,0.6650779868457641,0.10754455357864302
Test_292,0.6592792600383268,0.03535892990115729,0.18164186782961858,0.12371994223089727
Test_293,0.00865342755543652,0.12327829269998879,0.8216379111291113,0.04643036861546309
Test_294,0.01571346031943983,0.06987264099696752,0.8529624494739124,0.061451449209680306
Test_295,0.27322513081449135,0.06608281165652918,0.37110928174849594,0.28958277578048347
Test_296,0.3759806151543392,0.05979368127897323,0.25605170150379897,0.30817400206288864
Test_297,0.06848702234176228,0.06866692936503321,0.12182426647135919,0.7410217818218454
Test_298,0.028155392519219995,0.11463958543927502,0.6427208061096032,0.21448421593190142
Test_299,0.17395852180468266,0.07867746532812904,0.22897623652002877,0.5183877763471596
Test_300,0.44821448617560355,0.04666392928692995,0.15055202039582877,0.3545695641416377
Test_301,0.6900675263154159,0.029267970932496185,0.12675923661318908,0.15390526613889854
Test_302,0.008336358957015429,0.29622872568607334,0.11785839336340043,0.5775765219935107
Test_303,0.7458641609238548,0.034574719993482377,0.04146827903343529,0.17809284004922746
Test_304,0.5291547228540371,0.06532252338222184,0.15902970224752844,0.24649305151621248
Test_305,0.44060015595013635,0.050699484709375214,0.03445844031940271,0.4742419190210858
Test_306,0.2220507232527259,0.05721716101045592,0.37334778192059653,0.3473843338162221
Test_307,0.4270257578957496,0.06147528354950543,0.2705179847014911,0.24098097385325415
Test_308,0.04790462603486947,0.08747607210339992,0.44294712479630943,0.42167217706542126
Test_309,0.04401288123792948,0.10063077278694545,0.48780036639515617,0.36755597957996883
Test_310,0.02038396601646388,0.11635412047832477,0.6574232745153072,0.20583863898990443
Test_311,0.1269313353590874,0.08366008186128206,0.5072653750029339,0.28214320777669705
Test_312,0.004542378190892512,0.01502717695340891,0.002820745521584236,0.9776096993341145
Test_313,0.00908362330000869,0.03191200930611008,0.008787066234132047,0.9502173011597488
Test_314,0.17616875220059003,0.0769346941129017,0.16453339173171538,0.5823631619547931
Test_315,0.0037689798556840297,0.014947069496380912,0.0017587627743436197,0.9795251878735912
Test_316,0.5690476258274338,0.04377018933658173,0.22023288172078356,0.16694930311520104
Test_317,0.041354010313047355,0.06254907026857744,0.7516352914630368,0.14446162795533846
Test_318,0.34825451169327537,0.060361649088919805,0.233030246514169,0.3583535927036357
Test_319,0.001437917949920781,0.03084167223678057,0.9558215187698851,0.011898891043413363
Test_320,0.12048851165881777,0.06370273394180542,0.7211902691802317,0.09461848521914523
Test_321,0.7072031280009735,0.07777500660417336,0.1016741483961585,0.11334771699869456
Test_322,0.24703988159002446,0.1068121679326298,0.19652072741753512,0.4496272230598106
Test_323,0.18945545820234083,0.07302334957842417,0.5103326841848861,0.22718850803434915
Test_324,0.0362880543816425,0.05350366708121482,0.8494411099836335,0.060767168553509415
Test_325,0.021016264084362617,0.046797059371421715,0.00956831110376037,0.9226183654404552
Test_326,0.0137060564063058,0.04741430496400137,0.8914798498972104,0.04739978873248232
Test_327,0.07909842318918733,0.021714711853034887,0.015487913399807153,0.8836989515579708
Test_328,0.019934944363285776,0.06381614926481442,0.870257262469339,0.04599164390256069
Test_329,0.013270781686969407,0.08461302132465572,0.8757141462825542,0.02640205070582074
Test_330,0.004125834575515972,0.11786107799334392,0.8476003707701453,0.030412716660994956
Test_331,0.29461964346204705,0.07770881560962997,0.21528013862206136,0.4123914023062618
Test_332,0.8526886494673892,0.028618348864207967,0.023699971586778,0.09499303008162481
Test_333,0.02398574728336443,0.10933062369660657,0.7916850225256308,0.07499860649439838
Test_334,0.0009269075566636502,0.017323687494087484,0.9766686957857983,0.005080709163450529
Test_335,0.3619971680927981,0.07123246453018348,0.3340959295200006,0.23267443785701808
Test_336,0.056947486170019046,0.03444769412781303,0.804494340773418,0.10411047892875018
Test_337,0.7661575273038175,0.09444840639915089,0.02092279105255907,0.11847127524447237
Test_338,0.5720378821159909,0.038754055696540564,0.17734991899280722,0.21185814319466154
Test_339,0.036371182547039534,0.16095349983991,0.7325561773410059,0.07011914027204459
Test_340,0.3239175134138372,0.041292913803393776,0.20034371926006997,0.4344458535226991
Test_341,0.292783965058046,0.12744258542028677,0.023620833163268296,0.5561526163583987
Test_342,0.9022064456405654,0.019317246051635414,0.06385196382535532,0.014624344482444023
Test_343,0.2644206116295169,0.059862681083238035,0.19573961289969807,0.47997709438754693
Test_344,0.005089009083100449,0.027610511153684493,0.9477209778257647,0.019579501937450176
Test_345,0.03457245670726035,0.06612509295679352,0.7912073127653743,0.10809513757057156
Test_346,0.014358152424067041,0.056988701199480025,0.8751726078005148,0.0534805385759383
Test_347,0.267588808745111,0.0602235828671114,0.3546095933303248,0.3175780150574528
Test_348,0.09549021908850149,0.05198613834908664,0.08499979100480091,0.7675238515576112
Test_349,0.047203518004387726,0.13874166763619142,0.08041429439180357,0.7336405199676173
Test_350,0.019463843813764238,0.05918269554021541,0.0672152932727952,0.8541381673732248
Test_351,0.02168146377045131,0.07431850759049564,0.8431209231892242,0.06087910544982882
Test_352,0.25505933275679504,0.06077264368017251,0.18183912231427107,0.5023289012487608
Test_353,0.36804411651105223,0.06705844053487758,0.11231467149808072,0.4525827714559895
Test_354,0.32170099828159016,0.062231042915798326,0.3910344069729365,0.22503355182967477
Test_355,0.5866411164815228,0.0610419042985639,0.0364105634735106,0.31590641574640277
Test_356,0.43713504684994064,0.05903053075701262,0.18753564062618694,0.3162987817668601
Test_357,0.8011366568647891,0.015311214088061655,0.11385678447621414,0.06969534457093503
Test_358,0.08054252397875007,0.09344549775564505,0.360326980256415,0.46568499800918983
Test_359,0.13199986380718529,0.05812967826733876,0.1458588091185524,0.6640116488069233
Test_360,0.04686272674204553,0.08232023936665148,0.041394073734989836,0.8294229601563128
Test_361,0.7651697045427648,0.06495794022849166,0.04346090390293096,0.12641145132581263
Test_362,0.35457771818428846,0.05629434339558142,0.2517972347932952,0.33733070362683515
Test_363,0.016886150872283415,0.08117812345222344,0.8319800313745424,0.06995569430095047
Test_364,0.026418711585252976,0.02626607310844957,0.9261139579787531,0.021201257327544343
Test_365,0.11160839111658179,0.061222535632039735,0.736487423887559,0.09068164936381971
Test_366,0.12361552381713904,0.07234968674089515,0.59101432993313,0.21302045950883577
Test_367,0.10874217045671417,0.02591797031507211,0.01907829940532081,0.8462615598228928
Test_368,0.3562860383706949,0.06032816160210781,0.34978112074220863,0.23360467928498846
Test_369,0.008173608180594892,0.021202515542181524,0.00819244133878522,0.962431434938438
Test_370,0.10692897061917823,0.057929968739831174,0.6879176307861694,0.1472234298548211
Test_371,0.00024220977207950367,0.023993418009945453,0.9721668278615955,0.0035975443563795433
Test_372,0.0183492804317602,0.029784347985594272,0.010022736850827179,0.941843634731818
Test_373,0.018820549290663038,0.05747722305792041,0.8801463618327638,0.04355586581865237
Test_374,0.23874033449058124,0.05507995123037967,0.5528822171768131,0.15329749710222562
Test_375,0.020530904640284623,0.047596126718861216,0.006464304048575141,0.925408664592279
Test_376,0.6927086981024466,0.033332082580012745,0.08566844714205829,0.18829077217548235
Test_377,0.18459601043227303,0.07650598968114554,0.5252345037724376,0.21366349611414404
Test_378,0.014382555922178844,0.05180423883449029,0.9045792893396299,0.02923391590370109
Test_379,0.2047661040502876,0.07557666201775737,0.43120677459489937,0.2884504593370559
Test_380,0.16154927623469081,0.1187508052672538,0.08755499652531266,0.6321449219727424
Test_381,0.3013116331422608,0.07813609737870154,0.07406533442137178,0.546486935057666
Test_382,0.21842432780953716,0.06400727149661205,0.08980154502155241,0.627766855672298
Test_383,0.43214083170580586,0.05893293605462988,0.22650207780407844,0.28242415443548596
Test_384,0.1402484996766396,0.049906151063356975,0.7171192936668965,0.09272605559310675
Test_385,0.12185673730199627,0.037102296847468116,0.0282713204854198,0.8127696453651158
Test_386,0.03375200914173075,0.11135123061490555,0.7013846582543827,0.15351210198898066
Test_387,0.08542107935833673,0.13256899142228548,0.03479419844435985,0.7472157307750181
Test_388,0.31486749131685604,0.06805525666726028,0.2717243634173976,0.345352888598486
Test_389,0.4793191139310701,0.04744025865580717,0.31285515303856987,0.16038547437455306
Test_390,0.27690097270238817,0.055927202617063916,0.14579745502313396,0.5213743696574142
Test_391,0.03237414442462164,0.08284785029531694,0.7922258547114587,0.09255215056860233
Test_392,0.023328207970817284,0.06180502703073079,0.758643652485926,0.1562231125125259
Test_393,0.06856696220471317,0.026133357050758584,0.004976975162531258,0.9003227055819969
Test_394,0.4909426359670646,0.04083153635676675,0.09071037706248392,0.3775154506136849
Test_395,0.012188676312389467,0.11273200071873345,0.8173414027915326,0.05773792017734451
Test_396,0.20550854610997507,0.07074567619967587,0.19984101007931607,0.5239047676110328
Test_397,0.14348138182419334,0.0575170301735692,0.11009314541142001,0.6889084425908174
Test_398,0.04387112633599904,0.12845419336409072,0.5394487069457877,0.2882259733541224
Test_399,0.4334501856370131,0.0531738666969995,0.10644318463171777,0.4069327630342695
Test_400,0.00023982428855530224,0.015825371242855515,0.9798951760679699,0.004039628400619146
Test_401,0.023442121785976093,0.09051913999753876,0.8114744245857624,0.07456431363072298
Test_402,0.07761777059409651,0.01981081709494874,0.010399988063959734,0.8921714242469951
Test_403,0.06527325996723099,0.04970904473748865,0.8365302914079824,0.048487403887297956
Test_404,0.4538507251338168,0.053531944003317664,0.08460829874451511,0.4080090321183501
Test_405,0.020704655321046317,0.047359972257223895,0.008920272743073323,0.9230150996786564
Test_406,0.008788326586913251,0.04078567455287733,0.011434288207394075,0.9389917106528156
Test_407,0.04787110208333139,0.06543528479090473,0.04121638348758868,0.8454772296381751
Test_408,0.018766271956691817,0.042403587325669366,0.008545095323607775,0.9302850453940311
Test_409,0.016000624322582188,0.10723736130195773,0.5212791647569996,0.3554828496184602
Test_410,0.012997024637897031,0.02572495710244244,0.004916149999145888,0.9563618682605147
Test_411,0.9483842969497651,0.009691355490083538,0.013383989479223085,0.028540358080928058
Test_412,0.012065393740977558,0.2879985168769822,0.48203861741318393,0.21789747196885648
Test_413,0.9800827758789241,0.0032361308902382944,0.007139212918586062,0.009541880312251389
Test_414,0.06754369399421059,0.05298191626784383,0.7840148610439436,0.09545952869400168
Test_415,0.12131139264805631,0.05528456102488769,0.6672136185579339,0.15619042776912218
Test_416,0.14954254869669226,0.05073751413824364,0.09053249453023915,0.7091874426348247
Test_417,0.07141688115458489,0.042409959821807265,0.8144676861363794,0.07170547288722862
Test_418,0.6914287085561462,0.04073586084922725,0.09738888196100258,0.17044654863362368
Test_419,0.4975026023056709,0.04416992016730887,0.331887789419185,0.1264396881078351
Test_420,0.005528062769061777,0.05766539476174398,0.9151764007330401,0.02163014173615407
Test_421,0.016325826200169976,0.019835907375475532,0.010843735137157974,0.9529945312871962
Test_422,0.39465259722636614,0.06289106609315562,0.19091300934428398,0.35154332733619453
Test_423,0.039522052249940924,0.10995538507070704,0.5203283327297081,0.33019422994964365
Test_424,0.0011034784313902002,0.07852618045979998,0.901898124757279,0.01847221635153105
Test_425,0.15134804632345936,0.06126702808420504,0.07235686328242888,0.7150280623099068
Test_426,0.3685876701355742,0.05034239765873412,0.29027355693432766,0.2907963752713642
Test_427,0.017283133142786077,0.030285657645899307,0.005741531966265865,0.9466896772450486
Test_428,0.050107395034318956,0.07764983325361889,0.05845635172693497,0.8137864199851275
Test_429,0.00031610734488310486,0.02365591031870809,0.9704910214056774,0.0055369609307311775
Test_430,0.02193219653720676,0.08967879561113243,0.8571662786098208,0.031222729241839643
Test_431,0.6436976875241507,0.036595255699112844,0.10021374505858469,0.21949331171815176
Test_432,0.17303297596846073,0.1161870931463999,0.15942487774556163,0.5513550531395776
Test_433,0.050516239842072715,0.044797294584080716,0.03032592121854864,0.8743605443552979
Test_434,0.10366680448172352,0.08736017953084257,0.2183911433836931,0.5905818726037406
Test_435,0.7579882158136655,0.021264977278201973,0.02977064292684859,0.19097616398128417
Test_436,0.16225850165986158,0.07451199754598138,0.17966073145060157,0.5835687693435554
Test_437,0.19258253888123628,0.0633506106910097,0.5457552851280345,0.19831156529971938
Test_438,0.04395222886880046,0.10427159449512668,0.6200004508186762,0.2317757258173962
Test_439,0.032821249353823766,0.1157624519650456,0.7747163501621187,0.07669994851901213
Test_440,0.0003044654144459655,0.023120870197803067,0.9714545715669166,0.005120092820834597
Test_441,0.8001484368100864,0.04158369353917455,0.029183605748845393,0.12908426390189368
Test_442,0.3677107218782931,0.052474227831618245,0.34311726528853337,0.2366977850015551
Test_443,0.04295406422437827,0.11768045925942129,0.08103610355990856,0.758329372956292
Test_444,0.7173259368108167,0.029135962385284937,0.06025332852661645,0.1932847722772818
Test_445,0.12516956609554117,0.07010069929780621,0.5066441870862626,0.2980855475203902
Test_446,0.0972912328921961,0.08443454512340198,0.5657022146280897,0.25257200735631236
Test_447,0.07014906107645492,0.04249344295380401,0.828770450375249,0.058587045594492085
Test_448,0.04410732425045303,0.04857293955059591,0.819174308745986,0.08814542745296511
Test_449,0.16987714001238882,0.06104921016444242,0.3651657518636286,0.4039078979595403
Test_450,0.02353931183647025,0.031506242176032935,0.9149388667076654,0.0300155792798314
Test_451,0.012417936890926743,0.10757828509968674,0.8063499559060553,0.07365382210333145
Test_452,0.06327464969189618,0.08640853474156146,0.5796753154575003,0.2706415001090418
