image_id,healthy,multiple_diseases,rust,scab
Test_0,0.0015284021697712534,0.05820111226176361,0.8960769703704138,0.04419351519805136
Test_1,0.006112309708978294,0.16025143267437525,0.7233156269320437,0.1103206306846028
Test_2,0.011380720569160651,0.0031268581971244437,0.002446322631177833,0.983046098602537
Test_3,0.9200586729374561,0.002172355328450782,0.03141658651346809,0.04635238522062503
Test_4,7.991553163137344e-05,0.0025039234849838225,0.9972091415015298,0.00020701948185473888
Test_5,0.8049960290091724,0.02835374630617377,0.15133800507742406,0.015312219607229812
Test_6,0.939204896849756,0.001774276517701717,0.00890013325998735,0.05012069337255487
Test_7,0.00406146445940841,0.004346445365491608,0.0014738295743374214,0.9901182606007626
Test_8,0.03497101447309391,0.028352284032645714,0.09397855700197257,0.8426981444922877
Test_9,0.382056040152615,0.018832562337410416,0.5550278381230875,0.04408355938688697
Test_10,0.012673966884636845,0.09038495482346402,0.8823533178534833,0.01458776043841605
Test_11,0.6567521586702618,0.019217467074780618,0.28658252498679937,0.03744784926815828
Test_12,0.1383421669201498,0.057613880923857615,0.0131158631576605,0.790928088998332
Test_13,0.7161114654820004,0.00509346168658391,0.12573992302444556,0.15305514980697005
Test_14,0.010600933635620325,0.0038890025404342376,0.9844099819454759,0.0011000818784694538
Test_15,0.02033828940351835,0.004496323006292124,0.9705043409783898,0.004661046611799738
Test_16,0.6574308979074741,0.04086409155173321,0.18610783569506814,0.1155971748457245
Test_17,0.051433900076639553,0.15216620869157024,0.033119515916918495,0.7632803753148718
Test_18,0.14537980402274342,0.03465874702990095,0.05386467394252289,0.7660967750048326
Test_19,0.00598364218821942,0.12680454983397774,0.8629871290771792,0.004224678900623645
Test_20,0.057466856687824884,0.024006179262821014,0.017178691819224073,0.9013482722301299
Test_21,0.9545564874758975,0.0008606615783915982,0.00709701771568386,0.0374858332300271
Test_22,0.0016801628022848876,0.062498795914751756,0.9258899570851976,0.009931084197765795
Test_23,0.0003054154454770193,0.0028557159917655846,0.0005045685917499465,0.9963342999710075
Test_24,0.8476381686144353,0.011176720964147678,0.04751372608537269,0.09367138433604441
Test_25,0.2963974001186979,0.05983372922039865,0.10747717168416536,0.5362916989767381
Test_26,0.048989859584034595,0.06966873186514039,0.38856442172646066,0.4927769868243643
Test_27,0.019254101046774517,0.15029057509576793,0.7424300953690679,0.0880252284883898
Test_28,0.9457997080622833,0.011966638398726602,0.012426485159572337,0.02980716837941772
Test_29,0.013146879375682414,0.10910909136012495,0.1271107856998974,0.7506332435642953
Test_30,0.7986857734929897,0.008835312339798023,0.017088070479459462,0.17539084368775276
Test_31,0.0004681540029404588,0.314848637740115,0.6679269824883024,0.01675622576864219
Test_32,0.4228881382539384,0.00617853327393765,0.08494729485902983,0.48598603361309417
Test_33,0.023461036724821468,0.04756926610321484,0.032230948219432565,0.8967387489525311
Test_34,0.07367520219594584,0.009319593296911451,0.13386283628981394,0.7831423682173287
Test_35,0.013532911692678472,0.00469443001335731,0.003183677914245349,0.978588980379719
Test_36,0.00025086743959450256,0.004370505656400609,0.993526616048231,0.0018520108557738403
Test_37,0.03130652532981497,0.008746261225982054,0.00048479623225502615,0.959462417211948
Test_38,0.0001263246541422456,0.013062437142264008,0.0037703559425158943,0.9830408822610778
Test_39,0.06022505546206852,0.026711677907272142,0.7618971033373145,0.15116616329334495
Test_40,0.0013036017482238047,0.006644284930480483,0.9846697849907622,0.007382328330533538
Test_41,0.0016196075229628403,0.029017036733414894,0.9639561374903985,0.005407218253223711
Test_42,0.003749206479046829,0.034898043288859204,0.008266235816062631,0.9530865144160314
Test_43,0.9433732470905871,0.0007518090401076815,0.04704847866791531,0.00882646520138997
Test_44,0.1887688598077639,0.09523608344600869,0.03222408331273457,0.6837709734334929
Test_45,0.15274799292905109,0.15148432394683556,0.043112999739392525,0.6526546833847209
Test_46,0.34586305898388553,0.06613294516265503,0.04015335275511609,0.5478506430983434
Test_47,0.0009163358789680234,0.007858491793579826,0.9882040611476619,0.0030211111797903583
Test_48,0.0002707685863694819,0.016746861711808222,0.9593010623133099,0.023681307388512412
Test_49,0.04589964698745823,0.019901925305737644,0.9264076207440853,0.0077908069627187285
Test_50,0.002015035801017562,0.025942379713776616,0.9657153970663771,0.006327187418828772
Test_51,0.0026368477725962967,0.060966694978199204,0.8875404571503009,0.04885600009890365
Test_52,0.003755925104964663,0.12853618363484645,0.8331189317177901,0.034588959542398705
Test_53,0.021924816754540652,0.004292755624993184,0.9730091227813301,0.0007733048391361556
Test_54,0.006044878596540881,0.557204180501981,0.35172483886190875,0.08502610203956937
Test_55,0.03621956470237976,0.10102053530389561,0.3637239277210453,0.4990359722726792
Test_56,0.26785257805762397,0.2367844700283649,0.09174894367394401,0.40361400824006716
Test_57,0.41456983574808914,0.059709828567416974,0.4070991233187528,0.11862121236574115
Test_58,0.0035036538958423307,0.007210764588792942,0.003976627378178327,0.9853089541371863
Test_59,0.006790500699243779,0.022022628489282603,0.9504303444766178,0.020756526334855963
Test_60,0.012801529379730118,0.160117007872737,0.18630274173287695,0.6407787210146559
Test_61,0.3396764631153652,0.08395764541654126,0.0680870221304288,0.5082788693376648
Test_62,0.6752482906793582,0.01983834365049703,0.2152660600272862,0.0896473056428585
Test_63,0.0022137252995299036,0.024488035985406494,0.025045300889858412,0.948252937825205
Test_64,0.8702158685690632,0.0031915041005996874,0.10517570258947405,0.021416924740862923
Test_65,0.0022702958355899413,0.09812712017372162,0.8290446778250334,0.07055790616565505
Test_66,0.9184127266061176,0.03372532661365594,0.04213702687478173,0.00572491990544456
Test_67,9.20201033374569e-05,0.005066467981975363,0.9846452337757673,0.010196278138919938
Test_68,0.15905790131131223,0.09358588279985809,0.019627885900980933,0.7277283299878488
Test_69,0.00040921422066876205,0.021717254935574536,0.9754342744708957,0.002439256372861113
Test_70,0.019794501148279343,0.04060381761306444,0.1784123880646705,0.7611892931739856
Test_71,0.18271196621028288,0.005882283258651036,0.8073782215658,0.004027528965266069
Test_72,0.2628532999801243,0.02865541803218679,0.028116311463095053,0.6803749705245938
Test_73,0.6693450353785394,0.023118427291256512,0.28156013544027475,0.025976401889929352
Test_74,0.548746599035241,0.11829045110496003,0.08168917689438654,0.2512737729654125
Test_75,0.009969056948957132,0.020254559879104114,0.359242967939953,0.6105334152319858
Test_76,0.968946175568599,0.0003813331562257764,0.009385260887187469,0.02128723038798789
Test_77,0.06311972979718976,0.021677109289742688,0.8966480470793051,0.01855511383376241
Test_78,0.0012772139018427634,0.4758272873610582,0.008712885927687642,0.5141826128094114
Test_79,0.3073996959669561,0.08175312593753695,0.06343272505210137,0.5474144530434056
Test_80,0.0015952290697443092,0.5327275720486269,0.031047227766702563,0.43462997111492624
Test_81,0.004515896285506143,0.1013774485421657,0.8883061693559889,0.0058004858163393245
Test_82,0.010106317558999486,0.1782473961208001,0.6323887313806084,0.17925755493959197
Test_83,0.00014061020199357315,0.13313053384044116,0.8293793761309216,0.03734947982664345
Test_84,0.0856432065230424,0.007988203622606252,0.003997152061267795,0.9023714377930836
Test_85,0.5965705826194306,0.03369900639315861,0.1509180476912603,0.2188123632961505
Test_86,0.19159316704170828,0.3377793065224806,0.3652131374973272,0.10541438893848382
Test_87,0.9230975759723627,0.005372929399510838,0.007279052555210928,0.06425044207291561
Test_88,0.13787966593563927,0.11816902782264056,0.16458595765552195,0.5793653485861981
Test_89,0.6545550277875184,0.026659944116775545,0.2974445143352939,0.021340513760412017
Test_90,0.005151011702292412,0.01018739855477335,0.981151966398194,0.003509623344740282
Test_91,0.2800467266102408,0.03193816096697112,0.3040283662830092,0.38398674613977885
Test_92,0.9145189879550925,0.0014237811211180848,0.05410058612698768,0.029956644796801966
Test_93,0.0005478159691593242,0.025677687428362683,0.9728082468101232,0.0009662497923549366
Test_94,0.040541271933798854,0.027942884719249012,0.019842179751852963,0.9116736635950993
Test_95,0.5725245510022634,0.04562742563493875,0.3034296621843517,0.07841836117844614
Test_96,0.18684768461209242,0.013086517985653766,0.06756634597631637,0.7324994514259374
Test_97,0.6849164050962344,0.04076200120363922,0.08446942087841589,0.1898521728217104
Test_98,0.08023070677125554,0.14912159249585477,0.013386315363082865,0.7572613853698068
Test_99,0.2537569467029481,0.24641588457809444,0.2702220915930662,0.22960507712589126
Test_100,0.0071665883182046005,0.15334886043800466,0.007651330835410244,0.8318332204083806
Test_101,0.7632213922882999,0.01771262489142403,0.06197798102204292,0.15708800179823323
Test_102,0.03927880346580784,0.021067444040024953,0.043374752863922277,0.8962789996302449
Test_103,0.12097788493326105,0.08881100591229073,0.7041812661962349,0.08602984295821339
Test_104,0.022753426906092195,0.015878976260169944,0.015180174233925915,0.9461874225998119
Test_105,0.21994660892787116,0.013510426105995014,0.09613200838090513,0.6704109565852286
Test_106,0.8477648320779139,0.011013580181725663,0.05243930880864054,0.08878227893171996
Test_107,0.0002216890770502395,0.009704099827206825,0.9821342678455028,0.007939943250240063
Test_108,0.0096528343207488,0.015641985690014192,0.004450546620209276,0.9702546333690277
Test_109,0.1597364433056188,0.06580830171101883,0.038483007081169224,0.7359722479021931
Test_110,0.1432413973914195,0.007395000277337253,0.020810325165295497,0.8285532771659477
Test_111,0.9565104983882481,0.003894695595651334,0.012189798572276256,0.027405007443824358
Test_112,0.0018861609083793284,0.039160471168342134,0.9458056064780515,0.013147761445227083
Test_113,0.1538418502396739,0.12513771127299278,0.054055157164805454,0.6669652813225279
Test_114,0.049668177752692756,0.37484422031638354,0.37925393936392315,0.19623366256700067
Test_115,0.004585412202863674,0.016104760276788352,0.9694669925717756,0.009842834948572314
Test_116,0.0071083390527091105,0.07802140678307926,0.9070246665118444,0.007845587652367338
Test_117,0.0034181176036147663,0.02364440170296657,0.9403581261742484,0.03257935451917009
Test_118,0.000183097187324886,0.002629989252937266,0.9947779601741542,0.002408953385583661
Test_119,0.8521928929422976,0.025607327462897116,0.11360992585608459,0.008589853738720689
Test_120,0.0011933046411435322,0.02521773945245916,0.9639848116136699,0.009604144292727382
Test_121,0.4284552177904012,0.02864640545287887,0.4769387222293354,0.06595965452738463
Test_122,0.0007256284563877549,0.012425019789403562,0.9852410130142617,0.0016083387399469552
Test_123,0.0010428728923554528,0.06505027145699721,0.9282313279419507,0.005675527708696547
Test_124,0.03266498187053665,0.08671007466504856,0.02189933508964564,0.8587256083747692
Test_125,0.1025586140062583,0.6003370949371921,0.0343713301268211,0.2627329609297284
Test_126,0.8977403913817128,0.006610890774486354,0.07717058761617111,0.018478130227629796
Test_127,0.4443867488255186,0.015009864794471335,0.13971052477036464,0.40089286160964555
Test_128,0.008515164171991909,0.2162079767657127,0.35396771555158074,0.42130914351071463
Test_129,0.08480490255295019,0.2749798053542437,0.46210730175277026,0.17810799034003583
Test_130,0.10838962977422416,0.042103188265828116,0.004473815927683635,0.845033366032264
Test_131,0.0006881276632352673,0.009725237578903994,0.0006276116331051009,0.9889590231247557
Test_132,0.898666427224645,0.0027838365753216623,0.08817433289309805,0.010375403306935264
Test_133,0.01412208050977062,0.005557119825559886,0.0008863285050751281,0.9794344711595943
Test_134,0.6005528863426913,0.009178719476012611,0.08740125573357116,0.3028671384477248
Test_135,0.031074600341920153,0.18573864411227,0.1347968865156784,0.6483898690301314
Test_136,0.0011261342908209316,0.005758414098198439,0.006389924431802235,0.9867255271791785
Test_137,0.0031395897632615338,0.1867825089923568,0.8064988184162862,0.003579082828095492
Test_138,0.0011121709286584084,0.009042635804438688,0.9896630237452594,0.00018216952164336689
Test_139,0.9846374770470135,0.004173125438798478,0.008680293869565474,0.0025091036446226044
Test_140,0.12427378705467902,0.031682318357282004,0.7237029008748211,0.12034099371321794
Test_141,0.06737243446542628,0.006455930557455449,0.011934146937980422,0.9142374880391378
Test_142,0.007434106137823989,0.4092511542774279,0.04615969799878242,0.5371550415859657
Test_143,0.0028448148682639687,0.005917918170922573,0.0017276856023188236,0.9895095813584945
Test_144,0.7447645631930736,0.007837151514038439,0.03256439955460547,0.2148338857382826
Test_145,0.11222645004089181,0.07571407657748186,0.036991959589825166,0.7750675137918012
Test_146,0.03900845376342475,0.005346455047518622,0.9487297856773559,0.006915305511700722
Test_147,0.00028890017092866817,0.0449069801799115,0.9422587657846929,0.01254535386446697
Test_148,0.8564840488260428,0.021638701008903468,0.07304917704959561,0.04882807311545824
Test_149,0.12253600926055166,0.03904560216503922,0.7160857834239811,0.12233260515042799
Test_150,0.052507055137774886,0.1460603446574421,0.6050822091712162,0.19635039103356666
Test_151,0.0009758800776390438,0.001683664105402247,0.9968455328308763,0.0004949229860826066
Test_152,0.0007205894219730849,0.01962191814801041,0.96380336662227,0.01585412580774645
Test_153,0.22704444678642047,0.02150519802781831,0.0243606506652883,0.7270897045204728
Test_154,0.011051700252304097,0.061693952656028735,0.8225394210963134,0.10471492599535377
Test_155,0.009990175162456804,0.041128037814992996,0.9068575152933425,0.042024271729207856
Test_156,0.0421362987386059,0.04715879680955111,0.04090293816988869,0.8698019662819543
Test_157,0.04281963577284375,0.05750041160857735,0.5596967861806688,0.33998316643791016
Test_158,0.006023969070926746,0.011627593646222251,0.007711002977569091,0.9746374343052818
Test_159,0.12344423277467152,0.02078243960302979,0.6441459816568642,0.2116273459654345
Test_160,0.8504956549590363,0.024339254455090588,0.11301355719772721,0.012151533388145846
Test_161,0.026054755450956837,0.12342595904405082,0.7549787020329095,0.09554058347208294
Test_162,0.01926981911721637,0.010317898488573648,0.9593411989323016,0.011071083461908219
Test_163,0.012173672524582057,0.4205444937996009,0.48783616466005103,0.07944566901576594
Test_164,0.4933220607726009,0.11553611765979073,0.03626288219619906,0.3548789393714092
Test_165,0.012655728424548984,0.2840358588299882,0.07133584970589273,0.6319725630395701
Test_166,0.3150474797589194,0.013970826080622884,0.609682376493769,0.061299317666688606
Test_167,0.0011753950892521637,0.00211394634924542,0.9939533552726126,0.002757303288889715
Test_168,0.00200968850759025,0.03676869291280396,0.9123305098393949,0.04889110874021073
Test_169,0.13576407929391607,0.05295629053881964,0.5405875283397218,0.2706921018275425
Test_170,0.6341672813902788,0.0763399408501754,0.17664198647742366,0.1128507912821223
Test_171,0.011267353187276726,0.028760659519536862,0.9332932845589469,0.026678702734239668
Test_172,0.006459414994023487,0.2745119360872759,0.6771129661845617,0.041915682734138836
Test_173,0.014095871105968395,0.016374642181412914,0.9671484276835076,0.0023810590291109407
Test_174,0.4620188435307604,0.03435136907796143,0.025832335245075548,0.4777974521462026
Test_175,0.5178639163778982,0.06231002975827308,0.17290888094709103,0.2469171729167377
Test_176,0.0011902777832617872,0.02980491455895629,0.9677006134525364,0.001304194205245457
Test_177,0.04530395170681132,0.0033880846216540177,0.004588045382497201,0.9467199182890376
Test_178,0.008004310907389522,0.003969242855813277,0.0011353456108940216,0.9868911006259031
Test_179,0.0025043770490111614,0.06287535301074748,0.9253386204338893,0.009281649506352303
Test_180,0.05025996610016771,0.36751991593491323,0.33124711739093976,0.25097300057397937
Test_181,0.2253566517630637,0.025466397002693125,0.011093357475231514,0.7380835937590117
Test_182,0.02966492285555926,0.0839119800722038,0.7716224327370645,0.11480066433517233
Test_183,0.6162361240612448,0.03566352050735311,0.23773208263543394,0.11036827279596821
Test_184,0.10524911308502756,0.05313020269567672,0.40545610711190094,0.43616457710739465
Test_185,0.47237669182551784,0.2504364134782572,0.054739110073783466,0.2224477846224415
Test_186,0.37359492727585397,0.11025321857606787,0.1684583178858256,0.3476935362622526
Test_187,0.006121015942631643,0.028233570752979525,0.9632450906096196,0.0024003226947692234
Test_188,0.1609885148882722,0.008516861480515035,0.812752402741333,0.0177422208898798
Test_189,0.5748785926397915,0.06945539099906406,0.08511243394442171,0.2705535824167228
Test_190,0.10999357727561612,0.21447042270502645,0.3386593608531189,0.3368766391662386
Test_191,0.02873498621009923,0.017845304386207357,0.8312691573226585,0.12215055208103484
Test_192,0.8584600335374678,0.023082176005770144,0.05501223281531858,0.06344555764144358
Test_193,0.023292911371326504,0.02177462178625223,0.9479292672827502,0.007003199559671096
Test_194,0.000815186981610985,0.1504211249742834,0.8470450018634254,0.001718686180680244
Test_195,0.5374957027045832,0.29711333448081156,0.10830322704734877,0.05708773576725637
Test_196,0.06946452922340265,0.12642955760725963,0.04554873683609257,0.7585571763332453
Test_197,0.0001637250217095477,0.09702649371208145,0.8891739848075456,0.013635796458663295
Test_198,0.06740932258025888,0.09427446465602816,0.009394728235089937,0.828921484528623
Test_199,0.2200937027571091,0.023272258835218253,0.2093147072140677,0.547319331193605
Test_200,0.0014147891608510045,0.007220715711441621,0.9874602519505261,0.003904243177181335
Test_201,0.08461989774935502,0.02276517975206495,0.0653676676622182,0.8272472548363619
Test_202,0.0026275524676124856,0.04683094816512694,0.7827172523254228,0.16782424704183785
Test_203,0.00746953306070169,0.3312955324060075,0.5777941773329252,0.08344075720036571
Test_204,0.18012412250499688,0.030127426874600665,0.13415643270908728,0.6555920179113152
Test_205,0.3007482933293674,0.007787705643747748,0.03496998329165275,0.6564940177352321
Test_206,0.00991489139884235,0.012839295297182229,0.0023829433579353435,0.9748628699460401
Test_207,0.0001381160647947625,0.0035743200088503477,0.9283672476514275,0.06792031627492752
Test_208,0.6962879034396322,0.04052154974562552,0.12476133079809422,0.13842921601664807
Test_209,0.0009394610515663101,0.15506298985772943,0.6878749530482365,0.1561225960424677
Test_210,0.057307021635030854,0.10748170748404998,0.25655350221037415,0.5786577686705451
Test_211,0.08014977239406146,0.36918147990889283,0.10125623335242834,0.4494125143446174
Test_212,0.006678267940645617,0.007164130667813241,0.9841015175144718,0.002056083877069303
Test_213,0.0010838532636993838,0.36051129969956913,0.02433858078872049,0.614066266248011
Test_214,8.867275488586636e-06,0.0006417926948135607,0.9966332270828945,0.002716112946803412
Test_215,0.5862421447212888,0.15217619415589667,0.058928853726718036,0.20265280739609642
Test_216,0.9285685722220538,0.011915436542692741,0.04459859088967122,0.014917400345582242
Test_217,0.19799414491811543,0.027006178094897835,0.12053516670126438,0.6544645102857224
Test_218,0.7484848774770179,0.08156534447726199,0.018775112506664787,0.15117466553905531
Test_219,0.33938682674136766,0.008105885659748206,0.6439596969827784,0.008547590616105698
Test_220,0.005100009690241143,0.12496473130142707,0.027409415488141287,0.8425258435201906
Test_221,0.7649732426903264,0.045421790418915295,0.15297411127176264,0.03663085561899566
Test_222,0.004415689201847213,0.005716614757315884,0.9750867492131521,0.014780946827684712
Test_223,0.0025957742141151717,0.10530451836014769,0.856977444744132,0.035122262681605114
Test_224,0.962490104540715,0.002708770732295684,0.016023588551724047,0.018777536175265078
Test_225,0.9562022473280283,0.015768082346911433,0.023382625293884768,0.0046470450311757085
Test_226,0.0003104785732391201,0.3411635003147205,0.6522601471486476,0.006265873963392914
Test_227,0.02154833356690993,0.012809076306438159,0.015890392362062942,0.949752197764589
Test_228,0.24000064376921598,0.005308404744786919,0.7375770700599068,0.017113881426090265
Test_229,0.00045400912536023777,0.08452798143364443,0.9082873436841024,0.0067306657568930554
Test_230,0.14639406511403985,0.02270544572975659,0.10297434236512709,0.7279261467910766
Test_231,0.0051952820903825025,0.005725297052486658,0.005330402733256202,0.9837490181238746
Test_232,0.1192192009472171,0.0202143212552259,0.8387905560234412,0.021775921774115695
Test_233,0.7178017527266285,0.017073647449756632,0.06314161995443598,0.201982979869179
Test_234,0.014934823298989201,0.007395624554726812,0.0015580602148630158,0.976111491931421
Test_235,0.015213498934961357,0.03388066719480104,0.01440566951689373,0.9365001643533439
Test_236,0.1239542118403901,0.20602485791009373,0.503902603690966,0.16611832655855016
Test_237,0.08546364827742149,0.021874541976936904,0.15549424694438635,0.7371675628012553
Test_238,0.011151572344740707,0.04040084786965372,0.9429248593857833,0.005522720399822213
Test_239,0.18439468874481804,0.07435633327515273,0.718506059155203,0.022742918824826087
Test_240,0.004072184603562876,0.4417722179267848,0.5359192749243175,0.018236322545334943
Test_241,0.0015697044565457523,0.07404096724766224,0.6045937742509739,0.31979555404481813
Test_242,0.3867961434284136,0.12220456392557606,0.04084069638220874,0.45015859626380156
Test_243,0.7671362413383666,0.01592379345047232,0.17625830806501092,0.040681657146150206
Test_244,0.26112403642441556,0.15694050802427986,0.09395530489766647,0.4879801506536381
Test_245,0.01171745062811496,0.7852920971170476,0.09220805502727845,0.110782397227559
Test_246,0.05553729158757694,0.1116757645039032,0.03357748845750554,0.7992094554510144
Test_247,0.0009752860633110189,0.009102489379964888,0.005981691543504861,0.9839405330132192
Test_248,0.21511372732552217,0.2502199388432275,0.049127512211502945,0.48553882161974743
Test_249,0.07640892607160778,0.07055789770909997,0.2406359333729316,0.6123972428463605
Test_250,0.9623033783528443,0.004475124443845432,0.014582472960131576,0.01863902424317858
Test_251,0.4263952602116926,0.04325950568713898,0.04029991200288062,0.49004532209828766
Test_252,0.004768587175679299,0.06646451117576568,0.846250180395635,0.08251672125292002
Test_253,0.0020527675637329575,0.7165272419443157,0.01837843591658047,0.2630415545753709
Test_254,0.07366191037016177,0.05256200256476517,0.009851673523783114,0.8639244135412899
Test_255,0.17212266896040945,0.012781654542425747,0.07752894610058762,0.737566730396577
Test_256,0.0005740494426426047,0.07501789243922363,0.024869446999674128,0.8995386111184597
Test_257,0.000274887373751214,0.008845168116349186,0.9905994043314349,0.000280540178464625
Test_258,0.006764074098351392,0.351896120845732,0.3193537606860224,0.3219860443698942
Test_259,0.24542055639217097,0.03250243473799799,0.6536862126990395,0.06839079617079144
Test_260,0.1954208642852545,0.024298256078966348,0.10374185583448195,0.6765390238012973
Test_261,6.424141064678936e-05,0.007456550726456218,0.9908296865061712,0.0016495213567259527
Test_262,0.11005589266811278,0.24221575208944224,0.5308302004744083,0.11689815476803668
Test_263,0.6179568817400959,0.015018853687622858,0.05222204904117494,0.31480221553110627
Test_264,0.7691903966404406,0.01621943956309783,0.07157496366247727,0.14301520013398422
Test_265,0.052812649398534355,0.21163036228879387,0.6965953011862067,0.038961687126465035
Test_266,0.005897260094147957,0.004888404533681849,0.002118302292817887,0.9870960330793523
Test_267,0.8244987796231574,0.004234947695000873,0.15630248082237178,0.014963791859469899
Test_268,0.002391302502060043,0.45430364232111264,0.5197781989491187,0.023526856227708576
Test_269,0.5900583065264808,0.02822976389871917,0.07338502394841849,0.3083269056263815
Test_270,0.03293040662284632,0.01137125592015923,0.02424158392589095,0.9314567535311035
Test_271,0.07992165494898973,0.0813463845578507,0.10159811691475303,0.7371338435784065
Test_272,0.004346572414857283,0.26192072436565716,0.6865361721820558,0.04719653103742964
Test_273,0.40758239379185907,0.1081460755003561,0.08189290303915492,0.40237862766863
Test_274,0.011087725392457226,0.0029372169184604417,0.9844645416557087,0.0015105160333733604
Test_275,0.008347165413823862,0.03930134662497836,0.9177614350604245,0.03459005290077328
Test_276,0.002939253464620304,0.14324692220218113,0.14156757557014552,0.712246248763053
Test_277,0.24247107834461326,0.0991288814348532,0.06780920357519976,0.5905908366453338
Test_278,0.0015375115314441008,0.15585261388876898,0.04857833158365669,0.7940315429961302
Test_279,0.004423889224068813,0.011447390249523869,0.9776333535060453,0.0064953670203619735
Test_280,0.00650748199048235,0.019182522689665516,0.003851468678482656,0.9704585266413696
Test_281,0.15311920641221233,0.0438119051280457,0.03890586198566943,0.7641630264740725
Test_282,0.004253771327203928,0.7674429997020615,0.036653963055846436,0.19164926591488807
Test_283,0.028041164605859526,0.16650361543793143,0.6814039904545041,0.12405122950170504
Test_284,0.008877403521946828,0.08456095919347835,0.8712432060499954,0.03531843123457929
Test_285,0.3036916159315075,0.05725981197593333,0.09806284167281301,0.5409857304197462
Test_286,0.6787305704585181,0.0017451550332748037,0.007114716328403169,0.31240955817980376
Test_287,0.39302075403148307,0.01837316328891417,0.15980898824817993,0.42879709443142283
Test_288,0.0020197480370360145,0.006718649555116104,0.0005732365451599006,0.9906883658626879
Test_289,0.009674664994069422,0.005711892341881921,0.00038214706745014025,0.9842312955965985
Test_290,0.02101983325411805,0.036702428951389254,0.9181477224269843,0.02413001536750839
Test_291,0.3988026592068156,0.03885106491273479,0.48199735338452887,0.0803489224959207
Test_292,0.9154781810485877,0.0027592900625642612,0.03856256026206342,0.04319996862678463
Test_293,0.0259755060544049,0.07469847403864058,0.8629311867828202,0.03639483312413417
Test_294,0.0013181414593879854,0.05829988313742009,0.9227956145843488,0.017586360818843003
Test_295,0.021086106342435407,0.07963602903462524,0.8720064420579946,0.027271422564944775
Test_296,0.7049052360960237,0.022748356170072124,0.16066625996310172,0.1116801477708025
Test_297,0.015175372635413385,0.04759493141330419,0.04179832291677681,0.8954313730345055
Test_298,0.0012928378261296894,0.043328370263438325,0.7752645744599976,0.18011421745043443
Test_299,0.008956508883364928,0.08601143322036199,0.03948650988234985,0.8655455480139231
Test_300,0.920166010850068,0.0018214811644553235,0.026139818173097823,0.051872689812379094
Test_301,0.7238916814530947,0.00857719677436294,0.21285596394638065,0.05467515782616169
Test_302,0.012649477811533262,0.536435332940532,0.08576481902825822,0.36515037021967645
Test_303,0.5374217572616375,0.037331125677482604,0.12270523165500072,0.3025418854058792
Test_304,0.8613132140317236,0.05822674303741529,0.02810599212721174,0.052354050803649514
Test_305,0.9629977396969612,0.007839677715383804,0.006269204478477323,0.022893378109177777
Test_306,0.08606529244901844,0.036451470651832386,0.20924480901429904,0.6682384278848501
Test_307,0.45269292582381015,0.05454135079050385,0.42712967636395743,0.06563604702172844
Test_308,0.04252126284461815,0.12224812082956776,0.3138882479656008,0.5213423683602134
Test_309,0.0014632615193908417,0.04162203314155617,0.7349790897761652,0.22193561556288774
Test_310,0.006693034746108839,0.249439125096811,0.5708565974640768,0.17301124269300336
Test_311,0.0028674791078613588,0.4399154728849089,0.46822390844031603,0.08899313956691386
Test_312,0.002129911888681898,0.0011867839897589517,0.001483647024080243,0.9951996570974788
Test_313,0.0005734201930155968,0.009770450204759666,0.0014138843713688556,0.9882422452308559
Test_314,0.007991167395389501,0.05846947578651321,0.004666232736454646,0.9288731240816427
Test_315,0.0024880607358204977,0.0024227412526818823,0.0005264083527260847,0.9945627896587715
Test_316,0.8661964136726797,0.012509149476675537,0.10510450346707904,0.0161899333835656
Test_317,0.011835668423018631,0.00871952399045852,0.9639724084966104,0.01547239908991234
Test_318,0.56317417430478,0.11451038333690507,0.05472952575290463,0.2675859166054103
Test_319,0.0005588809803375092,0.051627393134667736,0.9368522572212841,0.010961468663710585
Test_320,0.15323710138424515,0.1126350832496204,0.6753511978736179,0.058776617492516545
Test_321,0.6904918141604975,0.10593955817482578,0.09433361350756352,0.10923501415711306
Test_322,0.2563853667441067,0.12235946333606804,0.514605902169875,0.10664926774995019
Test_323,0.05344093250625735,0.17733894817754187,0.720357010227222,0.048863109088978854
Test_324,0.0004463786922389821,0.02219771731490438,0.9771583456659614,0.00019755832689526094
Test_325,0.022498427233906174,0.059721024122682334,0.004064780755775479,0.913715767887636
Test_326,0.0001273669373293968,0.0012323754397747934,0.9961804496256447,0.002459807997251089
Test_327,0.016986249955859435,0.007849374084205066,0.005248316480310354,0.9699160594796251
Test_328,0.00012043391312283236,0.002858363969353891,0.99622016207387,0.0008010400436531456
Test_329,0.013996379534705105,0.0571729163815325,0.9264673093000267,0.0023633947837355396
Test_330,0.0038434018516074896,0.12535240371093195,0.8624835358600274,0.0083206585774332
Test_331,0.19938144397343402,0.34233791372440336,0.09034579582920171,0.3679348464729609
Test_332,0.930834038638042,0.010612367570670593,0.02837565407501222,0.03017793971627506
Test_333,0.015108508116601204,0.2583735254343378,0.6797589918376584,0.04675897461140269
Test_334,0.002681226717630456,0.013839822283969475,0.9827425517315662,0.0007363992668336808
Test_335,0.6573412223056795,0.05268577692562223,0.24997554320517848,0.03999745756351968
Test_336,0.25519783488740344,0.02437346451847658,0.55136844240476,0.16906025818935988
Test_337,0.9125278208125371,0.036774429734166794,0.023126895229542744,0.027570854223753386
Test_338,0.9061173377856535,0.0016757324359574811,0.035366020710252494,0.05684090906813668
Test_339,0.22390284513175687,0.30515097399533814,0.43658899400166207,0.03435718687124285
Test_340,0.3590734651029543,0.05446618664149949,0.2041393736619492,0.38232097459359704
Test_341,0.6181059171120489,0.14964241702695263,0.02938039523012404,0.20287127063087437
Test_342,0.9452654332644991,0.0038366095629225033,0.04946688705110835,0.0014310701214700996
Test_343,0.06096799456590413,0.01376024308831988,0.023874536090287366,0.9013972262554887
Test_344,0.00014631189659842882,0.008464204212851873,0.9913379894436107,5.149444693894685e-05
Test_345,2.0217089762178098e-05,0.013441516360517011,0.9851932711007974,0.0013449954489234144
Test_346,0.0002944344337497305,0.004367056977581188,0.9917143002375068,0.003624208351162222
Test_347,0.0007596230109570935,0.004136351486879495,0.9860876962066146,0.00901632929554871
Test_348,0.006148526349106492,0.0019463911154995346,0.004759694140370467,0.9871453883950235
Test_349,0.06236653735429061,0.3742669353698827,0.10051581536050669,0.46285071191532
Test_350,0.017691959056877836,0.03287344123010877,0.0534565103129481,0.8959780894000653
Test_351,0.0020594156068563033,0.008033378280305469,0.9839519542857923,0.0059552518270459915
Test_352,0.05842683726631243,0.037146543500413964,0.040909289157684194,0.8635173300755893
Test_353,0.2697807819863349,0.06072825861596656,0.06047553784453845,0.6090154215531599
Test_354,0.11067386850261157,0.11865361761037634,0.7662634731575405,0.004409040729471604
Test_355,0.8653441364751372,0.02374023519965221,0.003052875191384364,0.10786275313382622
Test_356,0.7100367593307771,0.08687476386985629,0.11061663491360904,0.09247184188575748
Test_357,0.8958242929929422,0.009936732943864005,0.08017679717967802,0.014062176883515742
Test_358,0.10530219875365625,0.22592652298429947,0.4790219847179489,0.18974929354409556
Test_359,0.042736678779124515,0.013923596729541035,0.048136525392927405,0.8952031990984071
Test_360,0.020667651971499064,0.018762299547961433,0.012502559486441127,0.9480674889940983
Test_361,0.8348064190211739,0.019952726726364046,0.022986453419571815,0.12225440083289012
Test_362,0.45809470339793334,0.002844974096691904,0.08857134783514434,0.45048897467023036
Test_363,0.0021663741291318983,0.10383644632937475,0.866836643042869,0.02716053649862437
Test_364,0.0030998321902783593,0.006520431347838454,0.9898955206687573,0.00048421579312587994
Test_365,0.08209250067328455,0.038938566430279244,0.8729347752366085,0.006034157659827806
Test_366,0.004403806077453444,0.054114465963892716,0.9125706896025619,0.028911038356091826
Test_367,0.07105959799481346,0.020937573502523888,0.03907800096667999,0.8689248275359827
Test_368,0.7004882690978049,0.009303661592174021,0.2214572163056778,0.0687508530043432
Test_369,0.0008733719623119742,0.006489010764622779,0.0007600104200963735,0.991877606852969
Test_370,0.04455255655788755,0.011061559302026031,0.9173706456533134,0.02701523848677312
Test_371,0.00038810412047199166,0.01308453567518156,0.9860156408764431,0.0005117193279033231
Test_372,0.005599011879218661,0.005000580652108483,0.01529649090578134,0.9741039165628914
Test_373,0.028458124602818113,0.04360095951280101,0.917866172937627,0.01007474294675393
Test_374,0.013673245788922797,0.011509824832588379,0.9600471973762374,0.014769732002251509
Test_375,0.010015480882316402,0.008951448404428415,0.000632904099839426,0.9804001666134157
Test_376,0.9330457584767792,0.017099471362536138,0.018066909466743067,0.031787860693941544
Test_377,0.2009920763883546,0.0780846952238466,0.41783612779583656,0.30308710059196226
Test_378,0.00932409003853765,0.02517177320929026,0.9574893001441779,0.008014836607994307
Test_379,0.02085227779490746,0.43881823366622175,0.2564940988660028,0.283835389672868
Test_380,0.13824018204852295,0.06777293861824951,0.07512577549668951,0.718861103836538
Test_381,0.3347939772116322,0.22092621615265365,0.025144081346130446,0.4191357252895838
Test_382,0.21714620014585778,0.06387584211788498,0.01328837477240097,0.7056895829638563
Test_383,0.7994238363555816,0.034557323652273174,0.03903273453948535,0.12698610545265984
Test_384,0.1517641971383099,0.017156757173024575,0.7983218993531318,0.03275714633553384
Test_385,0.22985477596446782,0.04430650529028058,0.042148690835714764,0.6836900279095368
Test_386,0.007261170258957562,0.2555109512133064,0.6080752281240529,0.12915265040368318
Test_387,0.11539556420608606,0.017677445656696458,0.02314491567434612,0.8437820744628713
Test_388,0.5666381893915274,0.03808767671301379,0.02737750995169177,0.367896623943767
Test_389,0.937436836957599,0.003994264995195072,0.047902076848716175,0.010666821198489796
Test_390,0.5297524940065685,0.011614966591009017,0.022482369205489062,0.43615017019693336
Test_391,7.999746455264687e-05,0.061707196543662295,0.9333873814353635,0.004825424556421618
Test_392,0.011705835691347645,0.03047757698492489,0.7369401718428532,0.22087641548087422
Test_393,0.07192094134528955,0.010915132580409288,0.001092776652431181,0.9160711494218701
Test_394,0.6970455415154778,0.0008186838167441598,0.008734925323006789,0.29340084934477134
Test_395,0.0088503663746668,0.5413484308548241,0.4317770145842696,0.018024188186239437
Test_396,0.00774385789609101,0.010244110494416286,0.017962220189650723,0.964049811419842
Test_397,0.10425169712209953,0.03929405174925285,0.16410645145321695,0.6923477996754307
Test_398,0.0015093967928673858,0.24949731156371566,0.7202191908168895,0.028774100826527562
Test_399,0.6799612614024401,0.017620221318748002,0.0077857633025751665,0.2946327539762368
Test_400,0.0008185109032856282,0.014523172569399646,0.9826313934304857,0.0020269230968291093
Test_401,0.0018137324854618437,0.0460126205944509,0.9450350164260759,0.007138630494011349
Test_402,0.03802339130170338,0.0052609614332168285,0.01026278960495382,0.9464528576601259
Test_403,0.0564498003347569,0.039490644793629834,0.901216686643997,0.002842868227616053
Test_404,0.1822010002783785,0.05488270790640317,0.11978634656504424,0.6431299452501741
Test_405,0.0008599519499189917,0.0016942083119985067,0.00038441062257527845,0.9970614291155071
Test_406,0.0005565812775061552,0.00692345968224148,0.002001903304971599,0.9905180557352807
Test_407,6.041986676347149e-05,0.0011901816211674794,0.0002941234087652873,0.9984552751033039
Test_408,0.023147602882278188,0.04619494338918506,0.01874724895219192,0.9119102047763449
Test_409,0.00790142488947746,0.1224639221862638,0.4842653452138016,0.3853693077104571
Test_410,0.03749301568278638,0.0180347845604529,0.005698391179142727,0.938773808577618
Test_411,0.9915522025411919,0.0019752189388052956,0.0025697857387404497,0.0039027927812625434
Test_412,0.021656509112855316,0.28731082410748227,0.6290804975776306,0.06195216920203185
Test_413,0.9869597443942826,0.0023023984063698533,0.00819224377802593,0.0025456134213215262
Test_414,0.009083547175082841,0.010177036573701139,0.9728009932709109,0.007938422980305084
Test_415,0.11053241414935441,0.170275870558447,0.6676325859501809,0.05155912934201767
Test_416,0.03765808220055507,0.021750989545751543,0.05960651414988255,0.8809844141038109
Test_417,0.008236899966849218,0.028371211650865542,0.9493226496671884,0.014069238715096891
Test_418,0.9623409662525572,0.006871588664475288,0.01759590236620659,0.013191542716760886
Test_419,0.9627808408874264,0.00137580103220875,0.0330158212731625,0.0028275368072023482
Test_420,0.0014890069806172016,0.026944436754094497,0.9670745109027227,0.004492045362565654
Test_421,0.004720032675775152,0.013854699974878528,0.015184730171501825,0.9662405371778444
Test_422,0.3473746017828502,0.041403127184892786,0.15749384846050424,0.45372842257175283
Test_423,0.003090761658739734,0.2439333590563972,0.7043215847998259,0.04865429448503714
Test_424,0.002015346894912005,0.2828924839201761,0.7009750230757803,0.014117146109131664
Test_425,0.2233060372932151,0.04339999000584007,0.09595980663037879,0.637334166070566
Test_426,0.6660485634922177,0.022700952440112377,0.13794471165565414,0.17330577241201578
Test_427,0.005982715872388956,0.006983497863814583,0.0017108778395035012,0.9853229084242928
Test_428,0.0029284857058878345,0.015658930195791374,0.012889396569390333,0.9685231875289305
Test_429,0.00033440457010881,0.018437750667579342,0.980730089133501,0.0004977556288109006
Test_430,0.06291725918456446,0.12336326576199982,0.8128253126379134,0.0008941624155223266
Test_431,0.9283649555250605,0.003925766082161982,0.0264796440175606,0.041229634375216845
Test_432,0.12523988724480098,0.18936781411848494,0.03004030714441569,0.6553519914922985
Test_433,0.00246239894203384,0.0011276180874517413,0.009465357422349923,0.9869446255481644
Test_434,0.004035362516844593,0.09976157195873792,0.03584880847160205,0.8603542570528154
Test_435,0.8701042908957553,0.010367892078768785,0.028164612007374974,0.09136320501810097
Test_436,0.1004417048208546,0.15651140277381345,0.28248424419625756,0.46056264820907433
Test_437,0.0027596761200683194,0.008900300118420062,0.9852314267751893,0.0031085969863222924
Test_438,7.795777547609686e-05,0.6712743711872281,0.2887790242504588,0.03986864678683698
Test_439,0.11210684739460766,0.26348147511760767,0.6022282173044972,0.02218346018328754
Test_440,0.0007531149649738717,0.01714369081133047,0.9817372473857753,0.00036594683792037563
Test_441,0.7299363940145209,0.022812388232004103,0.07628062696194615,0.1709705907915289
Test_442,0.25661549896014146,0.007947346237113889,0.6735650187119365,0.06187213609080812
Test_443,0.004680287910232248,0.5326141545359594,0.015214344601135127,0.44749121295267325
Test_444,0.7928420876286834,0.006950809622281568,0.10365695804915234,0.09655014469988277
Test_445,0.0027282607387678214,0.01335172867209574,0.9120500242690669,0.07186998632006956
Test_446,0.047927846842067405,0.0817646326635455,0.7774173401899358,0.09289018030445118
Test_447,0.09312730294963072,0.017740791919533414,0.8598777170071805,0.029254188123655434
