image_id,healthy,multiple_diseases,rust,scab
Test_0,0.0032709691316697527,0.21314071137439283,0.6720663197654541,0.11152199972848337
Test_1,0.0003279385514407787,0.1846828697673345,0.8074473587442907,0.007541832936934102
Test_2,0.01674940498793708,0.0036681487709646094,0.001240044649413118,0.9783424015916853
Test_3,0.9032900199620071,0.0016359912718770574,0.03253132060600424,0.0625426681601117
Test_4,0.0009223329750971169,0.011539000623459517,0.9870872496304848,0.00045141677095857064
Test_5,0.9733919022038686,0.0047525699570745055,0.01766549061341546,0.004190037225641303
Test_6,0.6721149904131637,0.015039751690643314,0.06555026914756638,0.2472949887486265
Test_7,0.008890995266431737,0.004846107514484461,0.0014790111297270478,0.9847838860893567
Test_8,0.10203475852621692,0.09073872523947528,0.1389373985763098,0.668289117657998
Test_9,0.14388199702849197,0.036976671628514694,0.8097268587495212,0.00941447259347228
Test_10,8.772439655216355e-05,0.013151971592007325,0.9864968082151868,0.00026349579625370087
Test_11,0.49993762709627804,0.010273335247188698,0.4862614345840782,0.003527603072454976
Test_12,0.14836477433394188,0.02685763062255118,0.00120685334748263,0.8235707416960245
Test_13,0.8987511127904552,0.0045330113943845875,0.0907735028154502,0.0059423729997103636
Test_14,4.9650845419107144e-05,0.0045156237857779,0.9952908463656656,0.00014387900313759784
Test_15,0.020842207283856672,0.012404477013396578,0.964601740714264,0.0021515749884823167
Test_16,0.9331623285216033,0.002777851020418567,0.015185874015262757,0.04887394644271548
Test_17,0.03709120654622065,0.05233463783422617,0.0222544867697153,0.8883196688498377
Test_18,0.13105299551896704,0.006406334059843415,0.0013800695383364067,0.8611606008828533
Test_19,0.0058743625918472216,0.0391893794084296,0.9402531374784493,0.014683120521273733
Test_20,0.06402599347029231,0.010435846929518714,0.014782980269567567,0.9107551793306213
Test_21,0.8243465641904535,0.003014245523773806,0.02407270834527891,0.1485664819404937
Test_22,0.0007751466488841431,0.047353334039260286,0.9492469891017332,0.0026245302101223587
Test_23,0.0008724347999872174,0.0024090656719817343,0.0004940249195475266,0.9962244746084833
Test_24,0.6746324346130405,0.02644771039425553,0.033659691091359856,0.2652601639013443
Test_25,0.02256273499637887,0.0013927964129170983,0.0008276471660150995,0.9752168214246889
Test_26,0.032959003515063603,0.008076496062060961,0.006266966568189357,0.9526975338546859
Test_27,0.012665214789120983,0.05859602882376,0.9067501928508979,0.021988563536221264
Test_28,0.9980296115638223,0.00030124769051270917,0.0005803540029114722,0.0010887867427535663
Test_29,0.09104601461983913,0.11894073013838603,0.32298168058830423,0.46703157465347034
Test_30,0.6721195840180606,0.011908541070981427,0.018405568721303042,0.297566306189655
Test_31,0.004700924740998476,0.17390193204727003,0.7947993807332304,0.026597762478500965
Test_32,0.7602653024315146,0.013529160771466433,0.11327085197751909,0.11293468481950027
Test_33,0.09998181659776484,0.015712948773284642,0.01678305616097266,0.8675221784679779
Test_34,0.3303059761285239,0.019643327962123612,0.09563576753201283,0.5544149283773394
Test_35,0.02346678727956127,0.009967320073265491,0.004744535814558302,0.9618213568326152
Test_36,1.8568860319954886e-05,0.005927981062312947,0.9939864291434598,6.7020933906934e-05
Test_37,0.03550091003415528,0.006774725651156846,0.000787543305854116,0.9569368210088337
Test_38,0.0010311960236345833,0.005905356021323105,0.0010251988799439033,0.9920382490750984
Test_39,0.035433081987978544,0.013056800421370814,0.8906734282962403,0.06083668929441015
Test_40,0.00020204833341629747,0.025376782237365753,0.9741566110592362,0.0002645583699818609
Test_41,0.0006642844117993512,0.03641716941086679,0.9624053017931586,0.000513244384175231
Test_42,0.003589634112429808,0.011994594630312548,0.0025544169885136215,0.9818613542687439
Test_43,0.9479782614384923,0.002142462256892803,0.043370824078121706,0.006508452226493101
Test_44,0.04821532993761407,0.27337298997316534,0.027859439719181246,0.6505522403700392
Test_45,0.42218927858140165,0.23413301787289423,0.060462455225213,0.2832152483204908
Test_46,0.3587066642329132,0.07802384886251844,0.025575888372147304,0.537693598532421
Test_47,0.0011691542811601906,0.010615123771757589,0.987581886035874,0.0006338359112079536
Test_48,0.052839839181136355,0.057177662887155596,0.7972787465926184,0.09270375133908947
Test_49,0.05649274190154816,0.011854403454785738,0.9012240594232447,0.03042879522042138
Test_50,0.0004422844573470558,0.03847798088517612,0.960835766332426,0.00024396832505087546
Test_51,0.0017924783172617636,0.14934229933150625,0.8423495153596221,0.006515706991609802
Test_52,0.0011567139972803824,0.09134135506432953,0.9018279776706171,0.005673953267772931
Test_53,0.07023973918118968,0.01165818600273026,0.9067978410712031,0.011304233744876768
Test_54,0.0004534701634514096,0.5588534705329853,0.43433820659357797,0.006354852709984903
Test_55,0.00766547140163577,0.013435726823401594,0.9559394233430404,0.02295937843192174
Test_56,0.0038345814662881453,0.7184403318221122,0.16231925973906267,0.11540582697253705
Test_57,0.7650075293423011,0.007980367679241025,0.08890782085062268,0.13810428212783543
Test_58,1.4556095745158393e-06,1.080849501384958e-06,7.967574788008582e-07,0.9999966667834452
Test_59,0.02938759078677628,0.06823515042845561,0.872310671178304,0.030066587606464266
Test_60,0.0009575791376333567,0.32721314494742015,0.022498430449825264,0.649330845465121
Test_61,0.8463557186683788,0.030459852007767785,0.08744165297243643,0.03574277635141718
Test_62,0.7507873973206721,0.009042515331467325,0.18172513618075292,0.058444951167107774
Test_63,0.014549744339362942,0.07135591090208485,0.055477617946825555,0.8586167268117265
Test_64,0.9097267048476112,0.00969136936072847,0.0484195268973806,0.03216239889427993
Test_65,0.0045844695725026805,0.1332784121823597,0.8310935122638451,0.031043605981292677
Test_66,0.7929981532167484,0.03527188942511854,0.1320226685285364,0.03970728882959669
Test_67,0.09785349071693,0.07365897195618064,0.5517011385794454,0.2767863987474441
Test_68,0.004001566839179203,0.2438834038019612,0.0387360739089113,0.7133789554499482
Test_69,0.000754528441445097,0.011739972296000439,0.9867922069194683,0.000713292343086069
Test_70,0.015392622173414274,0.036547195462855536,0.06250464622532151,0.8855555361384086
Test_71,0.005557009517987114,0.003613004004474302,0.9903837987764794,0.00044618770105917226
Test_72,0.11807088593746437,0.0067368336223523825,0.0016440631465535096,0.8735482172936297
Test_73,0.6775709520511094,0.002473570981505304,0.3192643513410425,0.0006911256263427932
Test_74,0.6672054737866141,0.024096513953401753,0.10726518533811727,0.2014328269218673
Test_75,0.03798242817617107,0.036486071645682454,0.3337346490235509,0.5917968511545956
Test_76,0.9659709497802503,0.00046901750124048663,0.0063170058080087195,0.02724302691050064
Test_77,0.028593910329060994,0.01642835822780086,0.9472751219755985,0.007702609467539607
Test_78,0.014864925479261354,0.3058582588113306,0.11443630005077697,0.5648405156586312
Test_79,0.540540472128057,0.017446783260945908,0.08913100930444015,0.35288173530655687
Test_80,0.012246001728415144,0.41850344119096705,0.2851581376232031,0.28409241945741487
Test_81,1.466141718597484e-05,0.11810968731878417,0.8818189708979831,5.6680366046593745e-05
Test_82,0.017715484781323333,0.11581552189323395,0.811496034035908,0.05497295928953488
Test_83,5.094808410950226e-05,0.1689265870928856,0.8296260837326721,0.001396381090332917
Test_84,0.042860975847571,0.008044788932617246,0.006220788505204391,0.9428734467146069
Test_85,0.6883789517936867,0.010944513470529717,0.12332139929760676,0.17735513543817655
Test_86,0.12998727752887224,0.194126366423623,0.5384274017246317,0.13745895432287344
Test_87,0.7239349758882274,0.013253124505707559,0.052083341256883575,0.21072855834918133
Test_88,0.20961813752851868,0.04866151292730486,0.17233135127938254,0.569388998264794
Test_89,0.5297574841104319,0.023404718191880804,0.44029911136613603,0.006538686331551139
Test_90,0.0014767253326109678,0.015574650506914143,0.982390445602892,0.000558178557582428
Test_91,0.12313747583101918,0.018088608991659812,0.7740966554591421,0.08467725971817883
Test_92,0.9917793044556411,0.0001864375678979081,0.0030656085211221095,0.004968649455338749
Test_93,5.578901489345023e-05,0.052852223078907315,0.9470377138629993,5.4274043200259555e-05
Test_94,0.00029356147616674434,0.001162844291156846,0.0002143035472768807,0.9983292906853996
Test_95,0.23909662123606398,0.05920892547350157,0.6489009885810202,0.052793464709414414
Test_96,0.19600823980517595,0.017818381301686562,0.0402715849758164,0.7459017939173211
Test_97,0.6882490252688612,0.04303820446505008,0.08540930306738066,0.18330346719870777
Test_98,0.0408336036613544,0.04492263803240403,0.010493938526902016,0.9037498197793393
Test_99,0.25255014895113076,0.14233014500021351,0.5176057357016992,0.08751397034695658
Test_100,0.006501581463172468,0.10732563302583024,0.0043189368972455615,0.8818538486137517
Test_101,0.915394398156328,0.007124156012684725,0.04899811424993251,0.028483331581054736
Test_102,0.004633979208296013,0.006894093681747094,0.0019747614594586736,0.9864971656504983
Test_103,0.2023971028461002,0.027735144324845067,0.7462845118527863,0.02358324097626843
Test_104,0.014847183152349864,0.0210485500645104,0.011857857639837398,0.9522464091433028
Test_105,0.13567419738503417,0.00679378219081989,0.020458829553470306,0.8370731908706756
Test_106,0.9228831810740966,0.0037573250541226115,0.04951497778779172,0.0238445160839894
Test_107,0.007941663343097758,0.048495346708941546,0.9332003960827019,0.01036259386525867
Test_108,0.00037797999167864385,0.0011837773717867732,0.0001480023197337484,0.9982902403168007
Test_109,0.07410711732368747,0.01918217480835903,0.06640336040039399,0.8403073474675593
Test_110,0.028751507644673487,0.0038607168710570036,0.0018045334999576372,0.9655832419843117
Test_111,0.5161068654428425,0.02008280322587796,0.10905790542804299,0.3547524259032365
Test_112,0.00506315940817622,0.11768095720444782,0.847139017016199,0.03011686637117708
Test_113,0.4491423496190891,0.03900651899188405,0.14203884282554405,0.3698122885634825
Test_114,0.011687896508622212,0.22466511507258813,0.729225680095518,0.0344213083232718
Test_115,0.002797193459603025,0.025898511323280242,0.9671371010002404,0.004167194216876246
Test_116,0.006995779635890158,0.03968383556885482,0.9514342079567515,0.0018861768385035628
Test_117,0.0001512147484011647,0.017911584965829765,0.979220197654383,0.002717002631386156
Test_118,0.018913186548936676,0.04892665387095981,0.9157447447354473,0.016415414844656227
Test_119,0.566190349620833,0.010016468096594412,0.41248477194773403,0.011308410334838492
Test_120,0.00011946670133359422,0.016770181588609184,0.9821915015440571,0.0009188501660002263
Test_121,0.006940146814602179,0.011816736992862693,0.9764231210460835,0.004819995146451513
Test_122,0.03313446748859846,0.062375769609174576,0.8628806220832065,0.041609140819020674
Test_123,0.0007816132913299628,0.11626573847453522,0.8811318737282954,0.0018207745058394567
Test_124,0.00010788939617188373,0.0046568675783841,0.00037125615038101486,0.9948639868750629
Test_125,0.23280345176847117,0.2014429746376187,0.18699972578546548,0.3787538478084445
Test_126,0.9607959765679273,0.001832192711731156,0.036693436474067524,0.000678394246273881
Test_127,0.8430155994843223,0.009580102173940059,0.005648614891938547,0.14175568344979933
Test_128,0.014396717906885138,0.18336345304653284,0.5503927103655646,0.2518471186810177
Test_129,0.3550097448437213,0.09041225030192784,0.37580279752098633,0.17877520733336472
Test_130,0.04469293797022832,0.008151816759309975,0.002910972228492631,0.9442442730419692
Test_131,0.0001736070054002781,0.0039480978555132265,0.0005007466659196519,0.995377548473167
Test_132,0.9940321551630356,0.0004025071161474135,0.003952730954218904,0.0016126067665980905
Test_133,0.0001228643354450153,0.0020308400982940156,8.327111260149379e-05,0.9977630244536597
Test_134,0.6222136966431381,0.024264848035955185,0.11762996579635206,0.23589148952455488
Test_135,0.04355772384692539,0.08440209185992911,0.09459787081785725,0.7774423134752881
Test_136,0.0002708604932779116,0.0019793035956291545,0.00043669436152594585,0.9973131415495671
Test_137,0.0005111474990461244,0.03680482987242848,0.9624700283347828,0.00021399429374270237
Test_138,7.592824898710937e-06,0.0032475905255884784,0.9966954325977908,4.938405172196694e-05
Test_139,0.9472211412351975,0.003028861446813126,0.04003491532631748,0.00971508199167169
Test_140,0.4734926560632973,0.027762418121618615,0.29160551878597457,0.20713940702910955
Test_141,0.044350527190554365,0.004406565249874488,0.005128595211663413,0.9461143123479078
Test_142,0.014538016718759641,0.45690362719606936,0.12114986091745031,0.40740849516772054
Test_143,0.007821017124345579,0.005279735038075926,0.0013190380065498386,0.9855802098310286
Test_144,0.9011123567533649,0.005747409668593545,0.023292924205302438,0.06984730937273906
Test_145,0.21149108617061863,0.041220900976101586,0.2465138263937964,0.5007741864594834
Test_146,0.011587767350985038,0.005497787052291219,0.9807911062279411,0.0021233393687829843
Test_147,0.002082164584087692,0.13385951496977305,0.8576562218712941,0.006402098574845327
Test_148,0.8516297940733814,0.047701086547201746,0.014910564823856106,0.08575855455556092
Test_149,0.08647236058542294,0.02038798039416358,0.8827206354849874,0.010419023535425792
Test_150,0.15356235798332318,0.12654607616328778,0.6027701518504556,0.11712141400293341
Test_151,0.0012856122642752833,0.008248963129863283,0.9897180200237518,0.0007474045821099487
Test_152,0.00627584459835265,0.092065546987345,0.8815623351889433,0.020096273225359063
Test_153,0.14903745762658896,0.011168772672306244,0.005942489582659676,0.8338512801184454
Test_154,0.006891346490088773,0.06048743940993594,0.9086635212862924,0.023957692813682936
Test_155,0.006355325665451246,0.04997672005134504,0.9293064519653623,0.014361502317841182
Test_156,0.07227118634414173,0.015995944753557794,0.007701354526435424,0.904031514375865
Test_157,0.0748093475799662,0.03545843091562033,0.6630691710319615,0.2266630504724522
Test_158,0.009056221363037078,0.00534189039762035,0.0015336429788566218,0.9840682452604861
Test_159,0.23162005682605605,0.03606179879051045,0.5489359073521145,0.1833822370313189
Test_160,0.805930259820672,0.018043660416079844,0.13083311953429522,0.04519296022895292
Test_161,0.01416602784057376,0.054322731479645656,0.9021119057429832,0.02939933493679724
Test_162,0.0018109146216291382,0.003259130931617587,0.9943282027462805,0.0006017517004726962
Test_163,0.00031921784543206935,0.3134141496406628,0.6826228318225932,0.003643800691311828
Test_164,0.6692056535150415,0.21011952200359435,0.021657331461209562,0.0990174930201549
Test_165,0.012567968945021548,0.1884531665536404,0.1302779482383983,0.6687009162629397
Test_166,0.5965962796675376,0.011246473379416826,0.36145667006755483,0.030700576885490813
Test_167,0.010280198966439103,0.022798353358220728,0.9607311965090074,0.0061902511663327634
Test_168,0.0010109732743047576,0.07030277200077861,0.9232134399934411,0.005472814731475187
Test_169,0.15732237388052064,0.020141921432003454,0.7849524553930485,0.03758324929442727
Test_170,0.5546705709938591,0.0419323020075773,0.2852042908577767,0.11819283614078673
Test_171,0.0019392621539018448,0.013458256288296054,0.9782463747449073,0.006356106812894896
Test_172,0.008234134159142967,0.2604889470458494,0.7046112295023848,0.026665689292622793
Test_173,0.0003721269309609567,0.0039007711326040154,0.9955030795121553,0.00022402242427953454
Test_174,0.08206511890124228,0.008926907213444161,0.001469198398244899,0.9075387754870687
Test_175,0.8279097795666527,0.024830715273783627,0.07111707733720635,0.07614242782235699
Test_176,4.87786376724492e-05,0.06290997912546113,0.9369942929660728,4.694927079345355e-05
Test_177,0.039711930824072726,0.0025976965906581613,0.0013992123263235443,0.9562911602589457
Test_178,2.1376934609294178e-06,1.3346274921476617e-06,9.817233778039864e-07,0.9999955459556691
Test_179,0.004095595884820326,0.05639800680667154,0.9333280867021243,0.006178310606384107
Test_180,0.01885267084512065,0.3710479466403027,0.39465883727369677,0.21544054524087974
Test_181,0.037483388863903636,0.0028234852027265067,0.0002788742963048893,0.959414251637065
Test_182,0.0938307310251312,0.058651487069470695,0.7841874460378367,0.06333033586756166
Test_183,0.796799864779716,0.004757218813851793,0.18053903537397,0.017903881032462474
Test_184,0.32269226072051055,0.016359643701287122,0.14570871279019038,0.5152393827880121
Test_185,0.4167876725015782,0.033279819018544286,0.10191580035264024,0.4480167081272371
Test_186,0.48698933706958325,0.04943383446974473,0.12815647479953093,0.3354203536611409
Test_187,0.0030326076954081344,0.018533380823056316,0.9780533169704302,0.0003806945111053887
Test_188,0.589679285801556,0.01332087387886597,0.33682933922870084,0.060170501090876904
Test_189,0.51720846480482,0.060667741324307196,0.2589201964482258,0.1632035974226471
Test_190,0.30460159102630346,0.07250365127528184,0.36750128473315613,0.25539347296525844
Test_191,0.005564534013309004,0.03695659270421029,0.8833746654461672,0.07410420783631368
Test_192,0.9179425364049372,0.01416121396554506,0.060321419618336064,0.007574830011181833
Test_193,0.001120321237951061,0.004793485169752495,0.9932798824585714,0.0008063111337251565
Test_194,0.00031251642555893893,0.06189342945107438,0.937316730280829,0.00047732384253770295
Test_195,0.7549766934875316,0.16420625829345986,0.05616810721204514,0.024648941006963455
Test_196,0.15226050523762785,0.03737640777605901,0.036444967027382286,0.7739181199589309
Test_197,0.002613629626778412,0.08571848364016371,0.9089383146250974,0.0027295721079605988
Test_198,0.08203204555186917,0.040470899392037636,0.0321060796052705,0.8453909754508226
Test_199,0.22112610081366785,0.01624346186447046,0.1658381994584479,0.596792237863414
Test_200,0.004208980493602381,0.05387968293314425,0.9381930994782357,0.0037182370950175877
Test_201,0.1203476378865411,0.040470912001686545,0.18362077714314182,0.6555606729686302
Test_202,0.0036553187327805683,0.06745702460542936,0.8110108885888748,0.11787676807291517
Test_203,0.003399930897652543,0.09456066927661069,0.8884792911751018,0.013560108650634894
Test_204,0.07479388572001339,0.01244550302335681,0.02572260068937623,0.8870380105672534
Test_205,0.039736699322545685,0.0033361137580841037,0.001841468962828994,0.9550857179565412
Test_206,4.93225191464053e-07,4.5110789271739153e-07,2.5620909597437375e-07,0.9999987994578198
Test_207,0.03376122327332887,0.08632072871849045,0.7132456271647254,0.16667242084345527
Test_208,0.4950245667840459,0.0220466804613766,0.09748164001401975,0.38544711274055815
Test_209,0.0011459705714927226,0.2901985247700688,0.6847976976636789,0.02385780699475966
Test_210,0.03125884357663347,0.0718818251591886,0.6597998621788912,0.23705946908528655
Test_211,0.023765677127015286,0.1728675222798266,0.0268090273866911,0.7765577732064671
Test_212,0.0002711124233558819,0.005213167469794747,0.9944004559190719,0.00011526418777753124
Test_213,0.006017386544980215,0.5209617290740279,0.049659983157090595,0.42336090122390146
Test_214,0.016055818326040763,0.048932595180250386,0.8906871231780069,0.04432446331570166
Test_215,0.7833325680495103,0.06371481811017597,0.011529091055931867,0.14142352278438186
Test_216,0.8195597474821885,0.00928272683329131,0.1348972380501092,0.036260287634411116
Test_217,0.11081450378363442,0.0318613120059001,0.04362480902474509,0.8136993751857204
Test_218,0.9781734106542733,0.003982256791548814,0.008098386301448029,0.009745946252729754
Test_219,0.19684260111925247,0.004296293553134416,0.7971388611759304,0.0017222441516825963
Test_220,0.0004244935730247338,0.05757808969933278,0.0037502204679703867,0.9382471962596722
Test_221,0.5630918044892842,0.02604989607759133,0.2240147589528842,0.1868435404802403
Test_222,0.17479337485400118,0.0323376716616873,0.7173364393138348,0.07553251417047675
Test_223,0.01944484713592491,0.09285791368268909,0.8546514121576974,0.03304582702368793
Test_224,0.6703379819317878,0.018208047205424176,0.13676932694812255,0.17468464391466532
Test_225,0.40224898471555337,0.0069158723801398874,0.5895890698694479,0.0012460730348589132
Test_226,0.007815903739210815,0.2050126053778219,0.7567699024937687,0.030401588389198805
Test_227,0.03716285202740858,0.014095772534790297,0.006516460631900132,0.9422249148059012
Test_228,0.37709550962833543,0.024148372095923968,0.45114553071286545,0.14761058756287543
Test_229,0.01959645134211663,0.10610209296704932,0.8367011176102762,0.037600338080557696
Test_230,0.010589971077943714,0.005087099370173381,0.0010854547772365867,0.9832374747746465
Test_231,0.0006004717574378033,0.0016814935961542152,0.000369966346199318,0.9973480683002088
Test_232,0.24466250617203697,0.033255633338260426,0.6844519301362729,0.03762993035342953
Test_233,0.7789236604305781,0.0016575298989967937,0.001983540992399255,0.21743526867802618
Test_234,0.0312913806908401,0.011929392604780622,0.00298958829850018,0.9537896384058793
Test_235,0.007687451926097623,0.018833110487408187,0.003961614322329268,0.9695178232641647
Test_236,0.07232667686216282,0.10925491369251758,0.7529357549265728,0.06548265451874641
Test_237,0.24074174152253514,0.02793847801857759,0.182003595954265,0.5493161845046219
Test_238,0.0006743291616224925,0.06091996309924949,0.9377746926272222,0.0006310151119059741
Test_239,0.06437052752317161,0.030790693873308565,0.8980374147344832,0.006801363869036558
Test_240,2.9523551760293e-05,0.10384522281093223,0.8960585165774076,6.673705990001731e-05
Test_241,0.04730266460911512,0.1108819274621196,0.5954373217576475,0.246378086171118
Test_242,0.34532454845884725,0.038163069276725615,0.09858954655571055,0.5179228357087168
Test_243,0.9163239026704527,0.0018884667556360098,0.06262032474137995,0.019167305832531418
Test_244,0.11413916381182522,0.511031809228294,0.24585660595733103,0.1289724210025496
Test_245,0.028409418206671703,0.5510530310529212,0.3477558917392828,0.07278165900112461
Test_246,0.002125262699750634,0.04594328466451258,0.002600477364507047,0.9493309752712299
Test_247,4.088742797700966e-05,0.0038117613883489154,0.00036946067047246927,0.9957778905132016
Test_248,0.30622637298879885,0.07168728688692397,0.03762518992935148,0.5844611501949256
Test_249,0.007627755816407938,0.05697968963500893,0.027139060112477523,0.9082534944361057
Test_250,0.9588040311146462,0.011165114065218645,0.016687191281008904,0.0133436635391262
Test_251,0.21886657657796868,0.0169875276915191,0.0037228853941882576,0.7604230103363238
Test_252,0.041359610049262654,0.10543257322790309,0.7841367638529912,0.06907105286984279
Test_253,0.005871274967393796,0.199529467170966,0.023074788357636985,0.771524469504003
Test_254,0.010564822189523279,0.029376866963399702,0.00048620095383140795,0.9595721098932456
Test_255,0.10213401237036057,0.015467051954478343,0.011029221705151608,0.8713697139700094
Test_256,2.7492738986946167e-05,0.006260781016048076,0.0010181483299543212,0.9926935779150108
Test_257,0.002034758630477062,0.02281614118022783,0.9737723641432376,0.001376736046057327
Test_258,0.00011250156882825509,0.6124291060823328,0.3583958487406754,0.029062543608163523
Test_259,0.18866607066628568,0.008482730248461495,0.7949904303637134,0.007860768721539364
Test_260,0.04634075398959564,0.0013050990276382058,0.0019307894272986108,0.9504233575554675
Test_261,6.48361935070584e-05,0.012594143277816494,0.9870444360972455,0.00029658443143092817
Test_262,0.005628248583339367,0.08984356346742654,0.9014976116111161,0.003030576338118165
Test_263,0.6705124484277548,0.023622236059942334,0.05479323826818222,0.25107207724412073
Test_264,0.6447494408257808,0.018174881889752987,0.15508219431565862,0.18199348296880782
Test_265,0.16612241355621654,0.08199184421877302,0.6905323284734234,0.06135341375158696
Test_266,1.3425740793775261e-06,1.5239535968228948e-06,7.354521190709744e-07,0.9999963980202048
Test_267,0.9914210964673098,0.00013268585915288,0.008115510180483456,0.0003307074930539829
Test_268,5.927690520396775e-05,0.1905588611526626,0.8088256016245459,0.0005562603175877943
Test_269,0.36348000840977035,0.039818872547565165,0.2772135039879839,0.319487615054681
Test_270,0.1514862348824301,0.012578089826814695,0.02865695584062495,0.8072787194501302
Test_271,0.01938818294583326,0.06175294273075313,0.05053357374238173,0.8683253005810317
Test_272,0.003154838246512331,0.12277816916513803,0.8610046966334035,0.013062295954946065
Test_273,0.3405799519493427,0.1811108069565138,0.20493102708202726,0.27337821401211637
Test_274,0.27809622974457515,0.025941495448225667,0.6466881412918911,0.04927413351530813
Test_275,0.05932056236208305,0.07611025181724165,0.7515477836301251,0.11302140219055005
Test_276,0.006008730815230776,0.12263609148419365,0.1945822936479118,0.6767728840526638
Test_277,0.3579941928080675,0.04498752984081117,0.11021906194699657,0.4867992154041249
Test_278,0.004237423365060998,0.19855501284423754,0.08563169521837906,0.7115758685723222
Test_279,4.7977325815214447e-05,0.004337977064751408,0.9954366598405594,0.0001773857688737844
Test_280,7.361763609837056e-07,8.596594619441552e-07,4.7582139556528153e-07,0.9999979283427815
Test_281,0.022703673661225495,0.014614463041389563,0.009399131597643332,0.9532827316997414
Test_282,0.004381231777925442,0.6384301975526941,0.22953117367952927,0.12765739698985099
Test_283,0.01526591697575135,0.2069311860217366,0.7416707156015198,0.03613218140099259
Test_284,0.003245146987011555,0.24966179749281903,0.7430161053555752,0.00407695016459412
Test_285,0.20494227383646316,0.07522670405941917,0.2152405424776393,0.5045904796264785
Test_286,0.5284038361113782,0.004184273961268851,0.018172252336827992,0.44923963759052477
Test_287,0.5921178741067166,0.013129746090412741,0.11696941866077706,0.277782961142094
Test_288,2.010648021176223e-06,2.30023577479574e-06,1.0251692486002876e-06,0.9999946639469554
Test_289,3.7099502319887156e-07,2.61375331555739e-07,1.7532647615206766e-07,0.999999192303169
Test_290,0.01745336595758952,0.16123129625435362,0.7923556751191662,0.028959662668890895
Test_291,0.012993696279287007,0.005068566688057818,0.9801102751190325,0.0018274619136229495
Test_292,0.9448484839977327,0.001714963590374445,0.040712658552293154,0.012723893859599726
Test_293,0.0004425281193763186,0.10708433934666087,0.8911119503250503,0.0013611822089125015
Test_294,0.0024371741614738224,0.09918179875438009,0.8936577300283021,0.004723297055844218
Test_295,0.33114081504407045,0.044244008704648674,0.4545861222906939,0.17002905396058698
Test_296,0.5008472076628182,0.015325839657830293,0.27215223081993184,0.21167472185941946
Test_297,0.01251103172802224,0.03786789018729685,0.021224904728218467,0.9283961733564622
Test_298,0.00183076253797178,0.12004438256212978,0.8339332573464654,0.044191597553432944
Test_299,0.06535595751690368,0.04205457694809072,0.07310282755059755,0.8194866379844084
Test_300,0.7344250552302669,0.009408494123673547,0.038701681803631975,0.21746476884242755
Test_301,0.8562301530032316,0.008793045424834082,0.07924550861433438,0.055731292957600105
Test_302,0.001958557290590138,0.7861393757672513,0.1106372435283043,0.10126482341385432
Test_303,0.9577022869332139,0.0034451461309599296,0.006592004598959276,0.032260562336866645
Test_304,0.8500305686196078,0.015205175097277215,0.05710281482391237,0.07766144145920269
Test_305,0.6520338888152052,0.011419324653905811,0.002672917446767249,0.3338738690841215
Test_306,0.19143156035671252,0.03975565497538964,0.4279145411845187,0.3408982434833791
Test_307,0.7036025433241906,0.019321106137675473,0.1686859322517572,0.10839041828637692
Test_308,0.012668373090927209,0.1303917197988466,0.5372860103510195,0.3196538967592067
Test_309,0.008286326475994485,0.12858200074443077,0.6375115507978047,0.22562012198177006
Test_310,0.0022506322014168045,0.12195712986367915,0.8363816478988199,0.03941059003608419
Test_311,0.04278863344080489,0.0744587502128495,0.788221081218441,0.09453153512790459
Test_312,2.174784935948739e-07,1.454920048712215e-07,1.0975909415620914e-07,0.9999995272704074
Test_313,4.319085498882079e-05,0.0016652680387113509,0.00019812603260267912,0.9980934150736971
Test_314,0.09636510677776326,0.04339118366163473,0.09494045359490051,0.7653032559657015
Test_315,6.685975286956024e-08,5.724982875991764e-08,3.0829543414872154e-08,0.999999845060875
Test_316,0.8765144165345486,0.008383186461808648,0.08294272633250845,0.032159670671133976
Test_317,0.005517570735805506,0.02831123250835714,0.9468864470339695,0.019284749721867618
Test_318,0.5231653824868356,0.032794461119372696,0.1486258149066857,0.2954143414871065
Test_319,0.00011376403390308558,0.01855214410044838,0.9811300366504281,0.00020405521522075853
Test_320,0.016948998575017492,0.011917352022240053,0.9683274241733943,0.0028062252293483596
Test_321,0.9392934854631917,0.015483895017154687,0.035666693159356694,0.009555926360296764
Test_322,0.19142275877894582,0.12831201308735402,0.4884663175486196,0.19179891058508067
Test_323,0.11546807686262929,0.05997711308999848,0.7473121200181139,0.07724269002925806
Test_324,0.0045964038066712565,0.042352576122168153,0.9506213810136375,0.002429639057523124
Test_325,0.0012774288615649966,0.011472366295490947,0.0012880366819480007,0.9859621681609961
Test_326,0.0006917603806498689,0.0414709836163841,0.955265206842796,0.0025720491601700125
Test_327,0.015408718926217974,0.0028645706003663893,0.0007517375775831511,0.9809749728958324
Test_328,0.0020565450842211634,0.03453098699834653,0.9612747947071737,0.002137673210258454
Test_329,0.003188878854100647,0.08579686086356156,0.9101750843777339,0.0008391759046039603
Test_330,0.0002029594476923484,0.025646985827476272,0.9740936146621408,5.644006269051623e-05
Test_331,0.41999621826538336,0.060168701968540274,0.11025956426215741,0.409575515503919
Test_332,0.9899196901217782,0.0005271574480322363,0.000616978062501092,0.00893617436768841
Test_333,0.0029284094218308128,0.1378947349844749,0.85653717062693,0.0026396849667639772
Test_334,4.922587789775459e-06,0.002826588963945226,0.9971461923008901,2.229614737470021e-05
Test_335,0.4515756807527216,0.05037213126804375,0.30395333242575856,0.1940988555534758
Test_336,0.007038099189917291,0.014507767462606519,0.9743762170481277,0.0040779162993486275
Test_337,0.977595009883294,0.007632619887915773,0.0033070898058843176,0.01146528042290627
Test_338,0.9107145756863516,0.0023690552457514375,0.04335172762137838,0.04356464144651867
Test_339,0.005813368951541108,0.21627593538984077,0.773043015249972,0.0048676804086457606
Test_340,0.3684853722507879,0.03403891402940901,0.207903643307056,0.38957207041274694
Test_341,0.2113402692315215,0.05440117428938843,0.0028586157296849658,0.7313999407494052
Test_342,0.9782633184493675,0.000572100165284449,0.02107264613211236,9.193525323561795e-05
Test_343,0.29196609704408566,0.026148302630868914,0.09221761402943884,0.5896679862956068
Test_344,0.0003915114732669308,0.026462188912645238,0.9728026027131168,0.00034369690097115944
Test_345,0.007347715951580901,0.06351118581753182,0.9172510567118184,0.011890041519068716
Test_346,0.0029801139635183024,0.04523305946646547,0.9478171130164803,0.0039697135535358835
Test_347,0.27148757770595305,0.043829921783211385,0.4343588192631947,0.25032368124764076
Test_348,0.011819194191922264,0.006836808400565439,0.005216405306755604,0.9761275921007567
Test_349,0.034196047426991165,0.41491808034220057,0.06138536079679081,0.4895005114340173
Test_350,0.0007783804636189732,0.038362669581418755,0.009158466924301655,0.9517004830306607
Test_351,0.00047018049663370356,0.032815811137456616,0.9639494718517977,0.002764536514111878
Test_352,0.2401618713512217,0.02585119548389177,0.05784489943961833,0.6761420337252685
Test_353,0.5357451929932595,0.021261166440352853,0.022338884019607586,0.4206547565467799
Test_354,0.3593847335188755,0.03817636192110725,0.5272421276364414,0.07519677692357589
Test_355,0.8454612490159223,0.023057622331510305,0.003892231689020495,0.1275888969635469
Test_356,0.607654345211403,0.019804710066457693,0.14187395262548694,0.23066699209665265
Test_357,0.9230296051578039,0.0013669805890648109,0.0721917635107279,0.003411650742403448
Test_358,0.11442388546237844,0.1667234252258414,0.5209196225201086,0.19793306679167125
Test_359,0.05516500599398229,0.01643349596634349,0.044970828242377824,0.8834306697972963
Test_360,0.006408925463512027,0.020496551444352435,0.00419014096411088,0.9689043821280242
Test_361,0.9696467225653521,0.01223341465477755,0.008421774667751987,0.009698088112118468
Test_362,0.5064729683771925,0.019747359416237086,0.147233000603233,0.3265466716033375
Test_363,0.00116416693321006,0.0893280429736014,0.9046844169229505,0.0048233731702378045
Test_364,0.0020802294590202644,0.010455665440708403,0.986731203084308,0.0007329020159634064
Test_365,0.03524000604647673,0.05916850559635923,0.891211615871915,0.014379872485249268
Test_366,0.04574469073781347,0.04986199646945095,0.8300816644818252,0.07431164831091014
Test_367,0.017938708288712663,0.0032240362244013747,0.003470307546863014,0.9753669479400229
Test_368,0.42059002445730875,0.029151830872706792,0.4514494431323754,0.09880870153760925
Test_369,0.00015768164227479488,0.001799142926575049,0.00023955374540365654,0.9978036216857465
Test_370,0.011080558364919788,0.010195875734852419,0.971968720048102,0.006754845852125765
Test_371,1.135600461222798e-05,0.005101383486085763,0.9948832016162401,4.058893062066682e-06
Test_372,0.00031127043164840034,0.002797530886704706,0.0004973213493795894,0.9963938773322673
Test_373,0.0016046614666300693,0.025244242055884717,0.9701131515158427,0.003037944961642687
Test_374,0.22209020606666266,0.03529807384304535,0.7110660088513248,0.03154571123896712
Test_375,0.0018557761831163846,0.006924318768160753,0.00028113930682869013,0.990938765741894
Test_376,0.9104330064564089,0.005505487371993309,0.029039117740118185,0.055022388431479566
Test_377,0.06608230500514155,0.020665509694953337,0.9059904011482123,0.007261784151693076
Test_378,0.0036452934056044346,0.03130822247829879,0.9631592092057041,0.0018872749103926755
Test_379,0.1697720277198427,0.08195162124621279,0.5155056057362211,0.23277074529772374
Test_380,0.08958445950020387,0.06169342904378695,0.056121049998741665,0.7926010614572673
Test_381,0.287329476089597,0.07000509313805031,0.012049175259938719,0.630616255512414
Test_382,0.17290901240477208,0.016757213341004766,0.01826535059864706,0.7920684236555763
Test_383,0.7221166152430151,0.023926848569277966,0.09230139615489157,0.16165514003281567
Test_384,0.01754812574068088,0.005211183049411406,0.9742554247402443,0.0029852664696635063
Test_385,0.028386616775392906,0.0027202133069991045,0.0010470855401697582,0.9678460843774384
Test_386,0.003439008884885016,0.13588494795915157,0.8189994164108484,0.04167662674511501
Test_387,0.02925450898734224,0.03442739605484205,0.007373633414434355,0.9289444615433811
Test_388,0.4363005947559558,0.03936807816392909,0.2614919975545755,0.2628393295255393
Test_389,0.7388881904565759,0.008372033748955487,0.2242780706122772,0.028461705182191384
Test_390,0.27789893287321654,0.013723963257183494,0.030053990209690393,0.6783231136599093
Test_391,0.005565408897478125,0.0945556320447646,0.8891842551264124,0.0106947039313446
Test_392,0.0035288108289696788,0.05494236306631596,0.9081896137144654,0.03333921239024862
Test_393,0.010827613860673158,0.0008792724759724951,0.00012860133169599204,0.9881645123316583
Test_394,0.6555840436688589,0.006596023135852003,0.010046312880585254,0.3277736203147039
Test_395,0.00224310491745857,0.20485190685006555,0.7920148486157509,0.0008901396167252863
Test_396,0.1280984602810573,0.022137932865797235,0.1347678083773874,0.7149957984757582
Test_397,0.05858126693985708,0.012823175062337381,0.021774947889238453,0.9068206101085671
Test_398,0.004512411616962692,0.20802640662534397,0.7043559005917914,0.08310528116590203
Test_399,0.6309719456473718,0.016942592198709115,0.025319862264846896,0.3267655998890722
Test_400,2.8831761994801393e-05,0.0079167878741868,0.9920132119325987,4.1168431219730086e-05
Test_401,0.002455865300860307,0.07703982955636164,0.9177223082870546,0.002781996855723646
Test_402,0.025338865565221656,0.0014125729963748994,0.0004356574540799998,0.9728129039843234
Test_403,0.008550694420282248,0.01810592304202062,0.9707159680009722,0.0026274145367253306
Test_404,0.6846500417415937,0.012392206622279252,0.0392151684095208,0.26374258322660654
Test_405,0.0005563703173246815,0.0038030696939271424,0.0003374910883500243,0.9953030689003982
Test_406,2.0564283326707874e-05,0.002359179188363415,0.00043632539164644286,0.9971839311366633
Test_407,0.006990877893008793,0.013927726275978965,0.003940907194763013,0.9751404886362492
Test_408,0.0025168515246147684,0.009410106991247176,0.0012446149299112535,0.9868284265542266
Test_409,0.0029478781479737705,0.18310027653229635,0.622012058768096,0.19193978655163413
Test_410,0.0004376616274620869,0.0011832110318017103,9.821648297509195e-05,0.9982809108577613
Test_411,0.9977292132087717,0.00021842130012385275,0.001304883485579756,0.0007474820055245564
Test_412,0.0007773229572878809,0.6887834272006148,0.30732019600407917,0.0031190538380182274
Test_413,0.9996358838236935,6.904591621490862e-05,0.00018448842997970954,0.0001105818301116243
Test_414,0.00421915139733043,0.016254973859773935,0.9747551815961497,0.00477069314674566
Test_415,0.04103117604813118,0.10111001921859154,0.8302057372169159,0.027653067516361172
Test_416,0.05909379942772215,0.016952783630706597,0.0240961754445628,0.8998572414970084
Test_417,0.01072489885264607,0.025334667718120783,0.9587410993526463,0.005199334076586824
Test_418,0.9453413663204994,0.006195886377086059,0.040468210070573975,0.00799453723184037
Test_419,0.671880739384006,0.004685041008679122,0.3180750082208859,0.005359211386428809
Test_420,0.0005557343428399502,0.036351554887409335,0.9626840179427776,0.0004086928269731636
Test_421,0.000840449603353116,0.0011142003508359845,0.00028485586008689497,0.997760494185724
Test_422,0.5652934683639245,0.03700731568574803,0.0694575693151542,0.3282416466351732
Test_423,0.007814369921047174,0.24745567518823278,0.6361140528493642,0.10861590204135582
Test_424,3.6519263426472713e-05,0.049878924716345904,0.9498847263921991,0.0001998296280284106
Test_425,0.07192809569885698,0.04556706795484469,0.012002583275195364,0.8705022530711027
Test_426,0.574501082236036,0.013013705715591569,0.26711879111006326,0.14536642093830895
Test_427,0.000362288676558596,0.001515618846351766,0.00012377153662724793,0.9979983209404626
Test_428,0.004013762469216465,0.009132984153760234,0.003753585393912882,0.9830996679831103
Test_429,2.8629352367466524e-05,0.008185848691722805,0.9917773372855133,8.184670396516283e-06
Test_430,0.0027395023581390687,0.035703470008552105,0.9610446567314641,0.0005123709018444038
Test_431,0.953106955015115,0.002728732717641791,0.020100208012612468,0.024064104254630323
Test_432,0.15709329965145033,0.12632971673940985,0.07180119767554573,0.644775785933594
Test_433,0.004199319137255105,0.0033240299445811616,0.0011080924905117386,0.991368558427652
Test_434,0.02315591764434112,0.06990667679830749,0.06684677407899538,0.8400906314783559
Test_435,0.964864398174014,0.0011790395837356852,0.0035210710817124478,0.030435491160537783
Test_436,0.13176521874219288,0.11272924142121549,0.323402051111229,0.43210348872536275
Test_437,0.10813655382017426,0.04394679440616131,0.792849487332644,0.055067164441020444
Test_438,0.010163111759692412,0.19097911804834514,0.755729233032657,0.04312853715930553
Test_439,0.01575135185188958,0.16568820234579423,0.8168937834287696,0.001666662373546605
Test_440,7.109164844925571e-06,0.003753696401722437,0.9962315491513194,7.645282113300525e-06
Test_441,0.9487354667530014,0.00371879227546175,0.0162565922922512,0.03128914867928598
Test_442,0.5346947181858797,0.02896414570214631,0.3301342352798258,0.10620690083214833
Test_443,0.008163228972588081,0.2137200794867181,0.02895282040973597,0.7491638711309576
Test_444,0.929644710357782,0.0022025217117713045,0.013302122615373868,0.05485064531507303
