image_id,healthy,multiple_diseases,rust,scab
Test_0,0.0015336587159559812,0.09145144553964883,0.871052097020813,0.0359627987235821
Test_1,0.006636316425045879,0.1854070824485599,0.6909703069806223,0.11698629414577195
Test_2,0.006957686256978969,0.004055263836542237,0.0007432493120656661,0.9882438005944133
Test_3,0.9783863989748561,0.0005502342504873825,0.01029558998991104,0.010767776784745537
Test_4,0.001808313651322138,0.032624187674082164,0.9632765384826334,0.0022909601919621513
Test_5,0.7348098004994632,0.10980477879918085,0.09813393628156065,0.0572514844197955
Test_6,0.9032243986229884,0.006213652356670078,0.011587424580367118,0.07897452443997464
Test_7,0.0010022976775782442,0.007005342772409097,0.001797084180803012,0.9901952753692094
Test_8,0.07383059717349096,0.06300577076817103,0.10177823675809043,0.7613853953002474
Test_9,0.1077921333470723,0.054776684438528574,0.7634664956112641,0.07396468660313486
Test_10,0.012163318298939503,0.2166593386462152,0.7605431408325369,0.010634202222308336
Test_11,0.8059266226924349,0.032251805033113236,0.11932975114566387,0.04249182112878808
Test_12,0.2290720171226759,0.08214212374959484,0.0235846274045499,0.6652012317231792
Test_13,0.9143957231736232,0.018055412376973723,0.028924990545411776,0.03862387390399125
Test_14,0.004949464277890933,0.014009694329363064,0.9803957089138751,0.0006451324788709781
Test_15,0.05838531860939057,0.018154413807367188,0.8996411181996896,0.023819149383552948
Test_16,0.6817208600736898,0.15158232369902186,0.09535155474638934,0.07134526148089915
Test_17,0.03033111122804683,0.204885549923064,0.014806463562157344,0.7499768752867317
Test_18,0.30308664451314654,0.03517842832143973,0.1008552536917315,0.5608796734736821
Test_19,0.004157614678092714,0.032903535769245526,0.9540585869351257,0.008880262617535994
Test_20,0.02423321022412388,0.03881291834930898,0.011194707562996467,0.9257591638635707
Test_21,0.9621111889216521,0.0024268482787164983,0.010685364388518886,0.02477659841111258
Test_22,0.005727807274371344,0.054594240151674044,0.9216465143219057,0.01803143825204849
Test_23,0.002892403416380521,0.02461069991820867,0.002140067261861372,0.9703568294035494
Test_24,0.9460775487043183,0.00689341712680147,0.007702530621650994,0.039326503547229184
Test_25,0.18666024929763275,0.03458492206282064,0.03237950138841159,0.746375327251135
Test_26,0.029100261709824816,0.1463028462071232,0.3973119198806874,0.4272849722023647
Test_27,0.015383881248285462,0.3259884030040365,0.48772019735367056,0.17090751839400722
Test_28,0.9123814777417757,0.022289073848002026,0.020672712101412742,0.04465673630880914
Test_29,0.14701423931333008,0.022603956660265948,0.08202922096453674,0.7483525830618672
Test_30,0.8265139086943585,0.02500726732690511,0.006017756383833382,0.14246106759490304
Test_31,0.006489079793164173,0.11558247521535196,0.871077416667365,0.00685102832411913
Test_32,0.9751035157806486,0.004365943538070552,0.011042973623846394,0.009487567057434414
Test_33,0.07563501190507688,0.04391370269471522,0.05137263701764652,0.8290786483825615
Test_34,0.08203991280828489,0.011838882441039277,0.057973675450685026,0.8481475292999906
Test_35,0.012613454809361404,0.007897677997669099,0.004325960961943957,0.9751629062310252
Test_36,0.006380649937928175,0.03132139183860721,0.9573390815765517,0.004958876646912431
Test_37,0.01618340225697871,0.0441556603928464,0.005666979994107787,0.9339939573560668
Test_38,0.003958874410155125,0.03122257555127731,0.00849494097625495,0.9563236090623127
Test_39,0.17738026832224488,0.032698954875379854,0.6186425431770932,0.17127823362528213
Test_40,0.002717495062320183,0.02802349230641878,0.9549399656515656,0.014319046979695464
Test_41,0.015323378611347771,0.24441124703670347,0.7204112249015091,0.019854149450439396
Test_42,0.003947664959361557,0.02985278542568844,0.020810930584763267,0.9453886190301866
Test_43,0.97754972367764,0.0004638623993614551,0.015134805630620802,0.0068516082923777795
Test_44,0.3720326972980237,0.04726170369628948,0.029788104724228045,0.550917494281459
Test_45,0.39296476646033707,0.04385234097077117,0.02625482304573647,0.5369280695231551
Test_46,0.35413897889029344,0.060359694726745516,0.022644889655436443,0.5628564367275244
Test_47,0.002901529754045547,0.02100157141028315,0.9716123136788017,0.004484585156869799
Test_48,0.0032909064109453903,0.02658361034984664,0.9635724471429686,0.0065530360962394105
Test_49,0.04308226365059962,0.022371957031090368,0.928986730641684,0.005559048676625972
Test_50,0.009072631906016666,0.11723763891107203,0.8458186659624614,0.027871063220450173
Test_51,0.0037412727573504414,0.026149613788500035,0.9623236760629591,0.007785437391190344
Test_52,0.00980490052485646,0.11725430243805221,0.8516884552629472,0.021252341774144253
Test_53,4.8041901962967486e-05,0.0005539639398174506,0.9993385699558253,5.942420239432197e-05
Test_54,0.01856988948258457,0.5130580569172841,0.39829918899693184,0.07007286460319903
Test_55,0.07140225659536897,0.07753660065326906,0.7462735838164919,0.10478755893486982
Test_56,0.11361226214566271,0.2588787688214989,0.0814007465339891,0.5461082224988493
Test_57,0.13965828916651948,0.06882406836878084,0.7570908270542446,0.03442681541045514
Test_58,0.002805831197959832,0.022560188651352953,0.001997335446310516,0.9726366447043764
Test_59,0.04081759313726963,0.048313083819987106,0.8951619799250512,0.01570734311769181
Test_60,0.010506663576604446,0.03671235192963961,0.05428283289875318,0.8984981515950026
Test_61,0.4820346807916411,0.0736633311271097,0.03283589374240475,0.4114660943388444
Test_62,0.8850124005250624,0.002837463605355102,0.056848700380088074,0.055301435489494316
Test_63,0.01875672496330846,0.0555358190984943,0.09256377525947716,0.8331436806787201
Test_64,0.8406488240234641,0.017434858202504608,0.06103544088505874,0.0808808768889727
Test_65,0.009118925398061748,0.05303672498491029,0.9050826395007155,0.032761710116312445
Test_66,0.9963409957541847,0.0007390395376665374,0.0022778104515042796,0.0006421542566445383
Test_67,0.012245004834474271,0.09045688226109844,0.865404040236101,0.03189407266832633
Test_68,0.08503676370639883,0.16685437038029685,0.09269521681470107,0.6554136490986036
Test_69,0.0016227611058291548,0.04013345411096909,0.9531678023923781,0.005075982390823647
Test_70,0.0673321335195609,0.07894958819482542,0.23920297735013665,0.6145153009354771
Test_71,0.07844284111417961,0.011320573430904694,0.9056766297930932,0.004559955661822599
Test_72,0.34588190121595225,0.04242213535247468,0.012983421409965602,0.5987125420216074
Test_73,0.7343813755727397,0.020094788753950675,0.2073508047097398,0.03817303096356991
Test_74,0.8520178509301641,0.010870231761347954,0.01569550930055645,0.12141640800793169
Test_75,0.029718325738552657,0.05968895099709049,0.45708727597163834,0.45350544729271863
Test_76,0.9896702939070107,0.00039304171159652596,0.00781488590292494,0.0021217784784675663
Test_77,0.030654127815923103,0.013356188337157838,0.8858076463545184,0.07018203749240065
Test_78,0.001205371943829174,0.09385699213989247,0.03464778278151371,0.8702898531347646
Test_79,0.46632118333971045,0.04030154062156042,0.1794122598170813,0.313965016221648
Test_80,0.027159138212378673,0.39248206261170904,0.058939988707526224,0.5214188104683863
Test_81,0.0010622344287053904,0.09047831915767143,0.899920026881153,0.00853941953246984
Test_82,0.018918665093513705,0.14252257651441017,0.3726829412657988,0.4658758171262773
Test_83,0.0020025361786698026,0.06993019278718288,0.9046200320794218,0.023447238954725613
Test_84,0.12051026449618654,0.013086864327558621,0.009353529984987285,0.857049341191268
Test_85,0.7326885471321888,0.028055178864498723,0.08648456015687196,0.15277171384644062
Test_86,0.42133515192228005,0.15188586567731766,0.32207730382270294,0.10470167857769934
Test_87,0.9104535078369282,0.007228614384177618,0.011168167189243043,0.07114971058965106
Test_88,0.09385383551388654,0.14067989562307195,0.18220964167262824,0.5832566271904132
Test_89,0.6688346991243169,0.039150360218970746,0.21804754335618326,0.07396739730052909
Test_90,0.0022641025173862016,0.014820180832046332,0.9713240363643115,0.011591680286256073
Test_91,0.46752636949573917,0.0901540010051015,0.26017395489608713,0.1821456746030719
Test_92,0.9808654723572252,0.0013451774807511493,0.011608080916678866,0.0061812692453446574
Test_93,0.0017932303905539946,0.027682922818852228,0.9677059943762857,0.0028178524143084344
Test_94,0.01760728586531513,0.004626657630630546,0.019549954659219264,0.9582161018448351
Test_95,0.8088520681239315,0.019463635102632156,0.11020795564506085,0.061476341128375495
Test_96,0.0406180005638038,0.006057947115953825,0.03104040705484621,0.9222836452653963
Test_97,0.5838980934447452,0.07446600025100515,0.07621391866220853,0.26542198764204106
Test_98,0.003395438611360724,0.03380076345203317,0.003368976485674554,0.9594348214509316
Test_99,0.24868738923954117,0.13939285428878484,0.19679031402985267,0.41512944244182165
Test_100,0.01999806296397396,0.1371777400526386,0.008350236643707312,0.8344739603396799
Test_101,0.7291706672673959,0.0686889184333725,0.031238025184490096,0.17090238911474132
Test_102,0.03843259062544948,0.030465434392520044,0.05396080416081971,0.8771411708212105
Test_103,0.21412761010855177,0.09667286645663035,0.5044990098392,0.18470051359561762
Test_104,0.018737446804173767,0.03265467367709952,0.05459750369412866,0.8940103758245982
Test_105,0.10601814253153731,0.047278005036835255,0.029876837083246205,0.8168270153483814
Test_106,0.6856812098779157,0.027974959794174952,0.13441481312852815,0.15192901719938093
Test_107,0.006195916313716359,0.026640512402670007,0.9581574725884102,0.009006098695203574
Test_108,0.00685161167672974,0.012802446396961088,0.0015979610852299793,0.9787479808410791
Test_109,0.15698468821957964,0.06407332013067026,0.15236057437075368,0.6265814172789966
Test_110,0.02477966690978038,0.01163875472254194,0.009126413559040989,0.954455164808637
Test_111,0.9338399158539871,0.0038280450890087613,0.004036869321985002,0.058295169735019255
Test_112,0.007933123411278487,0.04342986384147178,0.9328495186816903,0.01578749406555951
Test_113,0.3429294875361897,0.036470697317471844,0.013462194402435634,0.6071376207439027
Test_114,0.040246691395535036,0.2883313488579608,0.5904315145501252,0.08099044519637912
Test_115,0.005637411329094143,0.02194423687010319,0.9654760437783967,0.0069423080224061025
Test_116,0.010387717476806063,0.04616958309502422,0.93567604038328,0.0077666590448896644
Test_117,0.0026722729834676912,0.05155756428762354,0.9361629486545529,0.00960721407435581
Test_118,0.001718561397920323,0.010368573683429442,0.9860019920953385,0.001910872823311675
Test_119,0.23224066033799087,0.021040472315411844,0.7114913605506158,0.03522750679598145
Test_120,0.003182643957670861,0.023256764774955536,0.9679872703052619,0.0055733209621117615
Test_121,0.1582211995419185,0.04933221845933639,0.7249234991400165,0.0675230828587283
Test_122,0.0030664162169788812,0.00550190592224375,0.9836253280464499,0.007806349814327489
Test_123,0.0027395052312346397,0.03245438131851922,0.95922436658204,0.005581746868206042
Test_124,0.008036780145429011,0.08769718569569397,0.007864234532573604,0.8964017996263031
Test_125,0.1742919418513697,0.22210733917532555,0.3422018259243208,0.26139889304898417
Test_126,0.8077637468050564,0.016589265052189942,0.15061570886439707,0.025031279278356373
Test_127,0.6635003150177468,0.03458168194259833,0.07292396560016319,0.22899403743949182
Test_128,0.012258230059585148,0.1810704414140172,0.20059627087366652,0.606075057652731
Test_129,0.3316681119312846,0.12815282360370517,0.22849033043643702,0.3116887340285733
Test_130,0.13974832947230217,0.030068568315677356,0.004597702026861661,0.8255854001851586
Test_131,0.0038120465764743513,0.014015478151892424,0.0013152485334898712,0.9808572267381434
Test_132,0.9865026193234222,0.001049553950839852,0.007671327329586737,0.00477649939615117
Test_133,0.013075110287425546,0.015885151293967482,0.0009782954796070872,0.970061442939
Test_134,0.7848276458634887,0.008753149216570905,0.04021315481883463,0.16620605010110567
Test_135,0.03532562484936961,0.0843119434783625,0.6454477488465249,0.23491468282574288
Test_136,0.002287337323169179,0.009987042529856506,0.010247047027409053,0.9774785731195652
Test_137,0.003641214888877459,0.1256747371314415,0.8629636097493473,0.007720438230333599
Test_138,0.004202727408939768,0.033743886636982794,0.9606704695445897,0.001382916409487627
Test_139,0.9820439463293632,0.0004907936226036013,0.012920683799944582,0.004544576248088634
Test_140,0.21036739781538438,0.017763672684835495,0.7466199920214667,0.02524893747831339
Test_141,0.01804933099003596,0.003702019639453534,0.00356357473012879,0.9746850746403818
Test_142,0.02639558123485842,0.257028754892864,0.056839711293135906,0.6597359525791419
Test_143,0.015353224320356951,0.033472271699390384,0.005185263677598904,0.9459892403026536
Test_144,0.7799173273861544,0.08388520677239825,0.03177131843241863,0.10442614740902867
Test_145,0.20235349307817735,0.016189264299304288,0.03185496788461819,0.7496022747379003
Test_146,0.004142884201235452,0.019353359975890647,0.973485811141758,0.0030179446811157726
Test_147,0.011873323036288618,0.16581624646281676,0.7933307272059931,0.028979703294901484
Test_148,0.8119585117264064,0.053635839568261685,0.05336537225439821,0.08104027645093374
Test_149,0.22419624373967134,0.009655372327923876,0.7507057139464279,0.015442669985976595
Test_150,0.07820057051776001,0.04169884871568098,0.7857754559513208,0.09432512481523803
Test_151,0.00014489247043075767,0.005513591482382589,0.9934692697385153,0.0008722463086712232
Test_152,0.017880393615059016,0.060292936213920637,0.9074046532511889,0.014422016919831589
Test_153,0.1407523781360139,0.038822728392700234,0.028386237164554646,0.7920386563067312
Test_154,0.02313330702671558,0.1057787658852687,0.8429553758222917,0.028132551265724087
Test_155,0.02842331980164497,0.06765282363771372,0.8455865802890683,0.058337276271572945
Test_156,0.037770166141694095,0.09014276508516546,0.01734959014181455,0.8547374786313258
Test_157,0.020514498003499096,0.08441651570724852,0.8376937333124875,0.057375252976764685
Test_158,0.008336514123119339,0.028879697206105892,0.005306327403415621,0.9574774612673593
Test_159,0.043658978415271665,0.01979102128352774,0.8712795631382726,0.06527043716292813
Test_160,0.9201370029997636,0.020053969856367163,0.04196974941584305,0.017839277728026057
Test_161,0.017613711477772066,0.09221699581570089,0.7249449709156403,0.16522432179088692
Test_162,0.0021863599615726723,0.00939810502261527,0.985650521263771,0.002765013752040971
Test_163,0.0102470901592302,0.08205499383973382,0.8661554552150507,0.04154246078598508
Test_164,0.6633238526936713,0.03987942315238587,0.028432934741696128,0.26836378941224687
Test_165,0.009204299115312379,0.07956375726483675,0.048086014843665606,0.8631459287761852
Test_166,0.6391216576542101,0.024568893922009154,0.22859257323802176,0.10771687518575877
Test_167,0.0004050184768402008,0.0013488486236420468,0.9976271903877517,0.0006189425117660593
Test_168,0.0062463003242137684,0.09171623714360348,0.8771451391628092,0.02489232336937329
Test_169,0.23813539349976806,0.03331715079280288,0.6410277800030734,0.0875196757043554
Test_170,0.20742165966549833,0.14643997830878375,0.43058124795511227,0.21555711407060554
Test_171,0.03961953494886017,0.07814206104510346,0.8195410371873596,0.06269736681867673
Test_172,0.04022570945175244,0.27161553554921514,0.6518372404606281,0.036321514538404306
Test_173,0.07945968485481432,0.034076489500585026,0.8695874846990985,0.016876340945502107
Test_174,0.32563546857293046,0.038842343992514454,0.05624419274046813,0.579277994694087
Test_175,0.25788982231971763,0.15068529353714685,0.33571695621766473,0.25570792792547054
Test_176,0.016966129369539274,0.10098117421351945,0.8716522516529913,0.010400444763949841
Test_177,0.06136802078050927,0.007721956331764521,0.004330698900395452,0.9265793239873306
Test_178,0.005664632650022683,0.022213099363320336,0.001639184115544422,0.9704830838711123
Test_179,0.011629939310050026,0.26405234030621294,0.6788856176232968,0.04543210276044033
Test_180,0.07557735307522775,0.24473721445369892,0.5715451014908248,0.10814033098024879
Test_181,0.10271322425054502,0.022921492808394662,0.006139913488338433,0.8682253694527218
Test_182,0.033608960531590286,0.07234612766395951,0.8414467489855425,0.05259816281890786
Test_183,0.5248879036569448,0.04663106744356706,0.38269728008404874,0.045783748815439555
Test_184,0.19849925744983388,0.07510443049266953,0.08075604396744275,0.6456402680900537
Test_185,0.40526510463513216,0.02506308693856529,0.03456477022096548,0.5351070382053371
Test_186,0.4961366242664958,0.1254453027904892,0.19685395923812102,0.18156411370489384
Test_187,0.007326614408187394,0.00988739946495217,0.9807213906551326,0.0020645954717277803
Test_188,0.18045686027756164,0.014355413509795113,0.7667030060367616,0.03848472017588145
Test_189,0.2852744686643542,0.02379948825617575,0.03719049413457875,0.6537355489448914
Test_190,0.07779631687115394,0.0981001017331731,0.7082937572188358,0.11580982417683726
Test_191,0.05223547712137444,0.061494581907748494,0.6852480707066116,0.20102187026426563
Test_192,0.8356850707699308,0.031087348669578713,0.10405618405533398,0.029171396505156134
Test_193,0.016166326597605734,0.04005506954554194,0.927714786236659,0.0160638176201936
Test_194,0.007164929392972177,0.12020164235754623,0.8610076859743373,0.01162574227514403
Test_195,0.20920616450997753,0.19685966399125776,0.15223627979347826,0.4416978917052867
Test_196,0.030772360263485586,0.041597555757239314,0.051290090902881114,0.876339993076394
Test_197,0.0030024412366039146,0.11902306351639215,0.8723309383490285,0.005643556897975694
Test_198,0.020077325877062353,0.03411570025606358,0.009946236534133603,0.9358607373327406
Test_199,0.21442352481059596,0.036578363857650405,0.6181651242166332,0.13083298711512026
Test_200,0.014563249437867192,0.054806158994610776,0.9170543629666591,0.013576228600862378
Test_201,0.333480769637602,0.0541439307251829,0.1673553151034037,0.44501998453381125
Test_202,0.022638242944331467,0.15818514783215887,0.7468269544603412,0.07234965476316824
Test_203,0.01973077990519236,0.15163414488615592,0.8018606908248344,0.026774384383817254
Test_204,0.16378287853551496,0.1044061204881793,0.04368170289809569,0.6881292980782098
Test_205,0.13452883659781828,0.0285389177619583,0.008426658033300297,0.828505587606923
Test_206,0.0050326504185711565,0.03457731159791302,0.0032641176424149532,0.9571259203411012
Test_207,0.005553858574365361,0.05156400619835065,0.790510212470276,0.15237192275700825
Test_208,0.9354169360324952,0.012282742533911152,0.016397903155342668,0.03590241827825115
Test_209,0.010323937930284221,0.05871161418075911,0.8142703981098085,0.1166940497791482
Test_210,0.03792961421684143,0.10905005718996837,0.12960509931776676,0.7234152292754231
Test_211,0.05593790155791041,0.23669526781656464,0.1805437997368322,0.5268230308886928
Test_212,0.004856933990274755,0.007337461239753411,0.9868124245495633,0.00099318022040835
Test_213,0.004450767641620105,0.27447800594492955,0.014500099092779158,0.7065711273206713
Test_214,0.004261300220173128,0.021049685228554754,0.9659217075332118,0.0087673070180604
Test_215,0.6628278330917902,0.04081465567470027,0.02122004387959993,0.27513746735390987
Test_216,0.9745228292956487,0.0006673291504368013,0.020359142600231493,0.004450698953682922
Test_217,0.1351104614213538,0.048746557792419945,0.051564705645106054,0.7645782751411201
Test_218,0.9956484348093165,0.0013617376875978192,0.0005873726294473148,0.0024024548736384
Test_219,0.433711663650558,0.0026384465715634884,0.557797397627825,0.005852492150053545
Test_220,0.005035915683094784,0.0943085723188278,0.02119595201545975,0.8794595599826175
Test_221,0.6360931935044739,0.027428594849422276,0.19305201725701196,0.1434261943890919
Test_222,0.0013771243346120542,0.007472054239499774,0.9880878239083037,0.0030629975175845044
Test_223,0.04675033419591878,0.12759613523899024,0.8046804059391774,0.020973124625913483
Test_224,0.9441992561390301,0.0049321733708892895,0.010836492027442737,0.04003207846263789
Test_225,0.861234842071121,0.017691381628692025,0.0944060322500868,0.02666774405010045
Test_226,0.0013155388257882295,0.07315352678419375,0.9211629964136415,0.004367937976375966
Test_227,0.06523935766643217,0.018336931807173378,0.014441685749187977,0.9019820247772065
Test_228,0.15737363689105616,0.010997668310229376,0.7667149716731553,0.06491372312555928
Test_229,0.0014663736745029886,0.08503078703904357,0.8936690543567911,0.01983378492966242
Test_230,0.020114084401491504,0.21002731971812677,0.012100007421595322,0.7577585884587865
Test_231,0.0020485649507312855,0.037917974962687055,0.00306456881735326,0.9569688912692285
Test_232,0.10195215642354478,0.04471605606204335,0.8480420141604118,0.005289773353999764
Test_233,0.8619662993931575,0.013577834327860038,0.026912022640918996,0.09754384363806362
Test_234,0.08118803092031263,0.028791304788988878,0.005787452914988817,0.88423321137571
Test_235,0.026472214015944445,0.054820790682993864,0.012278722803693657,0.9064282724973682
Test_236,0.10656504650472906,0.08425631591142954,0.5107237418964156,0.2984548956874258
Test_237,0.07920645892074475,0.03654753464579094,0.11343234256429902,0.7708136638691653
Test_238,0.0179987611929326,0.21357223954944274,0.7458099296876687,0.02261906956995602
Test_239,0.0609295059361903,0.05818063503369765,0.8702441479420681,0.01064571108804397
Test_240,0.013891872007525988,0.28451027628278536,0.6848429102420734,0.016754941467615313
Test_241,0.0061648406860922945,0.27777172022093055,0.6453520204994213,0.07071141859355588
Test_242,0.06970272744407947,0.09306112265586576,0.018206675672172403,0.8190294742278821
Test_243,0.7463517948961412,0.019795895900458892,0.1918535153247023,0.041998793878697586
Test_244,0.20146908484663614,0.10773644947540581,0.06452414877148858,0.6262703169064693
Test_245,0.0819626201782262,0.13950878661907148,0.5115131117952247,0.26701548140747716
Test_246,0.019365429922458818,0.16555210498588954,0.0319711115862573,0.7831113535053945
Test_247,0.002512938810250788,0.07165822464447036,0.004095407305654265,0.9217334292396249
Test_248,0.5502383233006923,0.07070994254919488,0.02334669670222944,0.3557050374478834
Test_249,0.03127565312675431,0.058972676348943764,0.06228133531035209,0.8474703352139499
Test_250,0.9118173882040941,0.02012704071250877,0.019628968502685223,0.04842660258071211
Test_251,0.22372204100223708,0.062144667868842256,0.0284057401925332,0.6857275509363876
Test_252,0.03163552695063827,0.12633686524139218,0.6514142892369531,0.19061331857101635
Test_253,0.020142466415689116,0.40587570739800855,0.01078950523753859,0.5631923209487638
Test_254,0.040640494115567874,0.08819689592144644,0.01494455009865298,0.8562180598643329
Test_255,0.40707785973339006,0.04122050467013627,0.0387408658940277,0.512960769702446
Test_256,0.003064429729536921,0.03235629447626538,0.012068339999671206,0.9525109357945264
Test_257,0.0011307993451777263,0.008086874150738447,0.990346635549038,0.0004356909550457211
Test_258,0.003375436234962065,0.1671607916533763,0.16689402709250445,0.6625697450191572
Test_259,0.6437174126411851,0.041441436924047385,0.2165974223810629,0.09824372805370427
Test_260,0.21286201772945615,0.021388282256634968,0.04726151073279563,0.7184881892811135
Test_261,0.0029601412422039447,0.01486385784252864,0.980594234676347,0.0015817662389206847
Test_262,0.06659663339044024,0.3943172427355463,0.2781190642053847,0.2609670596686289
Test_263,0.6050145697830174,0.028459786237778516,0.07191074401993411,0.29461489995927
Test_264,0.9133252037809286,0.005662179038122266,0.03603149971365914,0.04498111746728992
Test_265,0.014415073380151897,0.01615952106897771,0.9631534536508788,0.006271951899991493
Test_266,0.00807454241482937,0.04000273275799932,0.0039730732452719275,0.9479496515818993
Test_267,0.9458211089618501,0.0035136828828748806,0.03853404905275558,0.012131159102519879
Test_268,0.00435242477923565,0.2782692936180137,0.671266897642228,0.04611138396052251
Test_269,0.301180107805499,0.13609139656086475,0.26949745486356674,0.2932310407700695
Test_270,0.01697550620938823,0.04764350738843651,0.00836983036540485,0.9270111560367702
Test_271,0.04126654608582236,0.09303887153278217,0.14374206335260972,0.7219525190287855
Test_272,0.003978508868358539,0.06687070137932746,0.9168921671839673,0.012258622568346925
Test_273,0.10898821465441319,0.18157406703346932,0.08408093243457875,0.6253567858775387
Test_274,0.0223704634078282,0.0016119534960500235,0.974931883510163,0.0010856995859586625
Test_275,0.008749165394929833,0.048686564723961004,0.9259463997816388,0.016617870099470234
Test_276,0.001362628520713439,0.055499744031049396,0.03155222066513935,0.9115854067830981
Test_277,0.1348575124100418,0.1678870869681952,0.20802289784276626,0.48923250277899677
Test_278,0.01917425054942506,0.5360380301258054,0.0980585207414362,0.34672919858333323
Test_279,0.0004567598164028801,0.0021637746854053608,0.9968767350576476,0.0005027304405440655
Test_280,0.0005387311590562804,0.00602366025739393,0.0012848310305740923,0.9921527775529757
Test_281,0.08404590007580569,0.03327600923073881,0.24815640878016806,0.6345216819132876
Test_282,0.00580931275613059,0.3955156113132052,0.037915009281928584,0.5607600666487359
Test_283,0.02932414154047514,0.08556778087451634,0.8550087521218478,0.030099325463160992
Test_284,0.005735753388060128,0.0983566952221895,0.8666905408766264,0.029217010513123916
Test_285,0.46181552278036403,0.08138422180442978,0.2749762983062821,0.1818239571089241
Test_286,0.5794004734831506,0.018593343983533787,0.0402125863334031,0.3617935961999125
Test_287,0.1986523828925986,0.08485319490777266,0.19029074160837872,0.5262036805912501
Test_288,0.002683339664341677,0.0201279804968156,0.0005916268101856748,0.976597053028657
Test_289,0.004833727599062891,0.02899941250170988,0.0010316209929079904,0.9651352389063192
Test_290,0.013944592934955743,0.022077786758918222,0.9474153732189035,0.016562247087222752
Test_291,0.37954419818077545,0.025438185501136943,0.543633938889526,0.0513836774285618
Test_292,0.8244969614047438,0.008919416036770558,0.10253756393991174,0.06404605861857367
Test_293,0.03052393273676792,0.1564642636213755,0.769607180561116,0.043404623080740445
Test_294,0.02141987114624391,0.2654136640597234,0.6744782993003607,0.0386881654936719
Test_295,0.017992320240431146,0.03623821203676766,0.9235748696108566,0.022194598111944668
Test_296,0.4558812687882057,0.019897485066840442,0.36718590113368327,0.1570353450112706
Test_297,0.049631633703351115,0.035530995309348126,0.11560554228229321,0.7992318287050074
Test_298,0.004410830353915495,0.046071198048362065,0.8958501596239369,0.0536678119737856
Test_299,0.007141202552647714,0.052785243307401045,0.006185924420078009,0.9338876297198732
Test_300,0.5540920211261176,0.006613917029247528,0.035117855118440046,0.4041762067261951
Test_301,0.8212862484841431,0.0410787868037955,0.06600749100894135,0.07162747370312021
Test_302,0.0020874417818279502,0.6209043067889383,0.046215039619823275,0.3307932118094101
Test_303,0.7370653023650025,0.03750680904077615,0.03187672574805178,0.1935511628461697
Test_304,0.8924888875802209,0.02031393943212317,0.03601896800487105,0.05117820498278492
Test_305,0.8326817914901292,0.006499351320858832,0.005014888360025506,0.15580396882898642
Test_306,0.05140887581317943,0.03090381676727914,0.3090068038768428,0.6086805035426989
Test_307,0.7314330796040527,0.04963346371866645,0.19086109586565062,0.02807236081163011
Test_308,0.028919659406461476,0.06645554437755463,0.2860916001111491,0.6185331961048348
Test_309,0.012774664417855582,0.1295403073915179,0.8031642391210944,0.0545207890695324
Test_310,0.022210563696212327,0.35131189129676926,0.5235690078324909,0.10290853717452726
Test_311,0.012094688269809716,0.3349851787578085,0.5231397755304932,0.12978035744188823
Test_312,0.003782413332800044,0.008058412821834967,0.006287294642891094,0.9818718792024741
Test_313,0.005686349008850971,0.02777217789673382,0.003481861940783964,0.9630596111536311
Test_314,0.007707992837519673,0.030100577950388924,0.008987347324766881,0.9532040818873244
Test_315,0.001879576650474052,0.008475151473958486,0.0009193663581112535,0.9887259055174564
Test_316,0.7897648483949047,0.005744424245457547,0.19707368425835062,0.007417043101287285
Test_317,0.02196165476347326,0.010950321510813545,0.9572129786057835,0.009875045119929836
Test_318,0.18623119066597854,0.12625230299146462,0.27908005518196904,0.4084364511605875
Test_319,0.0019014032210126549,0.0587626017517824,0.9275412595990947,0.011794735428110551
Test_320,0.11208211583571114,0.10240337139325735,0.6344043785172806,0.15111013425375114
Test_321,0.7604666737634092,0.11272157199048395,0.06471076999094835,0.062100984255158385
Test_322,0.4082015329899302,0.03983997743116844,0.5001262985048736,0.05183219107402756
Test_323,0.041827485839718466,0.02661818668667494,0.9194462859091964,0.01210804156441022
Test_324,0.025787869444481696,0.13144256516697594,0.8348298535071274,0.007939711881414815
Test_325,0.018544548717528198,0.1274962675559499,0.011075196831701177,0.8428839868948206
Test_326,0.0010982095856511755,0.008221681254321706,0.9882181911446337,0.0024619180153935584
Test_327,0.03629181538701357,0.022067943989295107,0.02470477841147862,0.9169354622122129
Test_328,0.008170446742693224,0.058558225209304135,0.9282146237051517,0.005056704342850808
Test_329,0.011660968125539264,0.10805547361293058,0.8737007924826552,0.006582765778875353
Test_330,0.021001306940162914,0.5498978974003039,0.41202806124930064,0.017072734410232597
Test_331,0.2959066164432058,0.09754260214216914,0.06088814806619665,0.5456626333484282
Test_332,0.8524422835778389,0.04166680603566688,0.009432467425773005,0.09645844296072124
Test_333,0.011123126270445557,0.04916344023318275,0.9289529319469046,0.010760501549466957
Test_334,0.002552326042053238,0.014380823989461953,0.9817814344113478,0.001285415557136918
Test_335,0.343280127353482,0.1410691835118208,0.23984716009681906,0.27580352903787814
Test_336,0.29530914966800187,0.08338962163200625,0.5368534641258242,0.08444776457416771
Test_337,0.808428126007641,0.027096060933899522,0.055744175323548306,0.108731637734911
Test_338,0.903423781395098,0.0018321211389238717,0.055684305947984715,0.039059791517993464
Test_339,0.11259592540500926,0.1687936530346189,0.7056799480895872,0.012930473470784533
Test_340,0.1980578132164955,0.050848450879155044,0.5703717942979082,0.18072194160644117
Test_341,0.3279065271419194,0.07630372168723185,0.010763371455798799,0.58502637971505
Test_342,0.9413410531673345,0.010999564737320616,0.036590280717239305,0.011069101378105666
Test_343,0.12562864014744696,0.008693199600139355,0.014036570793338567,0.8516415894590753
Test_344,0.003322885975666147,0.02340304033446668,0.9728887905329593,0.0003852831569080323
Test_345,0.0024504915202236133,0.0580943398014295,0.9339209890434409,0.005534179634906151
Test_346,0.008151788307244428,0.09102230081156908,0.8906788987064131,0.010147012174773594
Test_347,0.002145891022182971,0.02456547731932104,0.9578520677072665,0.015436563951229276
Test_348,0.0003284774772221876,0.0016909641830114997,0.00057481816337156,0.9974057401763948
Test_349,0.25953208469993927,0.07779469574090277,0.11942200776073804,0.5432512117984198
Test_350,0.09360815838833077,0.08019236411283624,0.06097560838274189,0.7652238691160909
Test_351,0.008593118849301197,0.2727959912589355,0.7048256113952165,0.013785278496546862
Test_352,0.22839246081854475,0.16325712740963907,0.08544468726902965,0.5229057245027865
Test_353,0.23882431517597286,0.09910505421065775,0.07624060345731742,0.5858300271560519
Test_354,0.17485284421605937,0.01073770304735362,0.8019927160768505,0.012416736659736418
Test_355,0.8572075258371566,0.026789544961908756,0.006059972534791392,0.10994295666614327
Test_356,0.053906354641900626,0.013711692406150533,0.89695440816514,0.03542754478680883
Test_357,0.844409481882644,0.021892295118222983,0.1264395019560746,0.007258721043058364
Test_358,0.088949493002948,0.15642580495316483,0.3137596748319615,0.4408650272119255
Test_359,0.057505176349073074,0.04700637313475306,0.0749081737463239,0.8205802767698497
Test_360,0.020733296838530375,0.030014753391396122,0.014498758728117855,0.9347531910419559
Test_361,0.7710680252708871,0.06598964637714909,0.027600974617132654,0.13534135373483103
Test_362,0.670887598781065,0.0048923824439429916,0.08120738164974504,0.24301263712524693
Test_363,0.005695266627032097,0.05137990496542305,0.8783009898657045,0.06462383854184013
Test_364,0.002709012059939671,0.0126020815849153,0.9830921672254513,0.0015967391296937746
Test_365,0.053268899619743924,0.006246501840872242,0.9238731869010802,0.016611411638304003
Test_366,0.04620798180914595,0.04481173795838532,0.8117490026836414,0.09723127754882774
Test_367,0.4109957368020875,0.03212412767219156,0.0797791810690867,0.4771009544566343
Test_368,0.48848047967290026,0.03457830881378544,0.4002673602745441,0.07667385123876978
Test_369,0.0015669547502521455,0.011074766956846211,0.004951326571771185,0.9824069517211304
Test_370,0.026310367486419965,0.008098804527288747,0.9553900231905481,0.010200804795743076
Test_371,0.002199522285415859,0.03961303343308652,0.9566191077975248,0.0015683364839726606
Test_372,0.012134378561311917,0.028006237522986737,0.01338572874875498,0.9464736551669466
Test_373,0.007001855934024561,0.025678526237162297,0.9590335057033177,0.008286112125495609
Test_374,0.02197618874127425,0.070789025989197,0.897536269756551,0.009698515512977764
Test_375,0.015297849012047393,0.030735689110386266,0.003889351673670012,0.9500771102038963
Test_376,0.9552438149399535,0.0181666602512348,0.006508229951294731,0.020081294857516797
Test_377,0.2277275839701047,0.04132305359339591,0.09570320937147858,0.6352461530650207
Test_378,0.01702800677312167,0.0975947111263126,0.8606335103872843,0.024743771713281515
Test_379,0.10090099993101068,0.09296648236875675,0.7487232610983677,0.05740925660186484
Test_380,0.2201270514020472,0.19865285419180329,0.10969184721340726,0.47152824719274233
Test_381,0.5369685427429974,0.12058158784955576,0.027340025628420923,0.31510984377902596
Test_382,0.05589037504319524,0.03291600659331988,0.007947065425290861,0.9032465529381939
Test_383,0.4009411016743189,0.028680907822026442,0.06277745224494993,0.5076005382587049
Test_384,0.05730126532319403,0.017192443573601137,0.9124437680496122,0.013062523053592462
Test_385,0.026855896340267492,0.020573707927700354,0.014549843751162172,0.9380205519808698
Test_386,0.006553137144582386,0.0953255217365955,0.8713338154836587,0.026787525635163425
Test_387,0.17691206624931247,0.03593677167405586,0.035427031828104895,0.7517241302485268
Test_388,0.731286720544771,0.014844051268186578,0.11586640966111156,0.13800281852593058
Test_389,0.8742808775490669,0.001051663375310936,0.11924117763933582,0.005426281436286378
Test_390,0.3542476402193598,0.03063537823055715,0.03368135378473992,0.581435627765343
Test_391,0.01042313938929835,0.08276527087840842,0.889284511791664,0.017527077940628882
Test_392,0.015758152768690574,0.030600370571567816,0.8152057822865486,0.13843569437319334
Test_393,0.02275110324971567,0.003123832605166298,0.00045554736660885953,0.9736695167785092
Test_394,0.8718850307418295,0.004150072233623971,0.004945208206426328,0.11901968881812007
Test_395,0.020023421224392577,0.34777106857625334,0.543893743511464,0.08831176668789023
Test_396,0.042116214144075056,0.1157327106017812,0.031955172965468216,0.8101959022886756
Test_397,0.23892392241730212,0.06749261888807731,0.17046822257367295,0.5231152361209476
Test_398,0.0149785907548727,0.4835491507738979,0.40318067745069197,0.0982915810205375
Test_399,0.6782765975838145,0.022930444759996175,0.010659489914461593,0.28813346774172766
Test_400,0.0041962178017899655,0.046914061142005685,0.9417419997375323,0.007147721318671983
Test_401,0.01208999421842291,0.05952003167515999,0.9180447128590165,0.01034526124740067
Test_402,0.15525926517812677,0.007495193828857736,0.02727800495627176,0.8099675360367441
Test_403,0.06527671801122593,0.023733128593510473,0.889340811264936,0.021649342130327265
Test_404,0.22118289978018504,0.05853442750703014,0.04671345381058611,0.6735692189021986
Test_405,0.00030396135682480787,0.021986572161095393,0.0009589551125993114,0.9767505113694801
Test_406,0.0007201563459321212,0.002975358321249965,0.0018756508054954854,0.9944288345273223
Test_407,0.0007469370341403768,0.03853362964522223,0.002322131587168593,0.9583973017334688
Test_408,0.01394335879111629,0.039421749270884994,0.009986340304703014,0.9366485516332954
Test_409,0.002987874989957189,0.08091566149803901,0.1260495404822291,0.7900469230297749
Test_410,0.02859735417404529,0.02590352109771368,0.006802380336697118,0.9386967443915439
Test_411,0.9919183038168975,0.0016844082964819489,0.0014068941692063166,0.004990393717413934
Test_412,0.039885545274195015,0.4178966699820042,0.46962996632500553,0.07258781841879532
Test_413,0.9958006187549381,0.00044567370089027876,0.0009068568248407716,0.002846850719330949
Test_414,0.01292259763726575,0.039067817161158945,0.9366197014655134,0.011389883736062006
Test_415,0.21688108175335521,0.06254404525671053,0.6990587082237614,0.021516164766172723
Test_416,0.04312874058699212,0.046952762396255426,0.019274065238672946,0.8906444317780795
Test_417,0.0063030919896460815,0.018983814190806053,0.9713301594855925,0.0033829343339552404
Test_418,0.8860101606672289,0.013486174425399695,0.013561254816879389,0.08694241009049218
Test_419,0.9191390823627207,0.005491405366311348,0.03652018410407273,0.038849328166895354
Test_420,0.015631935690725844,0.2081825642981438,0.760346462261845,0.015839037749285516
Test_421,0.013033949553905032,0.01393112010359657,0.008461618686424685,0.9645733116560739
Test_422,0.5628063178105445,0.01392710533745529,0.048612049706308676,0.37465452714569164
Test_423,0.024982999792349386,0.13358887224562374,0.7927058564564191,0.0487222715056079
Test_424,0.0022097638235775963,0.1975150155458687,0.7949195815420246,0.005355639088528965
Test_425,0.3909280912292063,0.04952601707978405,0.20985806403246868,0.349687827658541
Test_426,0.6741124074053564,0.015234092874419082,0.1273141297220471,0.18333936999817757
Test_427,0.012412145981574977,0.1335098568107675,0.006484702199783836,0.8475932950078738
Test_428,0.0004298148225602124,0.009615267655898097,0.0031457785350496982,0.9868091389864919
Test_429,0.0017491312527272652,0.021316863568904807,0.9757025299123057,0.001231475266062365
Test_430,0.05433549693554724,0.05132028683396353,0.8792129599301649,0.015131256300324254
Test_431,0.8759124110867005,0.007492845711921096,0.010253134175187414,0.10634160902619115
Test_432,0.15244953002826536,0.054431151598822496,0.02294436601102104,0.7701749523618909
Test_433,0.01029941201924144,0.007903693744600964,0.0012212887079627015,0.9805756055281949
Test_434,0.005348069415435292,0.128435793485025,0.08454184689262138,0.7816742902069183
Test_435,0.9419507011533808,0.015316630020518852,0.013985591969870974,0.028747076856229355
Test_436,0.03326016189738172,0.057079954763021946,0.13238440266827245,0.7772754806713237
Test_437,0.021492453810689694,0.07637156029829734,0.8797708645151838,0.022365121375829043
Test_438,0.0014582065624489725,0.1951504266980918,0.7866165830069962,0.016774783732462807
Test_439,0.08469788902610043,0.0974063851152799,0.7961822068777317,0.02171351898088803
Test_440,0.002059000639010824,0.05061819878185194,0.9446794031482892,0.0026433974308478674
Test_441,0.6865416226456633,0.09886112393232903,0.08890663119578184,0.1256906222262259
Test_442,0.07143276946966039,0.016008053025601703,0.8767512556523254,0.035807921852412494
Test_443,0.012797998220127492,0.4539207866356936,0.01600339199090677,0.5172778231532722
Test_444,0.9163615311786661,0.0051157547556655815,0.021318640573096105,0.05720407349257196
Test_445,0.004242572238422471,0.018166735693339302,0.973196910021953,0.004393782046285189
Test_446,0.011874084310781392,0.021218994296075544,0.9458120653451445,0.021094856047998763
Test_447,0.01563340455910423,0.018397859988414027,0.954248623234391,0.011720112218090651
Test_448,0.01754170648839076,0.022896235640809684,0.945062846397831,0.014499211472968855
