image_id,healthy,multiple_diseases,rust,scab
Test_0,0.000560543237717864,0.33786819237838484,0.5557620962248571,0.10580916815904025
Test_1,0.00047921420003789727,0.1489483415519117,0.8476337624847203,0.0029386817633301927
Test_2,0.062460474839133334,0.217182992547144,0.0629189688515194,0.6574375637622034
Test_3,0.9066593349805764,0.00432400490058352,0.02734936591245841,0.06166729420638181
Test_4,0.0008207072275333804,0.026371291676669132,0.968188924919422,0.004619076176375501
Test_5,0.9883265233836454,0.004929239654407504,0.0010583501030151537,0.005685886858932002
Test_6,0.7728484471184766,0.009268681418086042,0.04258459252209508,0.17529827894134226
Test_7,0.008359589800535425,0.022373934233750184,0.011075679768271951,0.9581907961974424
Test_8,0.30977925795305117,0.10488505740420606,0.09715706123098831,0.48817862341175444
Test_9,0.07844811125282931,0.13983219193304966,0.7184072919582061,0.06331240485591497
Test_10,0.016852209516046567,0.40669537319009275,0.5674630999709381,0.00898931732292264
Test_11,0.7356766633073338,0.005414715442445283,0.24250228651942862,0.01640633473079249
Test_12,0.17402489514730896,0.0314541151545004,0.0018372114707589583,0.7926837782274315
Test_13,0.9188746153020314,0.013142870783843972,0.04745753006112739,0.020524983852997458
Test_14,0.0037606424605520204,0.022953278829802953,0.9714600606202514,0.0018260180893934603
Test_15,0.24894100492381555,0.12062039207658169,0.48358672957864907,0.1468518734209537
Test_16,0.6728447237920838,0.02073820503438069,0.2272930901503216,0.07912398102321389
Test_17,0.00403689721526247,0.3049289155419668,0.06738587760852159,0.6236483096342489
Test_18,0.7570832453002496,0.019817952439511462,0.01626002766837758,0.20683877459186137
Test_19,0.0018386389345869671,0.0406123968927666,0.9505303444418964,0.00701861973074963
Test_20,0.08834130172180411,0.006073636973631456,0.030006235080686484,0.8755788262238778
Test_21,0.8655146181187802,0.01609424717940583,0.06384443864020432,0.0545466960616097
Test_22,0.0024068389366737105,0.08565265030354641,0.907858443781383,0.004082066978397037
Test_23,0.0018490269258597156,0.01022471559087148,0.0019399263945518914,0.9859863310887171
Test_24,0.8794896393038528,0.005667458772316987,0.044321266659291654,0.07052163526453865
Test_25,0.2532511621607173,0.010681354428924133,0.051739235633932935,0.6843282477764256
Test_26,0.031003030580688252,0.14268607700283054,0.0803321882561621,0.745978704160319
Test_27,0.009651473897896523,0.04524538386967655,0.8900645667781737,0.05503857545425334
Test_28,0.9920444551156463,0.0011138684597770806,0.0008555340400113355,0.005986142384565261
Test_29,0.612802888840778,0.043055232846420405,0.05792398717603879,0.2862178911367628
Test_30,0.8467545830506831,0.027231241758561495,0.0077385147899897925,0.11827566040076586
Test_31,0.0009049302755101053,0.17296111382578694,0.8173141981109392,0.008819757787764055
Test_32,0.8352590166926607,0.06226934627151393,0.059432391465625574,0.043039245570199815
Test_33,0.03359845697614555,0.08183499658994892,0.034001798802801866,0.8505647476311039
Test_34,0.1498798831236856,0.05016132046526252,0.5074695414054843,0.29248925500556744
Test_35,0.005703177917075344,0.0035791651926422668,0.007224265989582981,0.9834933909006993
Test_36,4.943783373259413e-05,0.009596816862620887,0.9897075019587634,0.0006462433448831453
Test_37,0.01740486171512016,0.011413880903546744,0.00298731851224022,0.9681939388690928
Test_38,0.0029085568262821886,0.01626047609711692,0.04340204934108348,0.9374289177355174
Test_39,0.010167555693554117,0.0061327770677908075,0.9797297304410423,0.003969936797612677
Test_40,0.0022056954073245943,0.12605740755509964,0.8552355328042226,0.016501364233353407
Test_41,0.0035788461989454856,0.047350608173398284,0.9330942079300647,0.015976337697591513
Test_42,0.003951167161659905,0.03683927572050739,0.02841677370196774,0.9307927834158649
Test_43,0.9502322050159402,0.0022196863378441344,0.03965526235495641,0.007892846291259116
Test_44,0.23085001773888683,0.07562143686606262,0.01858457941108655,0.674943965983964
Test_45,0.24345869477821314,0.043789277606843674,0.06146122939487793,0.6512907982200654
Test_46,0.5476092806692111,0.04206296362188426,0.013768339189371238,0.3965594165195331
Test_47,0.0008604583256070741,0.026464884986763793,0.9428465119912994,0.029828144696329818
Test_48,0.00545400949503062,0.24250855372120503,0.726620642803378,0.025416793980386224
Test_49,0.024854689450900774,0.03233907102656507,0.9275557144207932,0.015250525101740997
Test_50,0.00021055366578007909,0.1333049757245357,0.8625612820142567,0.003923188595427559
Test_51,0.0007286910015473769,0.20025663233286237,0.7811848657727165,0.01782981089287373
Test_52,0.005414996092384291,0.08692741219251236,0.8270046392563514,0.08065295245875209
Test_53,0.0016854198265407341,0.008350986399170202,0.9870038450403791,0.002959748733910343
Test_54,0.00899300014658156,0.48538201333004355,0.4789076507926384,0.02671733573073675
Test_55,0.01910700290762246,0.02333823867198381,0.6283469177654282,0.3292078406549659
Test_56,0.02395741574417886,0.22073219877234068,0.014899634403591518,0.7404107510798887
Test_57,0.24158480729586204,0.023183673667329558,0.6984732360803476,0.036758282956460886
Test_58,0.0009190448086734242,0.0073043227966458815,0.0022547652791776564,0.989521867115503
Test_59,0.0022650875255436132,0.03731146715026119,0.9470087618043985,0.013414683519796614
Test_60,0.012112740400995662,0.10819600458579415,0.03811388398139907,0.8415773710318112
Test_61,0.8214780716216162,0.037684775239968306,0.03914341403979846,0.10169373909861704
Test_62,0.40558220145709906,0.009883766200751142,0.5620629490794178,0.022471083262731943
Test_63,0.006900987797729605,0.16985491512832374,0.2811059487639444,0.5421381483100023
Test_64,0.9712537369132512,0.0017524149186557213,0.01812814721397002,0.008865700954123168
Test_65,0.00017186548205258754,0.06417232533377233,0.9296900915420114,0.005965717642163621
Test_66,0.9548488055112544,0.008435392692193277,0.009169809773732888,0.027545992022819488
Test_67,0.000835320230044869,0.04706143557707546,0.9383545613552521,0.013748682837627438
Test_68,0.09371838610035292,0.1901486778043466,0.03916579814834574,0.6769671379469548
Test_69,0.0026466609845600033,0.009366384718193914,0.9765592944308705,0.011427659866375442
Test_70,0.020493778911250878,0.024001253138604836,0.05669143896930304,0.8988135289808412
Test_71,0.4062433054903035,0.01813332653926059,0.5543326518456011,0.02129071612483467
Test_72,0.15253702862140153,0.01981808174271137,0.00828335651903577,0.8193615331168513
Test_73,0.7177394411904814,0.007016106392896296,0.266022667404823,0.009221785011799334
Test_74,0.32825524002675716,0.10281066027320106,0.04334045741678929,0.5255936422832524
Test_75,0.026793406609263562,0.017053105077701337,0.22261301230182173,0.733540476011213
Test_76,0.9889160846817292,0.00037345784878451706,0.0054302406942085815,0.005280216775277686
Test_77,0.01694143501677475,0.03537033471364391,0.8905061814664075,0.057182048803174006
Test_78,0.0037992651589099174,0.1814630836488828,0.05419891420683276,0.7605387369853742
Test_79,0.36059618224553763,0.022045774781904857,0.2198824908126492,0.3974755521599083
Test_80,0.01673507114141392,0.5149528687826943,0.3564914479843118,0.11182061209158002
Test_81,0.0009884015890752834,0.22846684216341293,0.7647622822005092,0.005782474047002913
Test_82,0.006131922881474047,0.08654640046223028,0.28512801821681416,0.6221936584394816
Test_83,0.00016295370586993086,0.13194276066535546,0.8668283038173135,0.001065981811460987
Test_84,0.07606404446961425,0.02147720096164223,0.011704195444932938,0.8907545591238111
Test_85,0.5595209159739472,0.014674389348089366,0.33076668636574375,0.09503800831221924
Test_86,0.2525666520498205,0.2901319608429137,0.2839565680631811,0.17334481904408447
Test_87,0.737978964974933,0.007656944370809966,0.044569117238469826,0.20979497341578757
Test_88,0.23260552609536733,0.10013409711388976,0.07051866520632534,0.5967417115844179
Test_89,0.5175979325984641,0.005127683839067933,0.44268379319996226,0.03459059036250588
Test_90,0.0010746209523787617,0.016043871348770944,0.9777874888051473,0.005094018893702739
Test_91,0.47042701188927316,0.055581061083474416,0.2788098566950926,0.1951820703321599
Test_92,0.9521699974043755,0.0018228911729559166,0.035176802571706016,0.010830308850962665
Test_93,0.0008947753329035345,0.07930223627978074,0.9174215248035705,0.0023814635837453644
Test_94,0.001781921975168699,0.018890697584371695,0.003357762189223066,0.9759696182512363
Test_95,0.36787311079683394,0.03591334598840013,0.46590448973308446,0.13030905348168173
Test_96,0.05270868594455147,0.010603597876118,0.025411495452035367,0.9112762207272952
Test_97,0.4973525080471055,0.0460484826517294,0.06479121599879169,0.39180779330237325
Test_98,0.015006674454946033,0.015583274597124526,0.02624115481722244,0.9431688961307072
Test_99,0.39424423203423414,0.019747948355964877,0.16453573591349008,0.4214720836963108
Test_100,0.010620544944997633,0.0798871499473192,0.04204836992041449,0.8674439351872686
Test_101,0.9274325579939287,0.0038782530231657557,0.023837769098974247,0.0448514198839314
Test_102,0.1472502431074728,0.06551013995414727,0.08457283896956125,0.7026667779688186
Test_103,0.03882817132748036,0.03760510996236193,0.9052388616776738,0.01832785703248389
Test_104,0.06299138483026166,0.05266969528500757,0.057456685541385145,0.8268822343433455
Test_105,0.06354281903318648,0.006694084739161755,0.025150852083276113,0.9046122441443757
Test_106,0.8159199341497145,0.1210558829121732,0.04302931239059704,0.019994870547515472
Test_107,0.0026271934098957765,0.011626901675630207,0.9813967242403476,0.004349180674126681
Test_108,0.000443532119843003,0.008252430862550722,0.0032966623212371477,0.988007374696369
Test_109,0.06859775357469279,0.0644961169150269,0.3884711519218051,0.47843497758847525
Test_110,0.3671496440194937,0.02276168367213428,0.0050410829915290434,0.6050475893168429
Test_111,0.38685542657666555,0.0814871160676077,0.019720812787294352,0.5119366445684325
Test_112,0.006553291052526361,0.058389474729406546,0.8903934423611248,0.04466379185694217
Test_113,0.8039671267276278,0.024875182317187296,0.07834251973504801,0.09281517122013667
Test_114,0.01834013379778689,0.0736968167668042,0.8112462417976877,0.0967168076377209
Test_115,0.0024247065150399707,0.01605675670995681,0.9791070319675432,0.0024115048074602645
Test_116,0.008351614863479667,0.007154438945365521,0.9638204496313922,0.020673496559762465
Test_117,0.002008614709048009,0.07167392680270808,0.9140819993995262,0.012235459088717909
Test_118,0.0021613497025063685,0.006264398938511266,0.9857041589426032,0.0058700924163794955
Test_119,0.8366369460511079,0.008038169316262906,0.05581270820427568,0.09951217642835379
Test_120,0.004021133366491379,0.16860747966830011,0.8094319907607522,0.01793939620445606
Test_121,0.16931672014967716,0.10787455991847504,0.4329261694854371,0.28988255044641065
Test_122,0.025787903070423255,0.09273168051982832,0.8657028078467531,0.015777608562995076
Test_123,0.005655050165503538,0.11657640810034804,0.8717900273970884,0.005978514337060176
Test_124,0.0048267241708955435,0.0027469047719151873,0.002159763426382372,0.9902666076308068
Test_125,0.061788280216647784,0.6023943309249353,0.23418279982857318,0.10163458902984356
Test_126,0.9476791120087316,0.02851483795498423,0.011090425087374959,0.012715624948909354
Test_127,0.8031151282274941,0.12932727969261756,0.0268070400537274,0.040750552026160715
Test_128,0.0023780745536439575,0.19149610362798775,0.0948959636284366,0.7112298581899316
Test_129,0.047031127337081396,0.09645565187179805,0.4916220653634182,0.3648911554277021
Test_130,0.1768418891814536,0.01229323586438653,0.0070857526501284275,0.8037791223040316
Test_131,0.00037305708769376966,0.02387350314799244,0.004540907193553178,0.9712125325707606
Test_132,0.9582055788016272,0.004393260485934829,0.03294306257531047,0.00445809813712723
Test_133,0.0018740790066910289,0.01763149782098637,0.001076369262437398,0.979418053909885
Test_134,0.6794825620897639,0.05663662802356366,0.16857829223443946,0.09530251765223309
Test_135,0.04373766296469884,0.032914142237121066,0.13046093485239715,0.7928872599457829
Test_136,0.00244363334025457,0.004697903710006814,0.013106199171179932,0.9797522637785588
Test_137,0.0006006074881500412,0.08572539745170249,0.911550132080454,0.002123862979693417
Test_138,6.666803578295098e-05,0.007437476575512829,0.991748044488555,0.0007478109001489257
Test_139,0.9160704530614958,0.006066716119006668,0.03495858721206443,0.042904243607433036
Test_140,0.025574451011969618,0.005511591629651434,0.9646731360684483,0.004240821289930722
Test_141,0.029744215153118838,0.05477372099937105,0.03524805828337496,0.8802340055641352
Test_142,0.01813425889424631,0.3377423303636587,0.2124663599489757,0.43165705079311917
Test_143,0.01636250049901779,0.07820347348019584,0.05026306394237643,0.8551709620784096
Test_144,0.8960318831588534,0.010219743869142024,0.02707698903908805,0.06667138393291654
Test_145,0.07076831258802445,0.020917456424091804,0.21540620298645696,0.6929080280014267
Test_146,0.0317215687878108,0.02136030974761125,0.9201812319698157,0.026736889494762137
Test_147,0.001099829301131122,0.19046210034641112,0.7926222667052488,0.01581580364720914
Test_148,0.797085029115327,0.05989945998920375,0.015138303446903343,0.12787720744856595
Test_149,0.09430767004391614,0.010219299496225192,0.7797935457794463,0.11567948468041239
Test_150,0.2606775851679085,0.09067145061356516,0.33156465794339,0.3170863062751361
Test_151,0.0068507352136808934,0.022700900889566708,0.9548343525502585,0.015614011346494034
Test_152,0.009178869570660626,0.043322833481017085,0.9161915858982352,0.03130671105008708
Test_153,0.2492318782999753,0.017124247580584874,0.09597877541597502,0.6376650987034649
Test_154,0.02181000008252202,0.0163443214819312,0.9313918841314714,0.030453794304075205
Test_155,0.002880217218200553,0.07626255895936165,0.9027970382700797,0.018060185552358193
Test_156,0.2607609799556668,0.04733587394203821,0.05912152725839047,0.6327816188439048
Test_157,0.14847661200215725,0.014388495866209643,0.4353312092589481,0.401803682872685
Test_158,0.005022781596207406,0.011771749943761746,0.014690454446122455,0.968515014013908
Test_159,0.07721635010822703,0.04262367536229598,0.2817720290195121,0.598387945509965
Test_160,0.8821314110042264,0.009305842159093492,0.019303098249138197,0.08925964858754178
Test_161,0.005698401679110904,0.13892123796754643,0.7478039341705849,0.10757642618275788
Test_162,0.004415360383330423,0.004507146278095271,0.981439888922943,0.009637604415631407
Test_163,0.013881534695461417,0.3357643387423185,0.623556407749035,0.026797718813185104
Test_164,0.5003623187709498,0.3062352363259852,0.04670622036360672,0.1466962245394582
Test_165,0.09369161279354397,0.19505318471162594,0.08713893011053922,0.6241162723842912
Test_166,0.8333878733010787,0.00547726338227909,0.13541381826245874,0.02572104505418337
Test_167,0.006931843968755448,0.022826158639299376,0.9637909994839493,0.006450997907995762
Test_168,0.006187445207708917,0.25192731478426,0.6751270506460677,0.06675818936196312
Test_169,0.28234730397016006,0.02257495093775456,0.6420955448630319,0.052982200229053374
Test_170,0.3077168297621031,0.028846518657206447,0.10994059995760307,0.5534960516230873
Test_171,0.010584963707292016,0.02947479501639115,0.8834127452414567,0.07652749603486023
Test_172,0.005350438841524476,0.1788242078197176,0.769539412121296,0.046285941217461796
Test_173,0.03543653191059218,0.04391637071111788,0.9177523777576603,0.0028947196206293734
Test_174,0.6025886502393543,0.10877247984288761,0.022700675225226504,0.2659381946925315
Test_175,0.5270315037904227,0.17132489911846163,0.03808610828533617,0.26355748880577945
Test_176,0.008779151862735866,0.12875565070709558,0.8337118354396792,0.028753361990489522
Test_177,0.08790538990606538,0.006064616179915328,0.00738248350809284,0.8986475104059265
Test_178,0.0031081003692025435,0.011470355333254337,0.0011196688934944304,0.9843018754040486
Test_179,0.004673180246153741,0.013098351080795627,0.9645198754132936,0.017708593259757113
Test_180,0.17502924018759952,0.16973584143196396,0.19551200393019122,0.45972291445024516
Test_181,0.28702316797078464,0.03067131448923234,0.03443807225187416,0.647867445288109
Test_182,0.0110974755006601,0.027164436542646605,0.9457989043615234,0.015939183595169895
Test_183,0.9669871856877721,0.0037216278106736137,0.026611462454875567,0.002679724046678615
Test_184,0.12294289501465479,0.02327594497574001,0.03908135193891922,0.8146998080706863
Test_185,0.35289993000149894,0.02490006559788018,0.025801197403357196,0.5963988069972634
Test_186,0.38086785719464356,0.05359007064969819,0.12365878223833228,0.4418832899173263
Test_187,0.00706751605900572,0.024819288541005024,0.9632812432332393,0.004831952166750028
Test_188,0.3705032784243123,0.006858436849034149,0.597632411951641,0.025005872775012608
Test_189,0.8116508710272451,0.048480378236482546,0.01808299362170428,0.12178575711456831
Test_190,0.167355141375347,0.037307346779251356,0.47758789901788035,0.3177496128275217
Test_191,0.009770144420571667,0.09532965720972732,0.8306904230890512,0.0642097752806502
Test_192,0.7528373744737775,0.050822093031282885,0.05252794447777996,0.1438125880171597
Test_193,0.003504783524131477,0.10712619768292968,0.8222881386006917,0.06708088019224737
Test_194,0.00010535527909126968,0.07974064378080693,0.9188344923194848,0.001319508620616758
Test_195,0.6537577250574128,0.22911777453089813,0.04851018555737485,0.06861431485431421
Test_196,0.2722348210456234,0.043680783794466556,0.12505492993248868,0.5590294652274217
Test_197,0.0003505323321745299,0.02480857805920541,0.9586267662206335,0.01621412338798632
Test_198,0.17582024612201957,0.042791933025255795,0.25578052972302684,0.5256072911296978
Test_199,0.08157465797690071,0.028213938638303997,0.47759051568513194,0.41262088769966343
Test_200,0.002795620147323324,0.026990329874319954,0.9645573278822981,0.005656722096058853
Test_201,0.03382172774499705,0.012241090577803723,0.058480910414902006,0.8954562712622972
Test_202,0.005835225337866544,0.19773089028051327,0.4968824576660276,0.2995514267155925
Test_203,0.011093136485261177,0.20789691880042954,0.7418813126294105,0.03912863208489882
Test_204,0.10142468455481238,0.01796227839923772,0.1954571215457684,0.6851559155001818
Test_205,0.05208172578233223,0.011227520645879506,0.00864717643945982,0.9280435771323285
Test_206,0.0025012879040389718,0.016403285269196342,0.0005675146699435622,0.9805279121568209
Test_207,0.012979897957501502,0.043938629457848766,0.9266008378643837,0.01648063472026622
Test_208,0.6018474465723778,0.02384153969700857,0.2577804411292846,0.11653057260132925
Test_209,0.005202539137070567,0.15458465596196247,0.7807846998605019,0.059428105040465376
Test_210,0.03531122464288205,0.024700913709041837,0.28881502135599557,0.6511728402920807
Test_211,0.027038145493070657,0.41298439788643543,0.19399153772012143,0.3659859189003727
Test_212,0.005750869582484101,0.01073986656223934,0.9815924531025544,0.0019168107527223416
Test_213,0.04030217379999385,0.5049583835193819,0.16407509157498826,0.2906643511056358
Test_214,0.001153882044858501,0.03519239489525107,0.9520661041512066,0.011587618908683548
Test_215,0.7031818269719071,0.17061733414842642,0.03293102853109925,0.09326981034856695
Test_216,0.8837781553237563,0.0015841631384458058,0.09563634653241997,0.01900133500537789
Test_217,0.24075755303257926,0.020572519837457844,0.06636643345172087,0.6723034936782419
Test_218,0.8753287205946874,0.006339301781483223,0.058271454969355416,0.06006052265447422
Test_219,0.09222373272611173,0.009070773046125621,0.8783620607566588,0.020343433471104223
Test_220,0.0056998530130012255,0.11032469531762204,0.02520885294433378,0.8587665987250427
Test_221,0.6817688845363562,0.021355854607147815,0.22356814606374437,0.07330711479275155
Test_222,0.00449858027303114,0.008508255477781097,0.9727115706421801,0.014281593607007977
Test_223,0.0028503122103153275,0.04232347697579642,0.9492065313900904,0.005619679423797827
Test_224,0.6275653633618361,0.0184799924438886,0.10594541953883702,0.24800922465543818
Test_225,0.43737058372894905,0.0151568781219028,0.526520980421731,0.02095155772741738
Test_226,0.0036052608567365657,0.224018364415109,0.757091837089167,0.015284537638987553
Test_227,0.36618210537648477,0.09407315635256357,0.01973426226002685,0.5200104760109246
Test_228,0.19160786527553567,0.020148599551021513,0.7467491723049514,0.04149436286849145
Test_229,0.0011503733150872264,0.20592784200660832,0.7767818631602891,0.01613992151801526
Test_230,0.043240045985734145,0.01906158323915068,0.002657279041678474,0.9350410917334367
Test_231,0.0013494317602505245,0.014152664729101358,0.0016895172787254119,0.9828083862319225
Test_232,0.016640118716211145,0.011368129462741156,0.9318042545225163,0.04018749729853155
Test_233,0.9890963840042194,0.00024443398440960034,0.003765768856604917,0.006893413154766056
Test_234,0.022446919066519463,0.0065024226412786846,0.0007118299951279955,0.9703388282970739
Test_235,0.010986102372970775,0.09735551973400403,0.030951808509429725,0.8607065693835957
Test_236,0.26704298795227066,0.03302019743937077,0.6528666260250683,0.04707018858329027
Test_237,0.045922388015955475,0.012411351113645577,0.09386898377359423,0.8477972770968047
Test_238,0.005545957286617771,0.026947336717852464,0.9652582240782315,0.002248481917298479
Test_239,0.02247790805346964,0.04604972568065824,0.9102664413338543,0.021205924932018075
Test_240,0.0044113693563149385,0.14686725588118532,0.8378590991601191,0.01086227560238061
Test_241,0.013511768933197875,0.07269028029981861,0.7224053906990352,0.19139256006794797
Test_242,0.1879820601233132,0.040474616155903385,0.20285288834058648,0.5686904353801968
Test_243,0.9161681254535226,0.015955254767225386,0.049570399518415624,0.01830622026083623
Test_244,0.11970821327245543,0.16725308922989998,0.1011828199208789,0.6118558775767653
Test_245,0.1173258468745224,0.4091338803330767,0.29246651302270293,0.18107375976969797
Test_246,0.023420601667454684,0.042936330693867424,0.01990008746334123,0.9137429801753367
Test_247,0.0006159163012253473,0.033815464094499044,0.0010858331079230726,0.9644827864963526
Test_248,0.29370823916311417,0.05926751828918782,0.1655955527015809,0.48142868984611714
Test_249,0.003719468190331595,0.00574728766734191,0.008098443985302293,0.9824348001570243
Test_250,0.9046661102129054,0.020534888355970334,0.007716442449722618,0.06708255898140124
Test_251,0.07343737785288507,0.021521510278383227,0.009371567958642257,0.8956695439100898
Test_252,0.011201756357148367,0.12379914095431908,0.7771520973026969,0.08784700538583573
Test_253,0.011103391660879671,0.40496507063340514,0.23635279781794286,0.34757873988777244
Test_254,0.02416849929246228,0.0896429680749221,0.005525686924686636,0.880662845707929
Test_255,0.3144156777809577,0.022298407756666166,0.06722892411672714,0.5960569903456492
Test_256,0.0003096197783749465,0.017318772040063452,0.013323269561537633,0.9690483386200239
Test_257,0.0008513562951004235,0.018072639655312854,0.9805322928086512,0.0005437112409356793
Test_258,0.004306010240412865,0.26542736143835116,0.20485606021880234,0.5254105681024338
Test_259,0.1407133201542146,0.004304763599447245,0.8099939778100802,0.04498793843625791
Test_260,0.3121639716393154,0.006837412168013649,0.015935256523763743,0.6650633596689073
Test_261,0.0012443671445814823,0.03868081604119015,0.9594582422243,0.000616574589928402
Test_262,0.003124290985913087,0.014627137036474044,0.9670723305636421,0.015176241413970833
Test_263,0.8565028512420951,0.014381433852541805,0.02508441610045803,0.10403129880490526
Test_264,0.6561151651788415,0.02542082909738476,0.07770014277320418,0.24076386295056945
Test_265,0.012423142763358978,0.03899345586968233,0.9347276034797821,0.013855797887176552
Test_266,0.0014190339900717476,0.006745985320008611,0.001039562046575292,0.9907954186433443
Test_267,0.9769869731382456,0.0018443271427019115,0.012537223459529432,0.008631476259523204
Test_268,0.006579760837742824,0.2923189810985798,0.6436156386610482,0.05748561940262947
Test_269,0.26022109571667995,0.127565115547075,0.5655352512412954,0.0466785374949497
Test_270,0.27783118887771086,0.027757855635028555,0.13771432692280655,0.556696628564454
Test_271,0.15573622412052268,0.07496391653930491,0.2800735662896228,0.4892262930505493
Test_272,0.004221384984778093,0.012950661137769421,0.9529347976139025,0.0298931562635497
Test_273,0.47811952557220794,0.12844719822431497,0.04076359846135677,0.3526696777421203
Test_274,0.03592349441353305,0.03441752760805392,0.8672238331710103,0.06243514480740254
Test_275,0.024193537258197638,0.05226869322605252,0.6551697306106489,0.2683680389051013
Test_276,0.022869346629041224,0.4046624942160808,0.2543151146833408,0.3181530444715371
Test_277,0.2578858948461322,0.03847100021237777,0.21044519884660398,0.4931979060948863
Test_278,0.026714901602384794,0.3015427134219629,0.16530867164479013,0.5064337133308623
Test_279,0.004414908479121903,0.031542923801801175,0.9545799113255805,0.009462256393496194
Test_280,0.0018994286994673047,0.023956092074897663,0.005858362045001775,0.9682861171806333
Test_281,0.0756277524228034,0.12609871480211698,0.10316245411620208,0.6951110786588773
Test_282,0.020928734055529752,0.656068146100997,0.04920129565875852,0.2738018241847148
Test_283,0.11462468394163819,0.22755368588563143,0.6312980773747499,0.026523552797980212
Test_284,0.0317540925532677,0.4417809017096879,0.4599782438018477,0.06648676193519708
Test_285,0.3535963318502816,0.056078932167208814,0.16841926146888278,0.4219054745136271
Test_286,0.4881820017505128,0.005799133542564524,0.02177191643656828,0.4842469482703544
Test_287,0.09777877805372392,0.032854190964332605,0.33856700218889396,0.5308000287930494
Test_288,0.001043811168325657,0.00691693712410021,0.0005336757090305878,0.9915055759985435
Test_289,0.00018788337356186513,0.004643019730662368,0.0007182652963451775,0.9944508315994306
Test_290,0.0017560343985533323,0.1419471556230318,0.8407529924566601,0.015543817521754778
Test_291,0.03525246371867561,0.008265351635406058,0.9435868091906966,0.012895375455221838
Test_292,0.8794141229429419,0.00313848082419368,0.07733507876103474,0.04011231747182962
Test_293,0.007901893225992057,0.0590563758785872,0.9228433687915635,0.010198362103857037
Test_294,0.004158558873172338,0.04569422914434256,0.9303835397821442,0.01976367220034057
Test_295,0.22386348231195005,0.019872706084773328,0.5168331042714813,0.23943070733179547
Test_296,0.20445395225498209,0.034421547866810204,0.5780632831622904,0.18306121671591755
Test_297,0.012695099949881657,0.06328432461493769,0.025434388179294738,0.8985861872558859
Test_298,0.006974648744036648,0.0373376357931273,0.910214873135224,0.04547284232761203
Test_299,0.020366835451395643,0.030254717616013456,0.3625248054018109,0.5868536415307801
Test_300,0.5182557778667717,0.12209321244049644,0.10511031486899043,0.2545406948237415
Test_301,0.9513402837987452,0.0052911640765962295,0.036168023275537836,0.007200528849120654
Test_302,0.015881821653275487,0.2798461804059256,0.05278594251575526,0.6514860554250433
Test_303,0.6138845117608411,0.02368903588543946,0.05268108555492846,0.30974536679879106
Test_304,0.978190918348009,0.0021464715883253143,0.004546632903920389,0.01511597715974528
Test_305,0.959059502950293,0.0038181314757021116,0.002052984848597612,0.03506938072540705
Test_306,0.1720160642991536,0.026069126282584808,0.4317182249257003,0.3701965844925613
Test_307,0.36641453981067235,0.04209875101466911,0.24285523531008812,0.34863147386457066
Test_308,0.022498034023540184,0.14520350939167823,0.22074897685625303,0.6115494797285285
Test_309,0.006255785558416439,0.2288251890209285,0.6638838473246319,0.10103517809602316
Test_310,0.0008122390006171026,0.24886115172601428,0.6775556780595142,0.07277093121385418
Test_311,0.004912335049442276,0.09684465492812627,0.8553312453312727,0.04291176469115893
Test_312,0.001868308543925344,0.006681627690649864,0.0009129458795320505,0.9905371178858925
Test_313,7.01609636507736e-05,0.003907618084435959,0.0009625878462752092,0.995059633105638
Test_314,0.022241897936657568,0.00897406003354861,0.03245440126682241,0.9363296407629715
Test_315,0.0001918104650072883,0.003231132306090225,0.0004454838177961487,0.9961315734111064
Test_316,0.9168013920486898,0.0016548342345743447,0.06442733354992089,0.01711644016681481
Test_317,0.004891836465049231,0.009910996556713054,0.9627253031458333,0.02247186383240447
Test_318,0.15423603712728942,0.04324965432653061,0.056667953850325276,0.7458463546958544
Test_319,0.00014659154038178143,0.019616260961627784,0.9777473139947995,0.0024898335031907385
Test_320,0.12157118293156119,0.06757752590920452,0.5401064297439891,0.2707448614152452
Test_321,0.9586494610273649,0.00873549639431249,0.012825057497905294,0.019789985080417086
Test_322,0.6882859992888003,0.03795242824654919,0.12678714772806843,0.14697442473658195
Test_323,0.013497575506545961,0.005686334055850394,0.935873723875992,0.044942366561611616
Test_324,0.001421886316639631,0.024285198728082068,0.9713301890965345,0.0029627258587438202
Test_325,0.2082687007348153,0.03818997099559317,0.016338575192203688,0.7372027530773877
Test_326,0.0006377347462854763,0.010462159811839141,0.9862218711287665,0.0026782343131087566
Test_327,0.006858407452615258,0.010018929729083031,0.010104980035026898,0.9730176827832746
Test_328,0.0028895884672995756,0.008523492134171624,0.9843446770374823,0.004242242361046677
Test_329,0.01904877258255938,0.07315572519356972,0.8810507332288645,0.02674476899500647
Test_330,0.00017886992152087785,0.1527844769073776,0.8456205270508279,0.0014161261202735198
Test_331,0.251807561644878,0.22869304243572422,0.10672937493402994,0.4127700209853678
Test_332,0.952905747849386,0.0027090635727835205,0.003120064137873899,0.041265124439956634
Test_333,0.004591957210988938,0.03107824697253871,0.9619390036423253,0.0023907921741471846
Test_334,0.0013317584926039428,0.0204949756466541,0.9768278605569368,0.0013454053038053787
Test_335,0.5385934148633325,0.01564641263251491,0.38990744760410856,0.05585272490004385
Test_336,0.058431981916727445,0.0955116258362071,0.79633324936572,0.04972314288134543
Test_337,0.6324098917211258,0.02914822357722907,0.26393451408002666,0.07450737062161857
Test_338,0.8956212629778784,0.0053670111097578604,0.055104173135662085,0.043907552776701546
Test_339,0.03434980237089127,0.1849803577094979,0.7041995888357241,0.07647025108388653
Test_340,0.3282221531069266,0.03729041550391009,0.49428011026254837,0.14020732112661485
Test_341,0.548291190489051,0.06917454599877386,0.009314776652492508,0.3732194868596831
Test_342,0.9315835171166014,0.01293041304312319,0.04623440072998078,0.00925166911029476
Test_343,0.21729516544701352,0.023390009618207586,0.21738892082162925,0.5419259041131499
Test_344,0.0007466385816714032,0.010254743407554544,0.9885460534089784,0.0004525646017959873
Test_345,0.00023810962484224592,0.0258994261637885,0.9704307914389626,0.0034316727724067997
Test_346,0.001541104944357669,0.022680791750713126,0.9605252185634595,0.01525288474146964
Test_347,0.03033805172702468,0.04505090150357455,0.8417245594444809,0.08288648732492014
Test_348,0.0029869857093477474,0.006940343449906254,0.004845034034855464,0.9852276368058908
Test_349,0.017313622256809026,0.04173221960322219,0.2787523694692163,0.6622017886707526
Test_350,0.011856683840785642,0.1411428347024864,0.24043991615409238,0.6065605653026352
Test_351,0.0004698879291950129,0.017760687971666026,0.9736756738755201,0.00809375022361887
Test_352,0.17606006316459583,0.17158511710554655,0.061754852123860164,0.5905999676059975
Test_353,0.11918236162716615,0.041281013944781945,0.05738855496339378,0.7821480694646584
Test_354,0.7075054629446073,0.02984025849736549,0.2003050157406612,0.06234926281736609
Test_355,0.829315048240218,0.0378135025009338,0.008143480066793541,0.12472796919205481
Test_356,0.2406678163598173,0.058770258580650846,0.25453193066552776,0.4460299943940041
Test_357,0.8904613039717681,0.01059448788650841,0.024476582312546163,0.07446762582917703
Test_358,0.23679275668632832,0.13977906803893134,0.11067984916896079,0.5127483261057791
Test_359,0.032793754845078356,0.01613156611905592,0.0390991674324182,0.9119755116034474
Test_360,0.007905526284001133,0.020592991789270324,0.01747118773563561,0.9540302941910928
Test_361,0.9019207749337034,0.03320447852929272,0.04928738504988699,0.015587361487116959
Test_362,0.6176804512701756,0.019095893648049252,0.2057061503458664,0.15751750473590895
Test_363,0.0037914925374480974,0.21648518157568553,0.7689522377515817,0.010771088135284821
Test_364,0.005234100627652073,0.05202690998303747,0.9299897976751093,0.012749191714201734
Test_365,0.05292923269342146,0.018423423252452168,0.8687747073003919,0.0598726367537345
Test_366,0.014017290030015356,0.03830889230477548,0.6183826308467949,0.32929118681841435
Test_367,0.49700527872434275,0.01633801070565684,0.064445440416078,0.4222112701539223
Test_368,0.15160084818155692,0.08919448051911244,0.5447659404813348,0.2144387308179959
Test_369,0.0028740601162055733,0.006600996377320898,0.0010858670407304764,0.989439076465743
Test_370,0.018538819472240065,0.009514915703810007,0.9498003979737476,0.02214586685020257
Test_371,0.00783533589720573,0.048176110321005265,0.9397229366552854,0.004265617126503253
Test_372,0.0032695664032600263,0.020607799077758865,0.003004603862726015,0.9731180306562551
Test_373,0.03292308178086199,0.19886044371667563,0.7109443069532481,0.05727216754921434
Test_374,0.07127987753540851,0.014981018769259271,0.8725709855781337,0.04116811811719815
Test_375,0.11574744633450358,0.028730909887651396,0.015785902972176236,0.8397357408056687
Test_376,0.8194464886679607,0.026959575796060276,0.09150498966561521,0.06208894587036378
Test_377,0.6429412255071708,0.09942030406141847,0.13196831910968226,0.12567015132172832
Test_378,0.0010285276681284148,0.009757162662273536,0.9879254372015717,0.0012888724680261943
Test_379,0.18512985201869803,0.04060754473233665,0.3792650900858202,0.394997513163145
Test_380,0.370971601217209,0.03981046654321245,0.31226057647725924,0.2769573557623191
Test_381,0.1914312811551176,0.037987330533561965,0.01660254445873954,0.753978843852581
Test_382,0.047247810236113165,0.16327632341572973,0.012885986631439288,0.7765898797167179
Test_383,0.9183080361566669,0.007078574152325296,0.0073980379543795195,0.06721535173662822
Test_384,0.03385410818886245,0.029287010767935228,0.9193171091024689,0.01754177194073331
Test_385,0.06492177682713962,0.008752047589788628,0.02119120720740034,0.9051349683756713
Test_386,0.000375590469320975,0.06828377251715599,0.9024459506267174,0.02889468638680554
Test_387,0.6411575684376156,0.025610754405385423,0.09885941296054711,0.2343722641964517
Test_388,0.6825533549327492,0.036246536431449025,0.10626861048324382,0.1749314981525581
Test_389,0.9435731879340531,0.006474997299280564,0.037926413333537176,0.012025401433129
Test_390,0.15743141077854414,0.014810398221617779,0.05704119462862151,0.7707169963712168
Test_391,0.0010101448719058745,0.15524338961052458,0.8342754240752746,0.00947104144229477
Test_392,0.002544646817417981,0.06675420662084827,0.5738951861127614,0.3568059604489724
Test_393,0.22291095036214922,0.020512118663710836,0.00843925738684112,0.7481376735872988
Test_394,0.3404609150678664,0.01093420228097409,0.026984993834795263,0.6216198888163644
Test_395,0.0418020630745037,0.23036860329142286,0.6791237561348712,0.048705577499202075
Test_396,0.1677780330881561,0.034624162358617,0.3176323450698614,0.47996545948336605
Test_397,0.3223583793635775,0.03838008942712015,0.019104697453690655,0.6201568337556117
Test_398,0.000558161925170636,0.20361912340585211,0.7666479578590296,0.029174756809948025
Test_399,0.15310918458424766,0.012434767159368912,0.08499218170843846,0.7494638665479451
Test_400,0.00014717528791923496,0.01651437480637624,0.9830140579979353,0.0003243919077690464
Test_401,0.001773949321893018,0.036435136092282376,0.9577752922624476,0.004015622323377381
Test_402,0.006495547110563605,0.0015128709780311638,0.0005574490672067034,0.9914341328441985
Test_403,0.018661727325467403,0.08111521913350227,0.8893448524206125,0.010878201120417874
Test_404,0.4085531537840408,0.022854142348886598,0.07408083572188243,0.49451186814519005
Test_405,0.008599351983272094,0.03556367644799812,0.00495361430461765,0.9508833572641121
Test_406,0.0006017822034008361,0.004432359098206326,0.008161741691910923,0.986804117006482
Test_407,0.0037162013773419165,0.11057352945977152,0.008263892739403195,0.8774463764234834
Test_408,0.022728766268836832,0.06910363290291709,0.022067653832233795,0.8860999469960122
Test_409,0.0007875832423112998,0.10738219845818478,0.05189636718748688,0.8399338511120173
Test_410,0.004364823963838953,0.013453269576244244,0.0014347836373556039,0.9807471228225613
Test_411,0.9834701030718572,0.0015917148042166496,0.005420123953341661,0.009518058170584777
Test_412,0.01695144852493628,0.6240267084572837,0.2679116122800585,0.09111023073772137
Test_413,0.9100216970881643,0.03386037952407441,0.04112288861886651,0.014995034768894567
Test_414,0.013615976889720022,0.20986943286705095,0.7301563627579085,0.046358227485320154
Test_415,0.003947365911398424,0.04374915471077975,0.9407862360099479,0.01151724336787364
Test_416,0.07725640864255899,0.017348132679851965,0.5068315812577352,0.3985638774198537
Test_417,0.008833791179840376,0.026433463734327273,0.9539929392816903,0.010739805804142098
Test_418,0.6329611840249366,0.05224024115501518,0.20429253695718402,0.1105060378628642
Test_419,0.917045154715121,0.010586045565788849,0.03010367141798975,0.0422651283011003
Test_420,0.0071246608154731375,0.024306260579098668,0.9658440897679507,0.0027249888374773546
Test_421,0.003338744429457242,0.0032235565266494765,0.001171447044808575,0.9922662519990846
Test_422,0.45610605818114247,0.05432568355731102,0.1901697045776665,0.29939855368388
Test_423,0.008515638125003833,0.410921602506957,0.48772681355257813,0.09283594581546076
Test_424,0.002892076758748797,0.23486794039296444,0.7577799096063127,0.004460073241974094
Test_425,0.09682451635208654,0.013096825953541377,0.11926160208989252,0.7708170556044796
Test_426,0.6138625338318481,0.017676053076835032,0.1213452144630982,0.24711619862821899
Test_427,0.0013885326687188024,0.0038409182218569586,0.000282490985198897,0.9944880581242252
Test_428,0.0012951432926013183,0.012857966246385103,0.0009480105804277797,0.9848988798805857
Test_429,0.003999335454400209,0.11862143654454067,0.874573272149273,0.002805955851786077
Test_430,0.035626035714846356,0.44057082019767857,0.48567284809704275,0.03813029599043245
Test_431,0.8716556312576164,0.02678649080826281,0.024828269540886832,0.07672960839323427
Test_432,0.029692249502779124,0.2698533917373649,0.07698960982426818,0.623464748935588
Test_433,0.004247563630905225,0.007089437584495748,0.002632393967540161,0.9860306048170588
Test_434,0.10352462912028776,0.08726751352324813,0.0721784402413905,0.7370294171150735
Test_435,0.8153387253142556,0.0033652102841157465,0.16997931925983725,0.011316745141791682
Test_436,0.05798433591449751,0.01164691125556582,0.8015431308724736,0.12882562195746305
Test_437,0.005044865511941425,0.01893755690038278,0.9550666897206582,0.020950887867017685
Test_438,0.0021466800879029234,0.1476601239144705,0.838625014947969,0.011568181049657683
Test_439,0.2882705692126478,0.07270864631755462,0.3740123750510089,0.2650084094187887
Test_440,0.0001875713959946888,0.02286509815903843,0.9764508991710479,0.0004964312739190173
Test_441,0.6343736368967932,0.1749016476588709,0.11538427818872353,0.07534043725561258
Test_442,0.09239748600728313,0.07783495611624164,0.6481456255626664,0.18162193231380894
Test_443,0.005139669138758231,0.44234725672434366,0.31630686668604696,0.2362062074508514
Test_444,0.9734054804674039,0.0023603940409223693,0.0081769194074603,0.01605720608421379
Test_445,0.0037452041546594934,0.05963357949606113,0.91173834342957,0.024882872919709448
Test_446,0.04356239113312779,0.062488988323243254,0.6097235984595811,0.2842250220840478
Test_447,0.012035352495733119,0.028238715367524408,0.9504003178020706,0.00932561433467203
