image_id,healthy,multiple_diseases,rust,scab
Test_0,0.0357504100988395,0.10094978199006178,0.5018549116863352,0.36144489622476295
Test_1,0.009175931013793983,0.1352146272868283,0.821890968662832,0.03371847303654609
Test_2,0.14118325307669935,0.02377432065562016,0.013222126922195966,0.8218202993454843
Test_3,0.6597332241770937,0.02285630485726179,0.14281257387230692,0.17459789709333737
Test_4,0.015696118838294186,0.03859467055532556,0.9197525678271393,0.025956642779240636
Test_5,0.8252361076642899,0.031402172038203814,0.09164747406000465,0.05171424623750165
Test_6,0.4700476571003975,0.03500328349920821,0.22299974317343907,0.2719493162269555
Test_7,0.11441038959168523,0.032476488491152734,0.09650794735076532,0.7566051745663969
Test_8,0.1797725476905452,0.05702363998375207,0.21485851236410924,0.5483452999615936
Test_9,0.306432093626293,0.048651318382909876,0.5625062984082303,0.08241028958256706
Test_10,0.01170673832490142,0.05571276241631518,0.9164805057511279,0.016099993507655157
Test_11,0.4764646857416968,0.02015573019628657,0.4606018356906368,0.04277774837137989
Test_12,0.07078648415336852,0.016963012867661286,0.003617613174807093,0.9086328898041628
Test_13,0.7416373077123832,0.030287479823457725,0.11376424254564264,0.11431096991851623
Test_14,0.01072748406527931,0.023608595041644958,0.9562003552062418,0.009463565686834265
Test_15,0.3197896774908997,0.04627296817776199,0.37043883744928235,0.2634985168820558
Test_16,0.6011413515350418,0.03290154516371968,0.17771677000718564,0.18824033329405265
Test_17,0.064931400092698,0.10471240843096363,0.11014320730688335,0.7202129841694551
Test_18,0.2500150601231102,0.017009190251695325,0.008788172663020493,0.724187576962174
Test_19,0.08663796964254815,0.049472671700815075,0.7249282199345475,0.13896113872208954
Test_20,0.1059575850343769,0.044644406486824245,0.06806090528543174,0.7813371031933671
Test_21,0.581459694422036,0.02290053449807182,0.10671351593183892,0.28892625514805326
Test_22,0.015516754182617713,0.06349156967448014,0.8695967995263979,0.051394876616503944
Test_23,0.007836467066249693,0.013952006599914928,0.004322917570993662,0.9738886087628414
Test_24,0.49296234552131396,0.04399327938922153,0.12041880725813114,0.342625567831333
Test_25,0.12295501048179804,0.017196342522358146,0.010656678154266753,0.849191968841577
Test_26,0.13125420759897433,0.06211515388095497,0.2677805459547421,0.5388500925653285
Test_27,0.038537527326633673,0.11342068452055702,0.7462791426896828,0.10176264546312667
Test_28,0.9245083003465655,0.011727772067871766,0.022607610797518298,0.04115631678804474
Test_29,0.16700811285349274,0.07542693057896126,0.27863017509988314,0.47893478146766283
Test_30,0.3569482125179604,0.04885891673262201,0.34630740117342407,0.24788546957599347
Test_31,0.06313023396910106,0.13116500502928677,0.5257215364037117,0.27998322459790054
Test_32,0.6076226735895143,0.036317354160215164,0.14258412286718963,0.21347584938308084
Test_33,0.21360853308535008,0.04112815291060687,0.10251975071201005,0.6427435632920333
Test_34,0.3208932203287497,0.05835050232667703,0.27458583815528964,0.3461704391892835
Test_35,0.11399389661821471,0.035733580910464434,0.05567349492092317,0.7945990275503976
Test_36,0.005222869743725559,0.04756823725305486,0.9376040729716985,0.009604820031521324
Test_37,0.06755560227112958,0.024738976647345156,0.007921498765199087,0.8997839223163262
Test_38,0.014381510790083946,0.02788858336645494,0.010406279087213827,0.9473236267562475
Test_39,0.1418014881502737,0.04692907965480583,0.46309317159814767,0.34817626059677287
Test_40,0.004890174822837526,0.04012743468502213,0.9372468832871712,0.01773550720496899
Test_41,0.016791686957375835,0.07097584703139624,0.8863609737118402,0.025871492299387767
Test_42,0.0356238395265349,0.041963934568082124,0.03504926988666908,0.8873629560187141
Test_43,0.7844434872390973,0.01987384934813133,0.11127856737302681,0.08440409603974443
Test_44,0.16467392015235585,0.052066636044447084,0.01957988126529089,0.7636795625379063
Test_45,0.360119901868496,0.14798476507017536,0.05634363765972286,0.43555169540160577
Test_46,0.4544178603071776,0.07253122404072895,0.0788252286770883,0.3942256869750051
Test_47,0.0054403714229150245,0.019746293576295457,0.965203668225654,0.009609666775135906
Test_48,0.11013748990455248,0.060087676919821066,0.6116148001201702,0.21816003305545634
Test_49,0.16397430620127107,0.03440008201040195,0.6630676273943346,0.1385579843939923
Test_50,0.004250428163612568,0.06939673425487412,0.9098738980064868,0.016478939575026504
Test_51,0.026609253063008726,0.11346666244171165,0.7544369215642828,0.10548716293099662
Test_52,0.025122430661133337,0.08843914296258776,0.816982297975458,0.06945612840082109
Test_53,0.1692284262932569,0.02622552948406485,0.7276337672397398,0.07691227698293861
Test_54,0.02572314519899085,0.23659221994476173,0.6209503507332208,0.11673428412302671
Test_55,0.06875072689405351,0.0676807422122579,0.6237715124881873,0.23979701840550166
Test_56,0.221807212080295,0.12426202126941602,0.08997048086664165,0.5639602857836471
Test_57,0.19530989245637165,0.044899665172946426,0.5980227320961188,0.16176771027456296
Test_58,0.00752656200820187,0.010795444679830435,0.003778370210503631,0.9778996231014638
Test_59,0.11041810972950176,0.05685883722336615,0.6917362415731819,0.14098681147395054
Test_60,0.010603866089263862,0.1334205467407473,0.04298553175017438,0.8129900554198146
Test_61,0.7740121858809367,0.06011939529765881,0.046079665371035666,0.11978875345036895
Test_62,0.5694679967753116,0.037742639773623174,0.20873492827410775,0.1840544351769575
Test_63,0.0646275647705032,0.0715296754999688,0.1481440539895027,0.7156987057400255
Test_64,0.7189263942032733,0.03633461659616316,0.11792038690669672,0.12681860229386693
Test_65,0.043328573709760246,0.07903880030890818,0.6750032030473205,0.20262942293401123
Test_66,0.592809524249672,0.04972113628155562,0.2249413211672744,0.13252801830149813
Test_67,0.024006293137180054,0.06630647708640117,0.7961116095208989,0.11357562025551993
Test_68,0.07016151259257924,0.05854991637719257,0.04213256924661379,0.8291560017836144
Test_69,0.007985788575898914,0.022715130289655414,0.951244493293862,0.018054587840583714
Test_70,0.10651383822773997,0.049652937211746496,0.11230146148889003,0.7315317630716235
Test_71,0.08646404306745308,0.015520690018149985,0.8770558945457171,0.02095937236868013
Test_72,0.2880041023293221,0.03597777763233391,0.015871992122642783,0.6601461279157013
Test_73,0.7358554824463859,0.012330502699444247,0.2297885672350247,0.022025447619144958
Test_74,0.39003482161830294,0.055018579854214544,0.21948456543469702,0.3354620330927854
Test_75,0.11835071144116702,0.04808149670769584,0.332750856420756,0.5008169354303814
Test_76,0.7784441742743866,0.009525231404047152,0.0505742518821621,0.16145634243940432
Test_77,0.10175719839422649,0.03937629098851715,0.7795340771104349,0.07933243350682168
Test_78,0.05851652344561743,0.11079908517475284,0.224359403864265,0.6063249875153649
Test_79,0.46584664522960567,0.05051334126754857,0.16908686454211508,0.3145531489607307
Test_80,0.06742650057575736,0.13494667700030663,0.3255978865810948,0.472028935842841
Test_81,0.00440219115426102,0.12571056937776717,0.8518168784318266,0.018070361036145125
Test_82,0.07011255882694829,0.08011552449925097,0.6414882405721911,0.20828367610160986
Test_83,0.009636807956690842,0.134640036566955,0.7930434535196522,0.06267970195670182
Test_84,0.1579513090908719,0.02902525116757843,0.05760846625897904,0.7554149734825704
Test_85,0.43462582302261826,0.04070584322634226,0.23151388067456247,0.293154453076477
Test_86,0.30869591406547364,0.0999822277156957,0.32685719063241714,0.26446466758641357
Test_87,0.49989842493690256,0.037536964494880566,0.1550235135917427,0.30754109697647425
Test_88,0.25639170734659333,0.058696177251335926,0.2655169344541847,0.419395180947886
Test_89,0.7317366623620879,0.030071726627823214,0.18010085079284904,0.05809076021724012
Test_90,0.013224777168215077,0.024067629040578863,0.9468283637734747,0.015879230017731536
Test_91,0.3777490574759044,0.05103242785012041,0.3220288759462974,0.24918963872767774
Test_92,0.8654462453774036,0.008220664847984343,0.04795126020378332,0.07838182957082866
Test_93,0.008859829321811868,0.0673142700572307,0.9106637845101224,0.013162116110835401
Test_94,0.016977235814179238,0.014275888627451166,0.004299238499499516,0.96444763705887
Test_95,0.3037996558347801,0.0670743131476544,0.4123240526936629,0.2168019783239027
Test_96,0.24741436019176544,0.04113614426223474,0.1456068056338289,0.565842689912171
Test_97,0.5024320687264427,0.04754061265900187,0.10992636060399745,0.34010095801055806
Test_98,0.12203406272131681,0.0715715098196504,0.05624777810545872,0.7501466493535742
Test_99,0.38624156617131017,0.08941744683670223,0.2429568154191756,0.2813841715728119
Test_100,0.04191577234929097,0.11097319131462512,0.026331286514838723,0.8207797498212449
Test_101,0.7226753906461383,0.052284438747290524,0.07252134059498831,0.15251883001158287
Test_102,0.05640586184784686,0.030481816345529978,0.017610363462041652,0.8955019583445816
Test_103,0.2882730463924374,0.043742475471210344,0.5561078449892773,0.11187663314707462
Test_104,0.10361383384808184,0.049023775376111904,0.0667633768577317,0.7805990139180743
Test_105,0.22275267326401,0.04250442588353806,0.10435707139451676,0.6303858294579353
Test_106,0.7554816505128342,0.03061270438818774,0.10001187503198515,0.11389377006699293
Test_107,0.0369136098005132,0.045672830228912525,0.853086373304527,0.06432718666604728
Test_108,0.016704608160551897,0.017800909818257694,0.004974072770451279,0.9605204092507396
Test_109,0.19393303057377964,0.05435139944297348,0.15765779984192524,0.5940577701413219
Test_110,0.09677373021268616,0.02216912146289477,0.012994735307217582,0.8680624130172012
Test_111,0.3988092224364053,0.04089271787881779,0.23196130230255824,0.3283367573822185
Test_112,0.04645643707522966,0.0817649852593872,0.7118602448830859,0.15991833278229753
Test_113,0.33307405800343953,0.04962426689862734,0.2749471173257446,0.3423545577721885
Test_114,0.07051131382377608,0.14725374666551538,0.6150990363920333,0.1671359031186751
Test_115,0.023418340036735704,0.038303801700937896,0.8768301318950297,0.061447726367296764
Test_116,0.03683203711877786,0.050733711818023934,0.881197811047628,0.031236440015569827
Test_117,0.01731576899489664,0.06675948687422856,0.8425870120786244,0.07333773205225035
Test_118,0.08484896062594463,0.04443168828074535,0.7742355807711828,0.09648377032212699
Test_119,0.5130375027774454,0.028565499617135844,0.355358642218358,0.10303835538706042
Test_120,0.01216889666846151,0.03405074739038177,0.9240014122522024,0.02977894368895425
Test_121,0.09132203427793893,0.05779597059068195,0.74254720475315,0.10833479037822898
Test_122,0.09516747494600257,0.05259806943519752,0.6775752363583828,0.17465921926041728
Test_123,0.0263404350073995,0.1056426288640494,0.8199223433384661,0.048094592790084864
Test_124,0.012548305394959458,0.028973311852205922,0.005183955818192757,0.9532944269346421
Test_125,0.2686478838098944,0.08269006910712466,0.25546928422265724,0.3931927628603241
Test_126,0.8798371022827135,0.01876660163154723,0.07993768339883822,0.021458612686900927
Test_127,0.6603143092284703,0.046914025227700294,0.042408376024603574,0.2503632895192259
Test_128,0.04824386732916186,0.11258655126789094,0.39508301858839134,0.4440865628145559
Test_129,0.39108330018175785,0.07810036914778158,0.3254308435147838,0.20538548715567678
Test_130,0.19486465196070085,0.033535877068053936,0.040969613535883416,0.7306298574353619
Test_131,0.017032634645597917,0.02662921875341285,0.011752429411305202,0.9445857171896841
Test_132,0.9193123925263361,0.010828444600759738,0.030569263812262805,0.039289899060641606
Test_133,0.011456363656012833,0.024260807119374016,0.003988738060959583,0.9602940911636537
Test_134,0.4176363393785957,0.043670062128644896,0.27380121651666833,0.26489238197609133
Test_135,0.1473947413840441,0.0673738880591246,0.1584809113785047,0.6267504591783266
Test_136,0.013989167655748484,0.0186706850224522,0.017149518365132975,0.9501906289566663
Test_137,0.006611976699253504,0.08952600278779428,0.8845771513709009,0.019284869142051124
Test_138,0.003557244221134727,0.017273051406398017,0.9750453941718085,0.004124310200658738
Test_139,0.7335486325745384,0.020253648489835564,0.16329952298888817,0.08289819594673771
Test_140,0.3438999902543651,0.04213055139595406,0.3664358098508353,0.24753364849884568
Test_141,0.1398316286747627,0.03278812594917395,0.06616137790843482,0.7612188674676283
Test_142,0.06408920982920084,0.15836641411274663,0.2261696174199425,0.5513747586381101
Test_143,0.08261064049477065,0.031456664530351806,0.027765104441526092,0.8581675905333515
Test_144,0.6037867965241513,0.040223874286748625,0.1001999039578376,0.25578942523126247
Test_145,0.24066807694471679,0.059179381953103835,0.30544224235444944,0.3947102987477301
Test_146,0.10354784569011621,0.02170249311892451,0.8323804105584893,0.042369250632470004
Test_147,0.026274446992176227,0.10012147211295416,0.801598595144411,0.07200548575045874
Test_148,0.7872038343146932,0.07060961737465447,0.03827079141495316,0.10391575689569914
Test_149,0.23458590875230897,0.035329648866267604,0.6467000054210091,0.0833844369604144
Test_150,0.2323717606282902,0.07274503546989786,0.49248213147984043,0.2024010724219715
Test_151,0.011996299055735961,0.016035885516819746,0.9621765493697396,0.009791266057704718
Test_152,0.04224413637590291,0.0734262949280944,0.750467443376873,0.13386212531912936
Test_153,0.2560787341666873,0.03807229385766655,0.023758749399984163,0.6820902225756619
Test_154,0.055847258930643504,0.09405222189685078,0.7012154938913694,0.1488850252811364
Test_155,0.04444168911040747,0.054918763198657496,0.7530729431681714,0.14756660452276352
Test_156,0.21182884271913058,0.05280399264045453,0.0796567718110868,0.6557103928293279
Test_157,0.15880388872166723,0.04948589403249273,0.4429028446947029,0.34880737255113725
Test_158,0.08321694165177923,0.03296910966982693,0.049821245728532165,0.8339927029498616
Test_159,0.2523351964066873,0.05370973996802065,0.41762033163012646,0.27633473199516595
Test_160,0.5351128986133833,0.0424554096724636,0.28143359224443065,0.14099809946972236
Test_161,0.06489505871527197,0.05413630832548116,0.7296510281443663,0.15131760481488066
Test_162,0.04100454152106568,0.016606762393152792,0.9075664130891257,0.03482228299665604
Test_163,0.028548628238225224,0.1881275547619705,0.6921534017379317,0.09117041526187275
Test_164,0.5352219552777708,0.12314959200685671,0.05022779523057103,0.29140065748480176
Test_165,0.025261281885333237,0.1102996366567182,0.1351681529127241,0.7292709285452246
Test_166,0.4821223010000643,0.03322618569325314,0.3044753624146369,0.18017615089204583
Test_167,0.05866761902211465,0.03844830364725327,0.8414066102960538,0.06147746703457793
Test_168,0.019030708819590174,0.08044269465434946,0.8269942375518117,0.07353235897424899
Test_169,0.20294529364113204,0.04383563476598479,0.5670828670260378,0.18613620456684507
Test_170,0.457979212455579,0.045998854471524464,0.24605527396988616,0.24996665910301047
Test_171,0.027775015523715155,0.04809429798768952,0.8165195091681202,0.10761117732047516
Test_172,0.05986321173437121,0.1317590725340364,0.642735313745972,0.16564240198562055
Test_173,0.01704112105661056,0.016534270417031177,0.960483278452933,0.005941330073425222
Test_174,0.1941002263562204,0.040818200964597574,0.01122333190183454,0.7538582407773476
Test_175,0.577416776128517,0.07777296996415323,0.09479896656110323,0.25001128734622646
Test_176,0.006180884834124281,0.07293898428257056,0.9088612763546902,0.012018854528615376
Test_177,0.14512900671138979,0.023837846605552503,0.03340109588471847,0.7976320507983391
Test_178,0.019657484717450137,0.009075577753394517,0.0033813007798656576,0.9678856367492896
Test_179,0.035941133372542663,0.06338531331489237,0.8340629817061632,0.06661057160640156
Test_180,0.0731009038439957,0.10789540291507581,0.4733253804689419,0.3456783127719866
Test_181,0.1416316429535812,0.01756579254411306,0.0035893875198893975,0.8372131769824166
Test_182,0.18668862549562293,0.051497768924941734,0.6126788575902324,0.14913474798920287
Test_183,0.5320534427126733,0.02721885080834842,0.321922613195936,0.11880509328304234
Test_184,0.31291304084942373,0.04143221814881225,0.2464997243215711,0.39915501668019265
Test_185,0.3554292285824605,0.05286350113669371,0.21600122995745522,0.3757060403233907
Test_186,0.43275074528368884,0.06290941018390217,0.191567559120416,0.312772285411993
Test_187,0.011931906762605379,0.0270803752843395,0.9480903462134307,0.012897371739624531
Test_188,0.4037296835617504,0.035860066241572626,0.39885442248001235,0.1615558277166646
Test_189,0.5165365610038569,0.06878989703762496,0.1322227783826984,0.28245076357581983
Test_190,0.2662472952090426,0.056537763313073607,0.38433127962860475,0.2928836618492787
Test_191,0.0390925375245335,0.03953814045176462,0.6880638424015783,0.23330547962212334
Test_192,0.7163993808948312,0.05756366786697542,0.14169728766484382,0.08433966357334984
Test_193,0.03949347485751774,0.024296814613290665,0.9105742622942136,0.025635448234977907
Test_194,0.01551810268061185,0.09010071018024021,0.8659001297262517,0.02848105741289638
Test_195,0.5757512035170758,0.1402546053026298,0.08818073877891125,0.19581345240138315
Test_196,0.26599210509775667,0.050462821316731604,0.14192787167125934,0.5416172019142524
Test_197,0.022283408007617585,0.08185777326632347,0.8521704763302421,0.04368834239581704
Test_198,0.21602352032748645,0.05669252089681368,0.10755149927854696,0.6197324594971532
Test_199,0.22119207689466236,0.034148556213815,0.15987401691320755,0.5847853499783151
Test_200,0.025326789989825235,0.05270854144382935,0.8868068045136266,0.035157864052718896
Test_201,0.22970252809220326,0.05481546887409362,0.18927791787215428,0.5262040851615487
Test_202,0.02746799721786367,0.06519558950594337,0.5318239663358978,0.37551244694029523
Test_203,0.040209875907200154,0.07359463060476687,0.7745396422252733,0.11165585126275983
Test_204,0.21484488489210665,0.035014118377697356,0.07597388127462107,0.674167115455575
Test_205,0.13984202497624454,0.02088316762277212,0.029072486033768406,0.8102023213672146
Test_206,0.004955777792371847,0.010651705613560651,0.0019383546060805766,0.9824541619879867
Test_207,0.08657413696293531,0.05709736090105877,0.5457249003796186,0.3106036017563873
Test_208,0.36820827801783274,0.04422809560428258,0.24245424136240898,0.34510938501547556
Test_209,0.026503288721772766,0.15982287473913906,0.6751063280296852,0.13856750850940283
Test_210,0.0566642374123596,0.07539073355496503,0.386805822770894,0.48113920626178125
Test_211,0.0652217871152123,0.10363279631035233,0.0618020251408379,0.7693433914335978
Test_212,0.03313367238196017,0.025274885525185434,0.9336271991233693,0.007964242969485138
Test_213,0.05909135119473458,0.13319364356020288,0.13771293336581475,0.6700020718792475
Test_214,0.07465352698435893,0.05565338634267424,0.6933611432144726,0.17633194345849448
Test_215,0.6450140581335508,0.07907063964702514,0.034707475039255586,0.24120782718016828
Test_216,0.5408914543352602,0.033117657182304645,0.2952284345666514,0.1307624539157837
Test_217,0.21645357400026569,0.053724844678343604,0.10187304232233862,0.6279485389990519
Test_218,0.8453532020980229,0.02349418413928463,0.06482627248716012,0.06632634127553234
Test_219,0.3481961081584002,0.012872320467012009,0.5917192975028416,0.047212273871746493
Test_220,0.013634823340123637,0.0701129826437277,0.023468829351131797,0.8927833646650172
Test_221,0.37713884083622956,0.03935054155573598,0.3447680407298754,0.23874257687815895
Test_222,0.2564341594205545,0.040631222915637394,0.5170955012451708,0.18583911641863748
Test_223,0.06533064873376161,0.06404955783670208,0.7464127222282682,0.12420707120126791
Test_224,0.4323755873799327,0.03875978710828315,0.27702667331131126,0.2518379522004729
Test_225,0.6729929443508466,0.02955733536881008,0.26293957723464895,0.03451014304569414
Test_226,0.05934860941271344,0.10116759935305598,0.6867797773859131,0.15270401384831767
Test_227,0.08542360611041404,0.03469395671062233,0.019803589375867497,0.8600788478030962
Test_228,0.29490860860914786,0.03800469932029535,0.44870619453522204,0.21838049753533456
Test_229,0.0686669509568529,0.06409975257674537,0.7238745827002887,0.143358713766113
Test_230,0.06265962574274533,0.017539047116896966,0.006161839486969631,0.913639487653388
Test_231,0.0217380317852815,0.01494193670620158,0.012764198905101286,0.9505558326034158
Test_232,0.28913952229008394,0.04108355450913034,0.5441503932140821,0.12562652998670362
Test_233,0.5275427706307976,0.01553385848895084,0.019654712224925777,0.4372686586553256
Test_234,0.1285488689164459,0.056276620098158495,0.02100287749982191,0.7941716334855737
Test_235,0.040075661846483396,0.03766157035181249,0.020588060467442482,0.9016747073342616
Test_236,0.17496717964253067,0.07555801881020849,0.5238772263977021,0.22559757514955875
Test_237,0.23871717561171174,0.04877090299019956,0.275434855178282,0.4370770662198065
Test_238,0.01708435623641067,0.11149794058267759,0.8402401898719678,0.03117751330894401
Test_239,0.15957590156859552,0.051970425619933515,0.7126868047852952,0.0757668680261759
Test_240,0.00983743496355161,0.17821265555252108,0.7905906354229504,0.02135927406097712
Test_241,0.11507344381555731,0.06981911387382922,0.5018035816819146,0.31330386062869836
Test_242,0.3248297311324025,0.05098380511307584,0.22487940586636576,0.39930705788815585
Test_243,0.6501384396593927,0.02738919137702873,0.1357273168470584,0.1867450521165199
Test_244,0.26307203304345267,0.2310061403375763,0.20808042323201942,0.29784140338695164
Test_245,0.15066554310790786,0.17711785865615917,0.40426025489521084,0.267956343340722
Test_246,0.014521216719105366,0.0386123417181458,0.009805531294708873,0.9370609102680403
Test_247,0.008298556656332615,0.020731193979621854,0.007346541847946843,0.9636237075160987
Test_248,0.3846572397725086,0.05381397639774246,0.1239437953478053,0.437584988481944
Test_249,0.04527089417743755,0.06351493147766077,0.08388429939562457,0.807329874949277
Test_250,0.7577690620888408,0.03580915372785988,0.10028165956325352,0.10614012462004598
Test_251,0.32623451287218286,0.04583123887916123,0.013648797288281549,0.6142854509603747
Test_252,0.10501486078837388,0.06854861747602853,0.6325303038913763,0.19390621784422155
Test_253,0.03720406063766586,0.08956449099204492,0.0653304974152278,0.8079009509550614
Test_254,0.026087371258196643,0.03624369103860355,0.0023386339260248025,0.9353303037771749
Test_255,0.20259395217290507,0.04099438848788282,0.10716570876848576,0.6492459505707264
Test_256,0.005601032753199658,0.02516776632349269,0.009568898919468393,0.9596623020038391
Test_257,0.01741249956791744,0.04007312997435105,0.9167893285111192,0.02572504194661246
Test_258,0.007485999663524206,0.2392524427806201,0.38518093672839904,0.3680806208274567
Test_259,0.30841366112110924,0.0334049733039952,0.538575207443347,0.11960615813154862
Test_260,0.13533968426997053,0.01631773480227277,0.02358214573301965,0.8247604351947369
Test_261,0.003814265056736997,0.02327927502773362,0.9636615308546918,0.00924492906083764
Test_262,0.05426004059360224,0.16517946177305934,0.7032220279650043,0.07733846966833405
Test_263,0.47655920816488107,0.0574741817064927,0.12082621935705797,0.3451403907715683
Test_264,0.40784033054833685,0.04164336890206904,0.30798733501815073,0.24252896553144349
Test_265,0.2874263464074147,0.07063180130441218,0.4913414658224294,0.15060038646574356
Test_266,0.004371122022519477,0.009687873049168242,0.0020995614265605757,0.983841443501752
Test_267,0.8746235335387095,0.008557708037374137,0.08903542517689562,0.027783333247021
Test_268,0.01447687308007435,0.2833274143009972,0.643777823345152,0.05841788927377623
Test_269,0.35335434751293593,0.07175240213208688,0.14524777036100367,0.42964547999397357
Test_270,0.24012698175168648,0.03951012945084163,0.15175009166747425,0.5686127971299973
Test_271,0.07749027168297051,0.06127330437934889,0.0904116747364698,0.7708247492012109
Test_272,0.04130521997887277,0.1076293970963965,0.7373181627453395,0.11374722017939133
Test_273,0.3128663480456196,0.1308741938463276,0.14524209550426925,0.4110173626037834
Test_274,0.26032490348257636,0.04084305498099741,0.5607605262387595,0.13807151529766645
Test_275,0.12728891244871543,0.06577143270350601,0.5586279471003398,0.24831170774743844
Test_276,0.039513936807921146,0.07071875670640129,0.3163869981061953,0.573380308379482
Test_277,0.3519055118099944,0.05809607033091164,0.21343253457551348,0.3765658832835805
Test_278,0.019664317121991716,0.10138353421283819,0.12385977146594469,0.7550923771992253
Test_279,0.007263616739779664,0.012690252918884233,0.9742373479119034,0.005808782429432463
Test_280,0.001788699563919857,0.006996044213145203,0.0013486884821211419,0.9898665677408137
Test_281,0.08170525367679907,0.029376642443184952,0.03367815253338185,0.8552399513466343
Test_282,0.05852645892396961,0.2672585960960493,0.24101953035545481,0.43319541462452626
Test_283,0.09539308600980421,0.09311034051937235,0.6358369153497465,0.17565965812107698
Test_284,0.0432611429927279,0.11884046510058288,0.7860302881372933,0.05186810376939625
Test_285,0.2252074725555049,0.0961262926145547,0.21323931787295644,0.4654269169569836
Test_286,0.3908498075267894,0.024710007505645983,0.11003158488498081,0.47440860008258373
Test_287,0.43574438281407585,0.04631498424867485,0.15827590837935593,0.3596647245578934
Test_288,0.005392034076746176,0.008265620533844774,0.0019302827055224412,0.9844120626838866
Test_289,0.007689187736510212,0.010436994079240357,0.0025807515580845083,0.9792930666261652
Test_290,0.06572328044685063,0.08285135144603743,0.6821186104708993,0.16930675763621225
Test_291,0.1412376679392674,0.02945175799417108,0.7221584115866957,0.10715216247986593
Test_292,0.7341129013834449,0.01761632831755454,0.16810426790011346,0.08016650239888716
Test_293,0.024008188716708404,0.12671767600148415,0.8109032408152232,0.03837089446658428
Test_294,0.026322123604853746,0.07486175330927002,0.8433209840630427,0.0554951390228335
Test_295,0.2648674603712294,0.04879082079580051,0.451179995481593,0.23516172335137706
Test_296,0.41256754735314616,0.038235877875714516,0.2448349539184083,0.3043616208527313
Test_297,0.06732851388327958,0.05648489801850083,0.09594573493324905,0.7802408531649703
Test_298,0.02696909083331071,0.10054370465491201,0.6799676823348093,0.19251952217696816
Test_299,0.17718346045509667,0.06570488455004629,0.1991296501991216,0.5579820047957353
Test_300,0.5361170179568655,0.03410309639125062,0.1564112719690365,0.27336861368284726
Test_301,0.658607712813406,0.028166796409412744,0.13478171513416212,0.1784437756430188
Test_302,0.019457003158403662,0.40757907269427557,0.20422387024453822,0.3687400539027825
Test_303,0.7776007540491647,0.0396470538986273,0.03695540319464494,0.14579678885756311
Test_304,0.6496204266910395,0.03535383945864283,0.12804481556795771,0.1869809182823599
Test_305,0.6002709145659533,0.03906621484288965,0.018707792542479566,0.3419550780486775
Test_306,0.2160135432012936,0.06070354396867545,0.34083845200430957,0.3824444608257214
Test_307,0.48912036018517874,0.04002913969533539,0.2693194377526369,0.2015310623668491
Test_308,0.06053232726503293,0.07170263921797743,0.37765868115305506,0.49010635236393435
Test_309,0.04431985446262956,0.08510641138967112,0.5011335595499805,0.36944017459771905
Test_310,0.026726674003958784,0.10830687695798293,0.6917871964090805,0.17317925262897757
Test_311,0.13324852040340657,0.06473621726711538,0.5881104755451682,0.21390478678431002
Test_312,0.0028129086381984865,0.005515061591684756,0.001253680708502229,0.9904183490616149
Test_313,0.006077643176192786,0.017746769997380528,0.005815905125430029,0.9703596817009965
Test_314,0.1723269409000119,0.05919338892603213,0.2189125863621143,0.5495670838118415
Test_315,0.002792526506717168,0.005744909856170659,0.001034004342505477,0.9904285592946065
Test_316,0.6584498746896378,0.031105706807669806,0.20342164344264368,0.10702277506004901
Test_317,0.047046692916791574,0.04643444402345678,0.6801964883689087,0.22632237469084288
Test_318,0.3836099616840259,0.04600734759023481,0.2704988066942908,0.2998838840314483
Test_319,0.0028084104211825453,0.03483399530223239,0.9521014475049234,0.010256146771661558
Test_320,0.11862319872531216,0.050756119284503846,0.7668404242251282,0.06378025776505593
Test_321,0.7480483731373584,0.06409539822726676,0.09169311155437025,0.09616311708100449
Test_322,0.260479622811451,0.10669874659796211,0.20078772645334428,0.4320339041372428
Test_323,0.17793143164768363,0.0556616897638709,0.5817823454427983,0.1846245331456472
Test_324,0.040514768500454074,0.0400340997138977,0.8803701108318552,0.039081020953792685
Test_325,0.023223697225998947,0.044859065381476736,0.01518946202159676,0.9167277753709274
Test_326,0.015213469318799073,0.04221910517136883,0.9014086340997021,0.04115879141013016
Test_327,0.07766899758039485,0.01516681609691488,0.01898633342149155,0.8881778529011988
Test_328,0.023729090764223998,0.04878033273906287,0.8929588069102283,0.03453176958648495
Test_329,0.03064102355496193,0.07112463752197117,0.8811376332761994,0.01709670564686765
Test_330,0.003189169189531212,0.11891716173259777,0.8626605598982259,0.015233109179645267
Test_331,0.36964183388161703,0.061299340295961756,0.20027298913104455,0.36878583669137677
Test_332,0.8978102959734693,0.01832596048709408,0.016579255524466232,0.06728448801497063
Test_333,0.03656498951915494,0.11151219521869551,0.7970310539642277,0.054891761297922184
Test_334,0.003943620453790905,0.018514313214567094,0.9728903965503114,0.004651669781330245
Test_335,0.35611787807403816,0.055434886193397474,0.35047928897097896,0.23796794676158575
Test_336,0.11742076234665284,0.05152783898474309,0.7466326394130619,0.08441875925554201
Test_337,0.8081270297504837,0.03887597272929999,0.013461572683640571,0.1395354248365757
Test_338,0.6779816649335357,0.021478627620833867,0.13984744318496,0.1606922642606702
Test_339,0.07624077292805613,0.1589153388290194,0.6802247059610534,0.08461918228187144
Test_340,0.33521062863520645,0.048616606455163094,0.19490406406039162,0.4212687008492384
Test_341,0.33439726179278073,0.07145247317314132,0.011957825930839177,0.5821924391032386
Test_342,0.9359479680689629,0.013210257004474878,0.0430391487634644,0.0078026261630978425
Test_343,0.28780710470669757,0.046452326084109756,0.2165124430058734,0.449228126203319
Test_344,0.01428813227303127,0.04241062905073587,0.926652108902526,0.016649129773706667
Test_345,0.04336284414192249,0.06261361910528289,0.8122843587843857,0.08173917796840856
Test_346,0.027087884347343556,0.06654092588006053,0.8617929003198564,0.04457828945273943
Test_347,0.24407226199905316,0.05026046950317456,0.4345789241782178,0.2710883443195543
Test_348,0.08502220768930267,0.0328939455637795,0.0632683754886845,0.8188154712582331
Test_349,0.09231250063556103,0.15907834130799042,0.16279669919556886,0.5858124588608796
Test_350,0.011719587846189896,0.03853760292157236,0.03347055836827168,0.9162722508639662
Test_351,0.021830654842179286,0.05370684418427461,0.8695782158618105,0.054884285111735834
Test_352,0.2759011250113992,0.04899882083964025,0.19268851640785578,0.4824115377411049
Test_353,0.5136684217112143,0.04866532291153152,0.07944580678293488,0.35822044859431945
Test_354,0.3077525594848909,0.04412580331587236,0.4772527419580584,0.17086889524117826
Test_355,0.7057565329176523,0.045787683408406964,0.026452694317364394,0.22200308935657614
Test_356,0.39359958853837224,0.039571790264718375,0.19605640487575748,0.37077221632115226
Test_357,0.8029337598399446,0.015091196426853321,0.13012827677640307,0.051846766956799115
Test_358,0.1718646303479033,0.10877455858606769,0.28630983960943324,0.43305097145659555
Test_359,0.16010272235009998,0.035753788759150244,0.12693854081192796,0.677204948078822
Test_360,0.041661290748513345,0.05730780181845908,0.032690209366812585,0.8683406980662148
Test_361,0.8543029567839026,0.032220527712351774,0.03624415702855302,0.07723235847519262
Test_362,0.36762362259086856,0.0378116836403684,0.26492618809543356,0.32963850567332936
Test_363,0.02309402600629527,0.07886576546592557,0.8240583927651871,0.07398181576259225
Test_364,0.024485005705388464,0.01866596418591479,0.9417232200363742,0.015125810072322792
Test_365,0.1327013131423925,0.05370354772350727,0.7509990628983869,0.06259607623571327
Test_366,0.10600778062360963,0.055729982471044735,0.6444658936781239,0.19379634322722178
Test_367,0.07880426591595241,0.01588728735271748,0.018867113912244066,0.8864413328190861
Test_368,0.3421795265948062,0.03834870180677769,0.3926230172557198,0.22684875434269622
Test_369,0.00796029893431933,0.0092678841387865,0.005143900850903778,0.9776279160759902
Test_370,0.06856087646018628,0.04140521276924732,0.7728763265699473,0.11715758420061903
Test_371,0.0014792106097333165,0.03029950370431118,0.9666699575544219,0.0015513281315338316
Test_372,0.022215174957872473,0.02294508469521687,0.010334362177212517,0.9445053781696982
Test_373,0.020303698113654314,0.049622510951645125,0.8898554713235055,0.0402183196111952
Test_374,0.25724493943924825,0.0403486239273557,0.5855490300705528,0.11685740656284266
Test_375,0.022283771225459922,0.028518017883044127,0.005318218625384465,0.9438799922661115
Test_376,0.7061276059767452,0.03490141057183032,0.11194212110552305,0.14702886234590157
Test_377,0.3811506235952424,0.04682757791501745,0.4483619069422814,0.1236598915474584
Test_378,0.02316224240692283,0.04126874695591531,0.9109887784430991,0.024580232194062895
Test_379,0.18713750853433628,0.06720289233301993,0.47401334500547904,0.2716462541271645
Test_380,0.18757251034968794,0.07059392110453054,0.07821741529146527,0.663616153254316
Test_381,0.3840411646189078,0.07293648918653083,0.04639316778178581,0.4966291784127752
Test_382,0.2551019810742551,0.04500669575636631,0.08565207953652969,0.6142392436328483
Test_383,0.48526140423641684,0.045316623857883896,0.21612103167744742,0.25330094022825195
Test_384,0.14215095096110456,0.033169979380327515,0.7535890880112306,0.07108998164733717
Test_385,0.13541265234156552,0.027092983426619168,0.026134080451928818,0.8113602837798864
Test_386,0.038889559652930554,0.09767776131576505,0.6877947809737875,0.1756378980575169
Test_387,0.13117303907640443,0.04677521609048779,0.02280393444984599,0.7992478103832615
Test_388,0.3156935545011414,0.04479685301758836,0.3465750679523783,0.29293452452889196
Test_389,0.5119131178395191,0.029001591495347652,0.35847480379902313,0.10061048686611002
Test_390,0.27738227703754936,0.043357850221709675,0.13453663203736177,0.544723240703379
Test_391,0.03765189231108924,0.07534952497304767,0.8064673160747383,0.08053126664112477
Test_392,0.034046604570998236,0.058007225503464446,0.4812558048668154,0.42669036505872177
Test_393,0.10118696176151323,0.012846393363964722,0.004537343703469644,0.8814293011710524
Test_394,0.5513699791969061,0.024116115414067295,0.0868774622256102,0.33763644316341673
Test_395,0.03803911044775331,0.16983727471751422,0.7426445729128597,0.049479041921872545
Test_396,0.22424863908468298,0.052420564058417725,0.20169595775014074,0.5216348391067587
Test_397,0.1474803056531015,0.03800165189631017,0.10657960318249032,0.707938439268098
Test_398,0.04301062302690618,0.10390247773989944,0.6124834327486627,0.24060346648453168
Test_399,0.5195949796499457,0.03867022667647671,0.10605623875327735,0.33567855492030024
Test_400,0.0023994656255155985,0.023022302749395193,0.9698359766556159,0.004742254969473191
Test_401,0.028105224430965553,0.07603828885532404,0.8493233274145098,0.04653315929920056
Test_402,0.09553999088782454,0.016618891157224303,0.011642409622884188,0.8761987083320668
Test_403,0.05761416265510209,0.036520226011383376,0.8605437616373549,0.04532184969615963
Test_404,0.6519696776232727,0.04981432380201678,0.046444453306048177,0.25177154526866236
Test_405,0.016879278540149895,0.016558638576631438,0.007182619860356464,0.9593794630228623
Test_406,0.007200965477777977,0.01597323222173362,0.007471515102375652,0.9693542871981132
Test_407,0.05793730989860318,0.043325424017079665,0.05180470874117657,0.8469325573431407
Test_408,0.013490743124679778,0.018716258862628322,0.0062432151231008245,0.9615497828895908
Test_409,0.021288296836934468,0.13181443379812227,0.44492581519923546,0.4019714541657077
Test_410,0.015810088731585497,0.016783184298210355,0.003547328809231645,0.9638593981609723
Test_411,0.9221113040635728,0.010888226191170209,0.02226912767499678,0.044731342070259895
Test_412,0.0417472868324457,0.42972050792819544,0.4093406212230691,0.11919158401628974
Test_413,0.9727230858833643,0.007551586171659791,0.007172063982560076,0.01255326396241571
Test_414,0.060272051579954015,0.025256522508108822,0.8460510237383606,0.06842040217357641
Test_415,0.16445834700284792,0.06776570906240666,0.6211124602196197,0.14666348371512553
Test_416,0.18294577626801165,0.038410373321625634,0.05691452338069058,0.7217293270296723
Test_417,0.07987891946168654,0.037675905854992385,0.8307666961289957,0.051678478554325336
Test_418,0.8132969995590538,0.0294094994545404,0.060754096517075064,0.09653940446933096
Test_419,0.5650974971844113,0.022987874870578618,0.3388621774138862,0.07305245053112391
Test_420,0.015856946742797154,0.0756998696585211,0.8871809973997484,0.021262186198933504
Test_421,0.023617999906665434,0.01641091222975663,0.010192635529213616,0.9497784523343642
Test_422,0.45285628601615363,0.046710029443835024,0.18484035002405058,0.31559333451596067
Test_423,0.053902431582246974,0.11582354223768712,0.5550593627571357,0.2752146634229301
Test_424,0.004731995315663226,0.10381419934785689,0.8747109963468694,0.016742808989610555
Test_425,0.17663970508370433,0.054607089296184616,0.049093386972204424,0.719659818647907
Test_426,0.3280156178108329,0.04740024325291431,0.3001431952615884,0.3244409436746643
Test_427,0.018493185923782622,0.02061050415630589,0.0058573721188095495,0.9550389378011019
Test_428,0.045177227719860644,0.040116590555517265,0.0563265958017417,0.8583795859228806
Test_429,0.0019713158553465596,0.0318172453685856,0.9622207904408011,0.00399064833526663
Test_430,0.029186182983239828,0.06300520218691168,0.883973011666874,0.023835603162974263
Test_431,0.7463005435803384,0.025642379806823393,0.09495983910147614,0.1330972375113626
Test_432,0.19824655444444797,0.10121837306004575,0.1587792052265678,0.541755867268939
Test_433,0.06167107052149339,0.024076717342033913,0.02503628548338311,0.8892159266530896
Test_434,0.08308137359092223,0.06691420879103738,0.19106243801010386,0.6589419796079369
Test_435,0.7266449925337934,0.016836655729077075,0.038225003838445536,0.21829334789868388
Test_436,0.24359874317380698,0.07975631857012473,0.2642902106490579,0.41235472760701064
Test_437,0.1882536893951239,0.04733228385627835,0.5960143597696151,0.16839966697898265
Test_438,0.06363457997415879,0.10378698788017425,0.6572870778811615,0.1752913542645054
Test_439,0.0966340912784168,0.17583282117345375,0.6796388441491428,0.047894243398986486
Test_440,0.002245967123230394,0.02443787409182824,0.969664737225556,0.0036514215593851777
Test_441,0.7987012479416487,0.04280724136911032,0.03471784267057029,0.12377366801867071
Test_442,0.38963352852773864,0.03751945105309831,0.3849033229107009,0.18794369750846202
Test_443,0.051730206076875264,0.10092358789504166,0.08382495764133101,0.7635212483867521
Test_444,0.668563303769511,0.02018418038547033,0.07046663110139578,0.24078588474362292
Test_445,0.1204135658046219,0.055632844071828697,0.547170453063704,0.27678313705984525
Test_446,0.09255867212685571,0.07412419195092142,0.47300228775650965,0.36031484816571324
Test_447,0.06508955394399273,0.025981575718091773,0.858112154376685,0.05081671596123062
Test_448,0.04501736569822058,0.04095991891413301,0.8438061354056432,0.07021657998200298
Test_449,0.17319866531401992,0.05474845187535719,0.33794174270963256,0.4341111401009903
Test_450,0.027903789973208717,0.026527259864696808,0.9222668945409794,0.02330205562111494
Test_451,0.024746151007559537,0.10004982374361145,0.8256270048117235,0.049577020437105206
Test_452,0.12493624569836938,0.08534771996090075,0.5866045567497674,0.20311147759096265
