image_id,healthy,multiple_diseases,rust,scab
Test_0,4.628666856837686e-05,0.0495676913857899,0.9110641322717303,0.03932188967391137
Test_1,0.0008676864135249414,0.5579340927563529,0.43522094534147476,0.005977275488647329
Test_2,0.007003861622722229,0.0010658042580604012,0.00037460799064654245,0.9915557261285708
Test_3,0.9931067319587014,2.1178639547362165e-05,0.0024625625397148754,0.0044095268620362605
Test_4,1.0892988176103424e-08,3.622593853375915e-05,0.9999607195986143,3.0435698635208228e-06
Test_5,0.6436081159890674,0.028762781396055623,0.22783028545955772,0.09979881715531921
Test_6,0.995591803109874,0.00030187833241026484,0.0008080021455872848,0.003298316412128476
Test_7,2.2868238071705692e-05,0.0009529607828787067,1.1914479771247694e-06,0.9990229795310723
Test_8,0.16954612478520756,0.059096867949987184,0.0853484008346569,0.6860086064301484
Test_9,3.2565421121867504e-06,6.395563472020652e-05,0.999929210136609,3.5776865584940097e-06
Test_10,3.8144360414833158e-06,0.127342701227235,0.8726130987595183,4.038557720526106e-05
Test_11,0.26091539319735885,0.003933629141339997,0.7313250345771062,0.003825943084195
Test_12,0.21857910371208158,0.05256617025254327,0.007532410381921389,0.7213223156534537
Test_13,0.968855401996751,0.004057645904319117,0.008519398406089762,0.018567553692839855
Test_14,0.04813861348394674,0.077029299219738,0.7778677269438661,0.09696436035244929
Test_15,0.010812550436362246,0.010317617861567447,0.975075756027018,0.003794075675052233
Test_16,0.7844468125209985,0.006625773861110743,0.09864625958151206,0.11028115403637868
Test_17,0.004509023187870999,0.490625910790146,0.016273205434697333,0.48859186058728565
Test_18,0.4389464906715325,0.02277049247387562,0.1214535694205893,0.4168294474340026
Test_19,1.85510931442786e-05,0.006292755852710186,0.9870095966669767,0.0066790963871688905
Test_20,0.003628511049366979,0.004204628774915159,0.013329329323399228,0.9788375308523186
Test_21,0.9741290388715755,6.079724877648313e-05,0.014046322599836516,0.01176384127981143
Test_22,1.947714656571268e-05,0.023046492040147967,0.9762696652306507,0.0006643655826356617
Test_23,1.0828363656733528e-05,0.000984678129116967,2.664282141827468e-05,0.998977850685808
Test_24,0.319852046837829,0.2170905101808343,0.15113471578604418,0.3119227271952927
Test_25,0.1022938745085028,0.15760624341668686,0.017181678546310062,0.7229182035285003
Test_26,0.01423445323239562,0.05270132527921503,0.0837810965860098,0.8492831249023797
Test_27,0.0022054543375639567,0.8481218580094737,0.1060578699277764,0.043614817725185835
Test_28,0.9645385187039088,0.005657047176993503,0.0015543817618512803,0.028250052357246324
Test_29,0.08644686226670913,0.053153035269388714,0.11652067183691676,0.7438794306269854
Test_30,0.9260497865333266,0.00012563775466075913,0.0006442989325933184,0.0731802767794193
Test_31,2.1858818721987076e-06,0.45130615409656555,0.5463143607384242,0.002377299283138019
Test_32,0.8692442303747013,0.00030206737941388447,0.06059332503793717,0.06986037720794767
Test_33,0.025690854084612007,0.01229012614611121,0.06168998807336584,0.9003290316959109
Test_34,0.04088831112554462,0.24298963221727743,0.08535099081410912,0.6307710658430687
Test_35,0.0031715867627280943,0.005607382798602458,0.0023059581653985467,0.9889150722732709
Test_36,1.2734018085122618e-07,0.0002782406969154713,0.9997145859252209,7.046037682851593e-06
Test_37,0.032100111131987456,0.005793428101956711,0.0017356393244021828,0.9603708214416536
Test_38,5.2552991150317596e-05,0.016238618189999148,0.00011159467629216049,0.9835972341425583
Test_39,0.016868425144952237,0.0022436134631661467,0.9351411273606945,0.04574683403118703
Test_40,2.3454021276650044e-05,0.0050656947918745355,0.99449204252748,0.0004188086593688279
Test_41,5.474592252509277e-07,0.028824414809850638,0.9711086256333371,6.64120975871825e-05
Test_42,5.084306226806852e-05,0.015816789863801407,2.9523054233776732e-05,0.9841028440196966
Test_43,0.8638527345584693,4.103158229549148e-05,0.13513744042529524,0.0009687934339399424
Test_44,0.05891478408493013,0.18135637478384858,0.0010466715409680534,0.7586821695902531
Test_45,0.14233025365849963,0.31780442427741795,0.006869622828056866,0.5329956992360256
Test_46,0.20195294984577086,0.05967967737425315,0.0015367044864745692,0.7368306682935014
Test_47,4.859202192180059e-06,0.0036859855520589026,0.9954482930031313,0.0008608622426176134
Test_48,5.857950984335005e-07,0.0192704375628432,0.9796634537311515,0.0010655229109068408
Test_49,0.003578360446339734,0.001377014011498511,0.9940255096332473,0.0010191159089144753
Test_50,4.568898501436243e-05,0.0935779812650686,0.9054539609813018,0.0009223687686153205
Test_51,2.8592910578039077e-05,0.02875050224938785,0.9678955942277702,0.0033253106122640643
Test_52,1.2086883255819042e-05,0.004809565376195949,0.994752011044642,0.00042633669590629605
Test_53,0.0003801897536326514,4.476052062234397e-06,0.9995923711911717,2.2963003133486387e-05
Test_54,0.0014238309628797096,0.6289000611574891,0.314677088872754,0.05499901900687726
Test_55,0.039671528280113305,0.09287481228874124,0.663794516409176,0.2036591430219694
Test_56,0.12680754798138166,0.10738173978806934,0.0036681165280865705,0.7621425957024623
Test_57,0.842156694042431,0.005820248711734576,0.11204154804764635,0.03998150919818802
Test_58,1.0905170388016692e-05,0.0017789600578744392,0.00018075535647082925,0.9980293794152666
Test_59,0.00028317309229119726,0.022509501043091067,0.9693121324757361,0.007895193388881531
Test_60,0.0036687949241017395,0.35098117341821156,0.020100873760106164,0.6252491578975805
Test_61,0.37740395770097623,0.10194072725202293,0.028694811515556383,0.49196050353144455
Test_62,0.8121232610359969,0.002595615959028158,0.072139705897683,0.11314141710729204
Test_63,0.0007778493396528707,0.09299930040060517,0.006713460105357822,0.8995093901543842
Test_64,0.8124418654145058,0.00812055174369168,0.12285645360876168,0.05658112923304088
Test_65,7.697490020175931e-06,0.16075427612607956,0.8358411013199974,0.003396925063902854
Test_66,0.9874835535529385,0.001786900030572379,0.003871551665606562,0.006857994750882533
Test_67,5.54202125806889e-07,0.05019911042722339,0.9495136224674722,0.0002867129031785148
Test_68,0.0652862057547426,0.02169924377926978,0.06721245736859913,0.8458020930973884
Test_69,4.3154640871614854e-06,0.004168241508771027,0.9957211276968996,0.00010631533024239192
Test_70,0.024531701477369036,0.0343254460026834,0.04497047099192565,0.8961723815280219
Test_71,0.02185674044298629,0.004036712256286588,0.9734443123962787,0.0006622349044485348
Test_72,0.046188735471281654,0.027577768828814145,0.0021770698466256804,0.9240564258532785
Test_73,0.8474569448346956,0.010634024048404528,0.10536310996382173,0.03654592115307815
Test_74,0.5168475126795752,0.01948934410114376,0.024627511024610187,0.4390356321946709
Test_75,0.00011627372258272384,0.02484743728459181,0.04967501558796771,0.9253612734048577
Test_76,0.9937262346602163,1.4450118604823386e-05,0.00552200061251628,0.0007373146086628907
Test_77,0.002184590718639563,0.005011596731424259,0.9828584878907815,0.009945324659154698
Test_78,6.188617322786681e-05,0.5360799933501347,0.001410517670436479,0.462447602806201
Test_79,0.2613360207248301,0.1472708742446606,0.1496964581973077,0.44169664683320176
Test_80,8.27851339417738e-06,0.9561474870597622,0.004534886605088099,0.039309347821755394
Test_81,5.723170545624249e-05,0.13927331924759384,0.8599467394172743,0.0007227096296755059
Test_82,0.0011387050499251346,0.16184718942115423,0.2766298043176492,0.5603843012112715
Test_83,2.215453426049123e-05,0.605383677754949,0.3820263903202024,0.012567777390588097
Test_84,0.1486061485449615,0.011380324383368924,0.0073560249776711256,0.8326575020939984
Test_85,0.942500419528231,0.00014457347048577903,0.004180539205609045,0.05317446779567415
Test_86,0.03885938403063359,0.8268181610887511,0.0729054629210241,0.061416991959591515
Test_87,0.9225183493727055,0.0003339391072828778,0.002764042719447714,0.07438366880056388
Test_88,0.02142764536455452,0.21218815444013717,0.020937925929526934,0.7454462742657814
Test_89,0.8195162947293525,0.011090591141495488,0.07315511071510052,0.09623800341405167
Test_90,0.0005436164418341948,0.0013522020424384619,0.997192380389333,0.0009118011263943122
Test_91,0.1220129056076514,0.052997911892278864,0.25441273523421276,0.570576447265857
Test_92,0.938539040508377,0.0001862390326617933,0.05719141421941356,0.004083306239547596
Test_93,3.29455025724507e-06,0.01740061877139691,0.982510969328082,8.511735026379707e-05
Test_94,0.006417731182874481,0.009610981517676705,0.002210213791725541,0.9817610735077232
Test_95,0.4148791575565949,0.020336131869723606,0.5101447873787687,0.05463992319491284
Test_96,0.07825606457893615,0.00010733932355689074,0.017213963591784884,0.9044226325057222
Test_97,0.6021767807696732,0.11040089302266444,0.04661042610883825,0.24081190009882414
Test_98,0.008017091635211982,0.03564440177998756,0.0004661684943939029,0.9558723380904065
Test_99,0.05148025820074397,0.24483319353586738,0.045186179128708225,0.6585003691346804
Test_100,0.000315062983961084,0.3914362134393516,0.0006908868705865575,0.6075578367061008
Test_101,0.7697140401612987,0.04937321914823546,0.02525183995181024,0.15566090073865563
Test_102,0.02220671541366373,0.08589849569076463,0.06292338580540094,0.8289714030901707
Test_103,0.01647138821871901,0.006731767744675275,0.9683646985803612,0.008432145456244414
Test_104,0.006848135890518533,0.017072463181260312,0.00592938275631313,0.970150018171908
Test_105,0.12172557901657882,0.0005713969544305477,0.03625269682475898,0.8414503272042316
Test_106,0.9185581296823757,0.001561044980293856,0.049391300191314894,0.030489525146015706
Test_107,1.014356291635474e-06,0.0028716083701378543,0.9968993604322578,0.00022801684131287215
Test_108,0.00027748541221843674,0.03235355733152122,0.00030577882838103937,0.9670631784278794
Test_109,0.0045142756618911815,0.017434468651374838,0.005999209707872119,0.9720520459788619
Test_110,0.0696429372962864,0.03723928359908524,0.004263679912672016,0.8888540991919565
Test_111,0.7742056955044819,9.297393367855948e-05,0.0011157165918826066,0.22458561396995694
Test_112,5.801436786825928e-05,0.10952703546532119,0.8866749697569375,0.0037399804098731605
Test_113,0.04613868524970598,0.005220158708310206,0.005584896429690425,0.9430562596122934
Test_114,0.0007557717303869108,0.06618594297765301,0.8726309196463002,0.0604273656456598
Test_115,6.164619181683802e-05,9.290589887200059e-05,0.999800996650562,4.445125874928769e-05
Test_116,6.935011047503676e-05,0.06207478115260439,0.9377051105701171,0.00015075816680360218
Test_117,4.625673096989976e-05,0.021725450228143168,0.9706801867716107,0.007548106269276251
Test_118,2.8612143264646415e-06,0.004987179205688092,0.994980760738661,2.9198841324459804e-05
Test_119,0.8305159673848873,0.005467693059723055,0.1602613542952728,0.0037549852601168054
Test_120,4.029307157402435e-05,0.000658543037032894,0.9969302123135714,0.0023709515778216877
Test_121,0.20889124076139218,0.04442412111119592,0.40209326481974894,0.344591373307663
Test_122,1.0391420826775333e-05,0.013028772986192089,0.986721968193022,0.00023886739995929485
Test_123,5.739434350260622e-05,0.3114576443958453,0.6882261919961875,0.0002587692644645783
Test_124,0.004740631609401566,0.1525332897809508,0.002331103546076084,0.8403949750635715
Test_125,0.1563316118139044,0.2674489989814547,0.40808346614967517,0.16813592305496572
Test_126,0.9876998405378132,0.000750432838554273,0.008410104982433645,0.003139621641198859
Test_127,0.6957533568093216,0.016987583979932823,0.14131195673290553,0.14594710247784012
Test_128,2.3172686404713773e-05,0.7392988923016637,0.1489977384856564,0.1116801965262752
Test_129,0.021666506329958618,0.7517316685981638,0.05966426877201715,0.1669375562998605
Test_130,0.02443958103650411,0.0022537032007962283,0.00016851871180712533,0.9731381970508926
Test_131,1.811987618170023e-06,0.0010195652726179007,6.781719651739389e-07,0.9989779445677986
Test_132,0.9882392958950572,0.0002509148134793417,0.009483805647688323,0.002025983643775157
Test_133,0.00045593967958598193,0.019629410043555166,3.9983094870195385e-05,0.9798746671819887
Test_134,0.49894217400171276,0.004767705941997068,0.012423046478998043,0.4838670735772921
Test_135,0.02396772614914326,0.15359261930175624,0.06544483836816789,0.7569948161809326
Test_136,0.0003183671640863191,0.006576840568505632,0.003923312612195719,0.9891814796552124
Test_137,2.5926461813290995e-06,0.04368693097996773,0.9562491913692822,6.128500456877845e-05
Test_138,4.349998932701784e-07,0.007655008922094072,0.9923390655129659,5.490565046736103e-06
Test_139,0.9992174380551648,3.3949439712591555e-06,0.0005003647601759622,0.0002788022406877409
Test_140,0.3690377311778366,0.006357268492078167,0.5624335218138944,0.062171478516190766
Test_141,0.021325473333621094,0.03349203434705003,0.002622438802042413,0.9425600535172864
Test_142,0.00030221930693651787,0.7202969370991811,0.01888847901664719,0.26051236457723526
Test_143,0.00030500062469987553,0.008589765022030118,8.499605921607904e-06,0.9910967347473485
Test_144,0.9411211693395496,0.00069328834479816,0.005128255789642529,0.053057286526009606
Test_145,0.01205675434686561,0.0037837566407911247,0.004782764932660112,0.9793767240796831
Test_146,0.0002131600718558695,0.0004692441269875056,0.9963925443592135,0.0029250514419430556
Test_147,3.397093117323134e-07,0.040379661172203,0.9595886649393089,3.133417917629521e-05
Test_148,0.9572209245397486,0.009330927850022985,0.002977068140564077,0.03047107946966433
Test_149,0.03237593414941463,0.01849859559199092,0.910630020898671,0.03849544935992355
Test_150,0.0508715550152489,0.574926511148132,0.16558796433018222,0.20861396950643685
Test_151,2.822044816683521e-06,0.00016074728456024392,0.9998041228978052,3.230777281788225e-05
Test_152,0.00013557337749605267,0.08402042948140122,0.9127859109363476,0.0030580862047550664
Test_153,0.3751352702485282,0.005005702191527025,0.031657531468050906,0.5882014960918938
Test_154,0.0006292130555701629,0.20589589546089834,0.7713726258481661,0.022102265635365326
Test_155,0.0007687450672371184,0.0023413522894282224,0.9787801202233027,0.018109782420032024
Test_156,0.0056309283997607,0.028959787608375965,0.00036987851262437803,0.9650394054792389
Test_157,0.004053474767945779,0.008261462703306821,0.7260498604201023,0.261635202108645
Test_158,0.000509696715911539,0.004976857331314528,0.00047446169048606695,0.9940389842622879
Test_159,0.006043768936729706,0.001469200546167361,0.9783285514883026,0.014158479028800335
Test_160,0.9849243446290148,0.0017114692379220863,0.0050854215466377495,0.00827876458642551
Test_161,0.0005179412784931521,0.007421884452138056,0.9827907557224758,0.009269418546893005
Test_162,0.0006628162422026557,0.001608512943680552,0.9975794503785294,0.00014922043558740643
Test_163,0.0005024310547033981,0.7489807602250306,0.24450772789582073,0.006009080824445289
Test_164,0.633844180726415,0.05429914317816475,0.027934746450066106,0.2839219296453542
Test_165,0.0013203618654545547,0.24844911866757624,0.07984735640629716,0.670383163060672
Test_166,0.534807922051331,0.004747575990875735,0.4100970397929059,0.050347462164887356
Test_167,1.0572515743092728e-05,0.0013523195080241228,0.9985458017852085,9.13061910242792e-05
Test_168,2.6081273409354754e-05,0.05053706983379168,0.9441444906692984,0.005292358223500627
Test_169,0.5235027067310909,0.01906390366328263,0.09329035289725776,0.36414303670836873
Test_170,0.1817330794590894,0.0595175126570701,0.3948827359377653,0.3638666719460753
Test_171,0.001096311439193903,0.0035927965327315803,0.989079474806293,0.0062314172217815406
Test_172,0.0020332511509874875,0.6286437715971168,0.3623489288758087,0.006974048376086776
Test_173,0.0004924104575436542,0.01405994977246434,0.9853195506628909,0.0001280891071010342
Test_174,0.8269757097289324,0.011945904148803232,0.010346078468355273,0.15073230765390905
Test_175,0.5810893505867831,0.0098288009511772,0.16518647371347647,0.24389537474856302
Test_176,5.419040395782091e-06,0.09292960996899888,0.9067609444485815,0.0003040265420238997
Test_177,0.06154060470613162,0.00011695467059512176,3.7834915783489634e-05,0.9383046057074899
Test_178,4.197878142497835e-05,4.030075775363007e-05,3.954344269653712e-06,0.9999137661165518
Test_179,2.8626568399222836e-07,0.06770152446232645,0.9319138775629202,0.00038431170906932526
Test_180,0.05002612022964502,0.14599533686282537,0.5286551149240437,0.27532342798348586
Test_181,0.2310589471262958,0.00813640211992681,0.0021737298370384218,0.758630920916739
Test_182,0.001496977910963929,0.10617248378540048,0.8733922692822991,0.018938269021336423
Test_183,0.927987120374212,0.003760216885020748,0.040265925216077574,0.027986737524689654
Test_184,0.00558028018480392,0.002505938389952243,0.22273315271704505,0.7691806287081988
Test_185,0.11786909792243097,0.03171788925892512,0.12422099190669876,0.7261920209119452
Test_186,0.4670520588511723,0.07714312459634041,0.06081480826147259,0.39499000829101477
Test_187,0.001095785004588453,0.005941421838409477,0.9917604203293132,0.0012023728276887272
Test_188,0.169038180930008,0.00029282753251074324,0.822351696071132,0.008317295466349225
Test_189,0.8165110156942295,0.06687579905812105,0.042374884138062834,0.07423830110958649
Test_190,0.03319723983755021,0.36884061049960937,0.39748770271314915,0.20047444694969133
Test_191,0.0008367285213522536,0.0020685261963114846,0.9824725092115991,0.014622236070737224
Test_192,0.7592152008647907,0.014494782759972307,0.16155278190585803,0.06473723446937911
Test_193,0.003027468330055699,0.002094852680845455,0.9942712519788116,0.0006064270102872269
Test_194,1.1879742917539395e-06,0.12756404080516626,0.8722315819395388,0.00020318928100330493
Test_195,0.5763480992763443,0.22831765627794418,0.03060231742907004,0.1647319270166415
Test_196,0.024211667103947117,0.33563190708767526,0.004217669635071978,0.6359387561733058
Test_197,4.5613679056150145e-06,0.23899177195051804,0.7607549136932835,0.00024875298829278423
Test_198,0.010350027624312216,0.051287882744096104,0.002138753851258719,0.9362233357803329
Test_199,0.2867630102664217,0.04300666572298271,0.28434618707734005,0.38588413693325563
Test_200,6.625414526197701e-05,0.002682713219630765,0.9969403977113666,0.0003106349237404938
Test_201,0.06357242804634151,0.26022531818366823,0.14501089709703438,0.5311913566729559
Test_202,0.00017533458973225007,0.09404914193031846,0.3657807674071717,0.5399947560727776
Test_203,7.636089294703829e-05,0.13607278680345786,0.8531908881754527,0.010659964128142395
Test_204,0.0773228126683158,0.02536931287719157,0.0603326302607025,0.8369752441937901
Test_205,0.06413913628855315,0.00020468537321322378,0.0005016800502360644,0.9351544982879977
Test_206,0.000225921353434136,0.002700090811974663,0.00010941152868105615,0.9969645763059101
Test_207,7.3306120125367865e-06,0.014971616659206198,0.9787717938570291,0.006249258871752133
Test_208,0.6026445134157407,0.132898079536786,0.03657532173872842,0.22788208530874488
Test_209,4.091480163127344e-06,0.516215772762908,0.4749528889833677,0.008827246773561137
Test_210,0.07599777592343337,0.01709273998396962,0.3091375815267752,0.5977719025658218
Test_211,0.021348550034018293,0.3106171875118578,0.06700888028356122,0.6010253821705627
Test_212,0.0005197290405506125,0.0010855548229972225,0.9983769084867473,1.7807649704855275e-05
Test_213,8.364271281058869e-07,0.9903911592395281,2.922530802258615e-05,0.00957877902532121
Test_214,3.2951263702723953e-08,4.003472365557275e-05,0.9999175725395076,4.235978557315598e-05
Test_215,0.5967625168041031,0.12561864195819838,0.026540026876683706,0.2510788143610149
Test_216,0.905670934139065,0.0004394506410815604,0.0920862077859542,0.0018034074338994465
Test_217,0.41789638701604365,0.018192529676697534,0.07134308249123054,0.49256800081602825
Test_218,0.9779484522812238,0.0045000836936336585,0.009404434798361323,0.008147029226781264
Test_219,0.06492775450507586,0.00014515208984531018,0.9335882129781147,0.0013388804269640674
Test_220,0.00038514871225189904,0.19912728275568073,0.0018851137366386694,0.7986024547954288
Test_221,0.6674084300151951,0.00017225439060148537,0.2341920163920944,0.09822729920210904
Test_222,0.0022306037459727313,0.006375059733003711,0.9772996815137527,0.01409465500727094
Test_223,6.839389065146731e-05,0.10223904984337387,0.8963513100719541,0.0013412461940206894
Test_224,0.9938327920726565,2.06703992399249e-06,0.0009498088382851087,0.005215332049134353
Test_225,0.9903753751629046,0.0007820938869115935,0.007092475301874447,0.0017500556483093172
Test_226,0.00014310750661472926,0.5491203634352484,0.4463947635013589,0.004341765556777925
Test_227,0.009847259211500259,0.014602344374699996,0.0032188444393445527,0.9723315519744552
Test_228,0.040752260832890276,0.00010923324551567459,0.9476223806798266,0.011516125241767344
Test_229,1.678758739481716e-06,0.017092686009215523,0.9811265130924619,0.001779122139583091
Test_230,0.005532776598500979,0.02708119878410639,0.007474040973426036,0.9599119836439666
Test_231,1.0832571947963397e-05,0.0008954656772066603,8.552160578929864e-05,0.999008180145056
Test_232,0.21295863239828053,0.03637559749628824,0.7271271885572027,0.023538581548228445
Test_233,0.9385190430686259,0.0009491315462456544,0.03385177353774392,0.026680051847384596
Test_234,0.024282373723774387,0.02244677668212711,0.0007887949453175186,0.9524820546487811
Test_235,0.0005533957455228807,0.010197080669546369,0.0015979769436147771,0.987651546641316
Test_236,0.19457502365260196,0.03598997087470107,0.5734632058571587,0.19597179961553832
Test_237,0.015823181897343386,0.018408194087135298,0.027744146446789204,0.9380244775687321
Test_238,2.169917840453019e-05,0.15367359543674783,0.8459719804641601,0.0003327249206876234
Test_239,0.08302804682627213,0.007029848710249508,0.9046009598696205,0.005341144593857943
Test_240,4.870349996896579e-05,0.08978651791865995,0.90990126608695,0.00026351249442108104
Test_241,4.204558134941414e-05,0.8540232074757982,0.07959621518315664,0.06633853175969576
Test_242,0.06664796145317359,0.10290212966393045,0.0051155661775107025,0.8253343427053853
Test_243,0.9404358396576641,0.00018018486544087427,0.051203716030141545,0.008180259446753676
Test_244,0.06854031558599728,0.1995794439460929,0.013756331179439866,0.7181239092884699
Test_245,0.0014265730528586268,0.8751129356154912,0.09191355930141593,0.03154693203023427
Test_246,0.009082768941048114,0.023460947641384802,0.002125383537378423,0.9653308998801886
Test_247,6.980300369187997e-06,0.0003901316139737614,1.1272328243462259e-05,0.9995916157574135
Test_248,0.2168744785447935,0.19507449090814272,0.05596304381880689,0.5320879867282569
Test_249,0.004508117215658499,0.6073137271165708,0.03967853454549909,0.34849962112227145
Test_250,0.9802123570706034,8.984334947197486e-05,0.011212948365854946,0.008484851214069597
Test_251,0.1376865629661107,0.011501974757483305,0.01085359396806398,0.8399578683083421
Test_252,0.00030164784828207717,0.10323162139485928,0.8829131186419358,0.013553612114922791
Test_253,2.5724516664934034e-05,0.35238797206777467,0.003950347838700334,0.6436359555768602
Test_254,0.013400185881693881,0.09907514223370575,0.0012207986384401804,0.8863038732461601
Test_255,0.08037477521193087,0.0001758851242986131,0.0030757679048358643,0.9163735717589346
Test_256,2.672905280625872e-06,0.01318209107690805,0.0005106689948263614,0.986304567022985
Test_257,1.7269227027163033e-07,0.00045247218293242955,0.9995463304966298,1.0246281677431612e-06
Test_258,0.00028476346164561816,0.4921163384029352,0.35778044703106704,0.1498184511043519
Test_259,0.3662953303619716,0.0641544244813139,0.558090770393038,0.011459474763676562
Test_260,0.3997139557869133,5.9457600123126435e-05,0.006494498103513201,0.5937320885094503
Test_261,2.122510543521391e-07,8.118628327437953e-05,0.999915912326581,2.6891390903279482e-06
Test_262,0.003645237764808973,0.16386897626346658,0.8027446611706233,0.02974112480110127
Test_263,0.7894823948984642,0.006849939475438982,0.08920994335017787,0.11445772227591895
Test_264,0.9268227714686612,0.0018210979263438521,0.0038123118981212194,0.06754381870687357
Test_265,0.0250494875138654,0.15534290614379634,0.8091744792470503,0.010433127095287925
Test_266,8.291243274459392e-05,0.0019561435127683473,0.0001555415552741529,0.9978054024992128
Test_267,0.940709457116238,0.004107935762116054,0.03344452046391782,0.021738086657728323
Test_268,7.028893714397097e-06,0.705942735572386,0.29259640596756775,0.0014538295663318805
Test_269,0.812969983696683,0.001833733151383747,0.04323871291600737,0.14195757023592587
Test_270,8.088264199022997e-05,0.0005361132385431144,6.191445983097042e-06,0.9993768126734834
Test_271,0.06205668081327834,0.13056197252464233,0.10092702030084667,0.7064543263612326
Test_272,0.0002845711839460652,0.21769593630772188,0.7598190724830967,0.022200420025235267
Test_273,0.1091530162879273,0.4383125474450675,0.21847678652725044,0.23405764973975468
Test_274,0.0012547852361130985,3.495040178368535e-05,0.9978562680261264,0.0008539963359769342
Test_275,0.0022301172023769826,0.10774490748842933,0.8551668363514839,0.034858138957709756
Test_276,3.359693781811385e-05,0.52010071806223,0.015039292184137762,0.4648263928158141
Test_277,0.484802732836768,0.015714840143349056,0.021698758395513523,0.4777836686243695
Test_278,0.00026797612123815955,0.2452958726544085,0.08925622431693361,0.6651799269074197
Test_279,0.0006763472735937675,0.000170343111258404,0.9976274405964218,0.001525869018726199
Test_280,0.00010914162681491756,0.0038542372548443383,0.0002970295113563352,0.9957395916069843
Test_281,0.05691474713322263,0.1220624279086037,0.042968835471280484,0.7780539894868932
Test_282,1.37010649746915e-05,0.9591039739338183,0.0004479367512009014,0.04043438825000605
Test_283,0.0015367826513460448,0.09165476734021527,0.9041782502820616,0.002630199726377078
Test_284,0.001955617680283483,0.21072404810571269,0.7531175080795647,0.034202826134439236
Test_285,0.3904132835828641,0.010154843793883706,0.05273520935045812,0.5466966632727941
Test_286,0.5232008211815455,0.0001879217406634129,0.0228452830737193,0.45376597400407165
Test_287,0.35204079827743945,0.03254119575901441,0.14857224694924442,0.4668457590143016
Test_288,1.0221360356553751e-05,0.0011143447588455304,1.2987636873339588e-05,0.9988624462439245
Test_289,0.0001327265182891779,0.00011166544727661507,8.40464741959322e-06,0.9997472033870146
Test_290,0.007486467844095473,0.11911167671055016,0.8130361503892729,0.060365705056081555
Test_291,0.08367630306982492,0.030817353179838188,0.8690274618692252,0.01647888188111174
Test_292,0.9858270708611806,7.21389147180286e-06,0.01110017308505128,0.0030655421622963128
Test_293,0.0009125310942162027,0.3160432353128149,0.6776255691185645,0.005418664474404249
Test_294,2.6610517064079444e-05,0.140446228167272,0.8587309525121449,0.0007962088035190388
Test_295,0.008174587938386062,0.010588781262966808,0.9597915350433034,0.021445095755343643
Test_296,0.5328240441502289,0.004937077813477391,0.12515109665512505,0.33708778138116874
Test_297,0.008797511159186765,0.12851236901808993,0.0232372549080033,0.83945286491472
Test_298,0.00010207114480366322,0.23806085310052336,0.5868679056668826,0.1749691700877903
Test_299,0.00018745836555531672,0.020327211377242877,0.0015079201519927771,0.9779774101052089
Test_300,0.8658782368344334,7.57569149539403e-05,0.0033279222060118626,0.13071808404460064
Test_301,0.8752343427531932,0.00028010419907163053,0.06731324535059569,0.05717230769713952
Test_302,7.295253687794366e-05,0.8806422660593095,0.0012929197837301867,0.1179918616200824
Test_303,0.5638184800342382,0.019702828088775246,0.0737240462971163,0.3427546455798703
Test_304,0.9470221510504081,0.008057153456103822,0.013575241372118674,0.0313454541213694
Test_305,0.9561201211113045,0.006583898690570191,0.003749680356046963,0.03354629984207849
Test_306,0.00955467500390434,0.0076448236474012205,0.9070875884279009,0.07571291292079366
Test_307,0.3378431942249521,0.010192605540666849,0.5753429701232208,0.0766212301111602
Test_308,0.003070524006085215,0.22214432087055808,0.08441946103194514,0.6903656940914115
Test_309,2.7374430786707947e-05,0.028282552848295468,0.9019360005209534,0.06975407219996449
Test_310,8.180389635671948e-05,0.6125383454654076,0.35508649113890556,0.03229335949933023
Test_311,7.600380194544412e-05,0.5560227653268737,0.40374151556307997,0.040159715308100814
Test_312,0.00015022508772366303,0.004786087577068776,0.0005107993165602752,0.9945528880186473
Test_313,4.53563295377255e-06,0.0017500633194890147,2.161592464083465e-06,0.9982432394550931
Test_314,0.030223278657114154,0.0017030285300712693,0.0010205878158662334,0.9670531049969482
Test_315,3.240055364544115e-05,0.00013831509901517732,1.0752141309795787e-05,0.9998185322060297
Test_316,0.8806974637974453,0.0006730105253098626,0.08204765619362019,0.036581869483624754
Test_317,0.0001797677736957213,0.005450987170426756,0.9934813381852643,0.0008879068706132284
Test_318,0.13171088398110214,0.07642712402774791,0.001097440013408709,0.7907645519777412
Test_319,1.9966186451098787e-06,0.0068773377514078846,0.9923079322906947,0.0008127333392522633
Test_320,0.1910283008254871,0.09118131551336954,0.6188958535153425,0.09889453014580088
Test_321,0.8611325706286723,0.057491607571396604,0.059969929352093,0.021405892447838023
Test_322,0.3220264656357654,0.10452511738370979,0.4278536846577476,0.14559473232277714
Test_323,0.016510604362437776,0.0231377574668137,0.8884144914492941,0.07193714672145464
Test_324,3.349025369152148e-07,0.0019551955159256397,0.9980420235596484,2.4460218888899806e-06
Test_325,0.003152990921846766,0.025829389885377523,0.0003956817736200105,0.9706219374191558
Test_326,5.084558930454317e-07,6.489716964967483e-05,0.9999274879872186,7.106387238608473e-06
Test_327,0.018420603926006283,0.02727550946786272,0.009597600175805516,0.9447062864303254
Test_328,2.1780479142273985e-05,0.0023315736839727213,0.9972787133121507,0.0003679325247343971
Test_329,0.0005548853262743063,0.07221640177426222,0.9263517935712527,0.0008769193282107514
Test_330,4.8687314580754725e-05,0.2245898361936969,0.7740377841878036,0.0013236923039188716
Test_331,0.49412282768218696,0.18780472982642016,0.04103836298730284,0.27703407950409004
Test_332,0.9635405539621243,0.02075105207759876,0.0035618532036577255,0.012146540756619154
Test_333,0.00010283394879319472,0.42733572189945607,0.5711313968666301,0.0014300472851206968
Test_334,7.229004309591779e-07,0.00037630246565361687,0.9996165194913799,6.455142535486795e-06
Test_335,0.7580650848140781,0.005580658376521059,0.1558308113651588,0.08052344544424213
Test_336,0.10001766354397149,0.019841851879219028,0.731856802924715,0.14828368165209466
Test_337,0.8877009868200956,0.043408625405000775,0.004171894126698569,0.06471849364820519
Test_338,0.9967695406417569,6.516992140285371e-06,0.0008337262975301058,0.002390216068572568
Test_339,0.01264873929287315,0.268329564961417,0.7142952205279984,0.00472647521771127
Test_340,0.05731719837943157,0.03712197619575448,0.8370908548768379,0.06846997054797592
Test_341,0.4141664815564557,0.0383574193005728,0.0019250688180378563,0.5455510303249337
Test_342,0.833689111768045,0.0043558768894390336,0.15991368976736012,0.0020413215751556983
Test_343,0.0021986673313220298,5.345833099896744e-05,0.00037756887443691963,0.9973703054632421
Test_344,5.998171963742369e-06,0.01731932479628883,0.9826508425068285,2.3834524918878054e-05
Test_345,1.0090137696479062e-07,0.0072099917640421896,0.9926932035822803,9.670375230060651e-05
Test_346,2.128538912723434e-06,0.0018920221268847587,0.9975238652842574,0.0005819840499451546
Test_347,5.545056325983e-05,0.0014066313405446977,0.9873759618183661,0.011161956277829429
Test_348,0.0002563493789530321,0.0009380341892539964,0.0004638997236423313,0.9983417167081508
Test_349,0.04500611014718395,0.262033684981132,0.313830432622745,0.37912977224893907
Test_350,0.002891241530518776,0.25675356312898523,0.00820116608721843,0.7321540292532775
Test_351,6.036369670876836e-06,0.09300367727459273,0.9065015722987536,0.000488714056982744
Test_352,0.04317697508248334,0.0027359026468120277,0.0015633879040831923,0.9525237343666215
Test_353,0.12143073613143746,0.018560902253228415,0.009225243029119408,0.8507831185862147
Test_354,0.100239752176966,0.008677854924812815,0.8790492041359014,0.012033188762319746
Test_355,0.8083675240374556,0.02133300383463722,0.001940059331749116,0.16835941279615793
Test_356,0.4041562207522942,0.009019016115393401,0.3299369081339905,0.2568878549983219
Test_357,0.9273386636369969,0.00011728491866426778,0.06897094535389707,0.003573106090441861
Test_358,0.06565271431842615,0.5131177174569425,0.14040587756969358,0.28082369065493773
Test_359,0.011242437400734447,0.018497678995584972,0.24737315746836586,0.7228867261353147
Test_360,0.0008353018004797939,0.0060567040372183625,0.00016727953367395458,0.9929407146286279
Test_361,0.93098057224104,0.000532264732832289,0.00712912404058195,0.061358038985545975
Test_362,0.8041346833649555,9.617711714989861e-05,0.1503393795937076,0.045429759924186845
Test_363,3.8941145665552075e-06,0.017584776935389065,0.981619679793381,0.000791649156663306
Test_364,9.532887244186616e-06,0.000287780032802579,0.9996699504490458,3.2736630907523815e-05
Test_365,0.01142663053510904,0.008396203829008492,0.9773770764591665,0.0028000891767158177
Test_366,0.00015430220411195167,0.03728320333254599,0.9112929648445942,0.05126952961874785
Test_367,0.25396372878128215,0.0017705281079570107,0.025529650734098668,0.7187360923766621
Test_368,0.5615633255058634,0.0014050622508226527,0.31421320211066933,0.12281841013264462
Test_369,1.986391511278175e-05,0.0031826728733568015,0.00012240847509032237,0.9966750547364401
Test_370,0.0007845009910874307,0.001244184153676594,0.9930577329418124,0.00491358191342362
Test_371,2.46455719504473e-06,0.0028924002665511035,0.9971016116837335,3.5234925202532745e-06
Test_372,0.01174932521415708,0.02769524568563166,0.01179872154818958,0.9487567075520218
Test_373,0.009591980126180311,0.032675169337633425,0.9454733471533556,0.012259503382830597
Test_374,0.004332628610516559,0.022063759424993258,0.9586110933238192,0.014992518640670853
Test_375,0.012057289683728458,0.02475440364081984,8.038775557798923e-05,0.9631079189198736
Test_376,0.9683976147378802,0.005464992166132889,0.003346991493756272,0.022790401602230476
Test_377,0.22132546968867317,0.014657836954763468,0.2056120758246991,0.5584046175318643
Test_378,0.00038423405776180284,0.009155999817159218,0.9902133596103813,0.00024640651469770325
Test_379,0.019775291883777208,0.5338836944900063,0.007307668667763284,0.43903334495845325
Test_380,0.17782685357316697,0.2811466584651027,0.014625946468370028,0.5264005414933604
Test_381,0.0989563816863269,0.13825805913114902,0.0010824359177602238,0.7617031232647639
Test_382,0.07097459049375078,0.012771582739185805,0.006232221950281568,0.9100216048167818
Test_383,0.8727863391977981,0.006997888026991738,0.007756186733622683,0.11245958604158741
Test_384,0.003412858856195793,0.0024306450556416544,0.9917151880186906,0.0024413080694720927
Test_385,0.042620308391038995,0.0046199479964041034,0.0008468654975877705,0.951912878114969
Test_386,0.0001471231353985374,0.6397353358631748,0.3124928466565761,0.047624694344850706
Test_387,0.03875225394719337,0.014548856703594175,0.00928117696443566,0.9374177123847769
Test_388,0.8811884565069011,0.0005123523917979816,0.028209284782841963,0.09008990631845887
Test_389,0.9699074837672805,1.8503276724245883e-05,0.026215373914010954,0.003858639041984229
Test_390,0.2333564644824577,0.00030322625238223233,0.0035478638397894668,0.7627924454253707
Test_391,2.519491939919464e-07,0.19160468010793394,0.8083183881262039,7.667981666809372e-05
Test_392,0.002636395831734411,0.006189037515123098,0.8674182707507729,0.12375629590236967
Test_393,0.008885841756128892,0.001986151674848971,0.0004930219921451658,0.9886349845768768
Test_394,0.9658156870206999,7.147588028759388e-05,0.0021293135175299628,0.03198352358148277
Test_395,7.555710681063343e-05,0.8940031702363275,0.10506740836550728,0.0008538642913546723
Test_396,0.003595684134776551,0.0008645782109788348,0.0017296880151772421,0.9938100496390674
Test_397,0.17176518485992018,0.08540440378949818,0.17356445167508208,0.5692659596754995
Test_398,6.084651695737325e-07,0.9132610033107253,0.07959555887438156,0.007142829349723381
Test_399,0.8064326487886524,0.004599652315051001,0.004367595791635677,0.184600103104661
Test_400,8.915907953655674e-06,0.0026437508294171255,0.9972201611157543,0.00012717214687505392
Test_401,1.8602996824495415e-06,0.007075105422527675,0.9928738773266031,4.915695118663217e-05
Test_402,0.029212989465140872,0.0027224340175670304,0.019981543482525854,0.9480830330347662
Test_403,0.0013748059944308484,0.09546946801209108,0.9027108499579803,0.0004448760354979104
Test_404,0.30903176365459406,0.01613636439214387,0.021833520796593328,0.6529983511566687
Test_405,1.6392890379392992e-05,4.945730711304183e-05,6.060658732410065e-07,0.9999335437366342
Test_406,0.00021137552874816052,0.01274825495824018,0.000801833000910251,0.9862385365121015
Test_407,1.7900512661509706e-06,0.002445199211306592,4.124488081335731e-06,0.9975488862493459
Test_408,0.02161124315270453,0.01773846018604118,0.007343670815489357,0.953306625845765
Test_409,0.00022878954172949906,0.34111683601037135,0.5445470586582151,0.11410731578968407
Test_410,0.012925782000794918,0.01945387196364607,0.0006160092935765684,0.9670043367419825
Test_411,0.9927400815311508,0.000637651086013376,0.0010221456976949018,0.005600121685141043
Test_412,0.002070980431562909,0.9339602383987132,0.031019862175773277,0.0329489189939505
Test_413,0.9968835075623944,0.0010825898897156355,0.001778532881579066,0.000255369666310821
Test_414,0.0006451046331733736,0.006043462009363899,0.9911651550412177,0.002146278316244975
Test_415,0.0043032597483426485,0.050138096764489604,0.9436394085378904,0.0019192349492775525
Test_416,0.05543144279783581,0.005703700193871005,0.010874881587413553,0.9279899754208796
Test_417,9.759040820999585e-05,0.00011154075699590214,0.9997737182089623,1.7150625831810342e-05
Test_418,0.971069314315724,0.003158844387990832,0.007826080254794388,0.01794576104149074
Test_419,0.879344447796581,0.0009336075356552062,0.10118198924533865,0.018539955422425196
Test_420,2.6398892110606383e-05,0.02860405197053351,0.9712675492393589,0.000101999897997067
Test_421,0.00033919120440777014,0.001291640711601224,0.0007163620602769447,0.9976528060237141
Test_422,0.8955220306791202,0.007845262631064795,0.006875715248026679,0.08975699144178832
Test_423,1.22165715363049e-05,0.8641845389030459,0.12504267873849592,0.010760565786922102
Test_424,1.5088677783144908e-05,0.10830862206137326,0.8915171485797981,0.00015914068104535092
Test_425,0.8090124559652185,0.008436440690646087,0.019627531990887726,0.16292357135324773
Test_426,0.8642100528366885,0.056873243504213515,0.05428267436270301,0.024634029296394848
Test_427,0.0002555558451260233,0.007354866098447499,2.1414226265474214e-05,0.9923681638301609
Test_428,7.55978498537942e-05,0.0005314371099036247,4.8667681320200175e-05,0.9993442973589224
Test_429,5.521753756580825e-08,0.0015344592579059238,0.9984650709541194,4.145704370542777e-07
Test_430,0.001825172177714972,0.28871112199773546,0.7090291856987493,0.0004345201258003019
Test_431,0.9517363533599424,0.0007004470338499946,0.0030961521207555696,0.044467047485451855
Test_432,0.1723851600632658,0.19757259883633174,0.016436714159061363,0.6136055269413411
Test_433,0.0007214756017335299,0.0017000233485532806,0.0009220493222174311,0.9966564517274958
Test_434,0.00026122900483579586,0.008311374362679627,0.0006213030236646562,0.9908060936088199
Test_435,0.9901626622749202,0.0001206532359377671,0.00392477351455525,0.00579191097458676
Test_436,0.010017378368993012,0.09487615055798072,0.1858326671457692,0.709273803927257
Test_437,1.911233809338088e-05,0.0007848857429931866,0.9961372718471209,0.003058730071792504
Test_438,7.596232866613388e-05,0.7492001358565068,0.23671499673414836,0.014008905080678634
Test_439,0.010884170896903394,0.4278144620466057,0.5547705732421122,0.006530793814378592
Test_440,1.9638839425028754e-07,0.0019499193244243412,0.9980412565075487,8.62777963253553e-06
