image_id,healthy,multiple_diseases,rust,scab
Test_0,0.000523860424883019,0.09214483746973419,0.8526511424736507,0.054680159631732055
Test_1,0.007542685416265606,0.28744505087173866,0.6586396706562636,0.04637259305573213
Test_2,0.32090179168851174,0.03547643802867043,0.13521500728693395,0.5084067629958838
Test_3,0.9547876993628458,0.0009939591039006199,0.027597270748931237,0.016621070784322314
Test_4,1.0990153435971195e-05,0.003809556251619115,0.9959128755591319,0.0002665780358131809
Test_5,0.5823441329031878,0.03019221169322731,0.33214286630009937,0.05532078910348556
Test_6,0.8576310847900185,0.003833089415675688,0.05470409250557013,0.08383173328873554
Test_7,0.0002382952771563571,0.0017525889594866906,0.00039751354486006695,0.9976116022184968
Test_8,0.0899821475596362,0.11967232699582865,0.03799769602753196,0.7523478294170032
Test_9,0.001747710814225785,0.009856141574125682,0.9848781640566674,0.0035179835549811194
Test_10,0.002056416207873486,0.10509124064940935,0.8880632256985407,0.004789117444176382
Test_11,0.3696761064719536,0.02746310657732121,0.5880063703720335,0.014854416578691663
Test_12,0.1984255170486345,0.058952546018861074,0.016709447565663525,0.7259124893668409
Test_13,0.8083937204846036,0.028331732369960585,0.09863501131185562,0.06463953583358019
Test_14,0.001095523258299988,0.006267502232228014,0.9916081270041204,0.0010288475053515755
Test_15,0.021819247189193605,0.012309378457852212,0.9644671462507324,0.0014042281022217896
Test_16,0.6425230305137605,0.016531227249742802,0.1682121014704167,0.1727336407660799
Test_17,0.010978107593120949,0.09023466906417991,0.019616057194509033,0.8791711661481901
Test_18,0.6034878663803144,0.027450968017879347,0.05023213302751992,0.3188290325742864
Test_19,0.000368797594207678,0.03474626414092312,0.9580641604419383,0.006820777822930924
Test_20,0.09644108309084042,0.018731780300759216,0.024146615988714443,0.8606805206196859
Test_21,0.9511298633464653,0.0010508762661518047,0.030787075435100394,0.017032184952282557
Test_22,0.002600712807465882,0.04870946432390855,0.9369627568512978,0.011727066017327788
Test_23,0.0015799121287115886,0.0040559050320282935,0.0007277967929831333,0.9936363860462771
Test_24,0.8795303800049917,0.006677145870912079,0.05322083962098621,0.06057163450311011
Test_25,0.28354246659692894,0.014497449162182433,0.08849953209658368,0.613460552144305
Test_26,0.05090273692164923,0.037665834776415955,0.24161891333616034,0.6698125149657745
Test_27,0.001366904736093541,0.09577120100082374,0.885038956297336,0.017822937965746875
Test_28,0.9588339950998414,0.004341570985349586,0.005759610389944074,0.03106482352486487
Test_29,0.044423492041959604,0.2772621829258079,0.04135418190246868,0.6369601431297639
Test_30,0.5986147158539631,0.004295865356849305,0.02049392225587109,0.3765954965333164
Test_31,8.88239008742146e-05,0.21589319865869427,0.7727908437671593,0.011227133673272223
Test_32,0.6823219759359371,0.017287244759065377,0.14253748107816838,0.15785329822682925
Test_33,0.06358689135765246,0.010811737565642424,0.03761657221041836,0.8879847988662868
Test_34,0.31123781772539466,0.09110714436404306,0.27025325984822957,0.3274017780623328
Test_35,0.025286418369660103,0.009515575650857208,0.004947637890491072,0.9602503680889917
Test_36,0.0008256894803856784,0.01985990248238317,0.9773410814116792,0.0019733266255519254
Test_37,0.07864309626936279,0.04144384689703565,0.0052792894025068,0.8746337674310948
Test_38,0.002003791433364079,0.013438959959550653,0.003169116592442932,0.9813881320146425
Test_39,0.10278986421430118,0.022066521019099603,0.6959538790234682,0.17918973574313107
Test_40,0.0008130185953247312,0.02414517210871154,0.9692405337658262,0.005801275530137507
Test_41,0.002266861566976392,0.11956411856010352,0.8739283508555544,0.004240669017365738
Test_42,0.0006599911561834726,0.016304752948499493,0.0027836685498308566,0.9802515873454862
Test_43,0.9154314488878799,0.001434671573609072,0.08060070751285936,0.0025331720256515796
Test_44,0.4850166001639444,0.044598774418680265,0.011327244789280445,0.4590573806280949
Test_45,0.3966519554852678,0.2094695504668111,0.11720383423862997,0.2766746598092911
Test_46,0.6228716768032099,0.08272107637466987,0.06949858117551803,0.2249086656466022
Test_47,0.0005276655393972668,0.015584382320639618,0.9823513905989042,0.0015365615410589627
Test_48,0.00023784215132578024,0.03915679353012973,0.953058697216079,0.007546667102465386
Test_49,0.07582790960321426,0.009186891508740408,0.8889699688020947,0.02601523008595067
Test_50,0.0015624889305148725,0.04851198863817824,0.9344745723626099,0.015450950068697192
Test_51,0.000140780452582027,0.01834123127180808,0.9783278209863356,0.003190167289274206
Test_52,0.0019298717683563767,0.11512403246099127,0.844358810117767,0.03858728565288541
Test_53,0.009244400950277508,0.007884046857805535,0.9819028896890982,0.0009686625028187455
Test_54,0.002507645750883481,0.2788264173503808,0.6832800381953654,0.03538589870337024
Test_55,0.0676043850857751,0.04122570589261775,0.8131619341877886,0.07800797483381848
Test_56,0.2000475184781047,0.15469777289391057,0.035233433614594724,0.6100212750133901
Test_57,0.27126527039288134,0.009991541102796408,0.638911440065111,0.07983174843921127
Test_58,0.0012068134732621607,0.0023192742467766244,0.001220870687897979,0.9952530415920633
Test_59,0.0014555346974735445,0.03278541422010666,0.944135235273107,0.02162381580931277
Test_60,0.01081731527636096,0.10174549164920652,0.044823434209759386,0.842613758864673
Test_61,0.47052868466967174,0.10367465476415644,0.11118260609321166,0.3146140544729601
Test_62,0.6973937524226933,0.02377219306737228,0.22480508711809297,0.05402896739184145
Test_63,0.006625172660174051,0.10707346639077678,0.05451499388968862,0.8317863670593606
Test_64,0.8089494865246961,0.004343209105386058,0.17125024317113213,0.015457061198785581
Test_65,0.00044643958231488286,0.05857056414505993,0.9187751685753445,0.022207827697280812
Test_66,0.9085916296557903,0.016744546195776602,0.05234706609382843,0.0223167580546044
Test_67,0.0005832133684461726,0.11790330200261792,0.8498342266096618,0.03167925801927413
Test_68,0.12096615521599996,0.0742793894042062,0.10673513694763988,0.698019318432154
Test_69,0.0014130532588444988,0.0214108432430532,0.9721859759057989,0.004990127592303501
Test_70,0.054800040638147106,0.05767742184516682,0.1622198229613315,0.7253027145553547
Test_71,0.5068042685287547,0.013554727409305377,0.4413254355728056,0.03831556848913428
Test_72,0.3612482684699173,0.05399632393654153,0.011356992819299236,0.5733984147742419
Test_73,0.8278074583312734,0.019636973568537507,0.09235707986273688,0.060198488237452025
Test_74,0.5834170017066409,0.04645987445464051,0.06876421235941022,0.30135891147930827
Test_75,0.0053317390306554194,0.030262103803024906,0.07349108378001115,0.8909150733863085
Test_76,0.9687275901498954,0.00031656805283484136,0.02583134821485304,0.005124493582416742
Test_77,0.08014343881317741,0.03375237884747365,0.8612813907817879,0.024822791557561032
Test_78,0.0005235648000517336,0.3346036380894085,0.025398246689979687,0.63947455042056
Test_79,0.3234421636501348,0.046287987409571664,0.21994355487026782,0.4103262940700258
Test_80,0.004746831968148893,0.5858930540808004,0.16326984750641957,0.2460902664446312
Test_81,0.00016999533916134155,0.02425275038655147,0.9729864939343268,0.0025907603399602836
Test_82,0.003319445137398853,0.486736876776121,0.33573008140171823,0.17421359668476197
Test_83,0.000174521759714853,0.16185777479563124,0.8296862803414747,0.00828142310317914
Test_84,0.18782044327944833,0.017287249463707324,0.015426794520837457,0.7794655127360068
Test_85,0.8678309892231365,0.007668425409899314,0.03667930888848505,0.08782127647847925
Test_86,0.19029136380802839,0.1651154808779228,0.35776005628610585,0.2868330990279429
Test_87,0.8319118432095327,0.018439891878793947,0.016117186035461938,0.13353107887621155
Test_88,0.053613631895035575,0.1308330241630415,0.06449422849798263,0.7510591154439403
Test_89,0.7619435546857298,0.0394914031437278,0.10394177677841702,0.09462326539212529
Test_90,0.0020757431509167107,0.0223544355075936,0.9736417127174749,0.0019281086240147051
Test_91,0.45705627449783326,0.0789915270080707,0.1645180300898992,0.299434168404197
Test_92,0.9249697192128339,0.0015119095057264985,0.06595328394428468,0.007565087337154804
Test_93,0.00012926613022318082,0.04989522259827978,0.9494068400774626,0.0005686711940343037
Test_94,0.010493529298116809,0.014891488092446718,0.005514938219326213,0.9691000443901103
Test_95,0.24472614847455287,0.03363171687436874,0.6568509007465108,0.06479123390456756
Test_96,0.10789146658998562,0.004658068609401819,0.024687107622104906,0.8627633571785077
Test_97,0.5079972717797056,0.033133800054641595,0.06788918245473166,0.3909797457109211
Test_98,0.013046482101468302,0.03724506239329936,0.008135032949747335,0.941573422555485
Test_99,0.263377250725097,0.4299554692018676,0.15256162242537957,0.15410565764765582
Test_100,0.01517222633799994,0.10145233612622699,0.006113234005299865,0.8772622035304732
Test_101,0.7630642045938397,0.02445313880821276,0.07101232153897356,0.14147033505897397
Test_102,0.03853271531244783,0.017096234894455244,0.028916352883496563,0.9154546969096004
Test_103,0.23798259198711583,0.049274806300260175,0.6403253804454279,0.07241722126719619
Test_104,0.07663347278458758,0.12908113313737693,0.03062828869652899,0.7636571053815064
Test_105,0.41124789668882306,0.012281537759158204,0.059247379420834356,0.5172231861311843
Test_106,0.658418660965305,0.021616732161974617,0.12403218272803311,0.19593242414468726
Test_107,0.0007671185330124669,0.050419489511677545,0.9445597116499408,0.004253680305369218
Test_108,0.02362103666208507,0.013758552678399809,0.004152247771180069,0.958468162888335
Test_109,0.014770319151219367,0.07555538376315282,0.04144083022855283,0.868233466857075
Test_110,0.0529516960068552,0.03846236533810463,0.006652359257714528,0.9019335793973257
Test_111,0.7683882314261968,0.013947933528777968,0.04273214951847463,0.17493168552655045
Test_112,0.0019633115025059333,0.13109087610028253,0.8271831854866776,0.03976262691053391
Test_113,0.033417396825696506,0.05559094248256594,0.04187768092408665,0.8691139797676509
Test_114,0.06624659518977868,0.3406358886265872,0.4175800720538819,0.17553744412975217
Test_115,0.0008048250836801578,0.012770993364479413,0.9838305844802692,0.0025935970715712216
Test_116,0.020081017336682872,0.17241185263012818,0.7974485747256016,0.010058555307587322
Test_117,0.006206303565935225,0.05443334548983091,0.9100533663815357,0.029306984562698202
Test_118,0.0003263449676656699,0.02873362095980936,0.9657597926016764,0.005180241470848501
Test_119,0.619021912486944,0.07306539461375428,0.2879584534812242,0.019954239418077467
Test_120,0.0003081689823685031,0.010830027153190277,0.9851286105521692,0.003733193312272224
Test_121,0.18734100489534466,0.08941545478862316,0.6615400472358276,0.061703493080204556
Test_122,0.0018041112680365484,0.06575801860769136,0.9128607779235907,0.019577092200681503
Test_123,0.00015919402988366825,0.07694878782821866,0.9218468370314538,0.0010451811104439659
Test_124,0.007777059397318221,0.02449036792369519,0.0028186019974462753,0.9649139706815403
Test_125,0.08865533785605716,0.4519115464806322,0.23753983557355496,0.22189328008975562
Test_126,0.9110584601255842,0.0065951205201013954,0.07201395291850281,0.010332466435811519
Test_127,0.6470474509941802,0.025803321327579717,0.142376067460705,0.18477316021753512
Test_128,0.0038845445107827683,0.26914539071209187,0.22759998756135746,0.49937007721576787
Test_129,0.2273135046684123,0.278469999922853,0.33872912507091774,0.15548737033781707
Test_130,0.09041864702419516,0.01941305398854979,0.001936948255222559,0.8882313507320325
Test_131,0.0008863679317343942,0.020959474229189486,0.0005774741645377654,0.9775766836745383
Test_132,0.9556053200359411,0.0021032307987217673,0.03510853302492993,0.00718291614040715
Test_133,0.003955424135534457,0.017117502237861636,0.0019656893864142396,0.9769613842401897
Test_134,0.7745658341706096,0.011542000354173512,0.0701741981874718,0.143717967287745
Test_135,0.04049874708978799,0.14163766807270237,0.06061579049281496,0.7572477943446947
Test_136,0.0013087153246859103,0.01368842321628739,0.002696460253693416,0.9823064012053332
Test_137,0.000587785839905273,0.12047482275805671,0.8774011777700647,0.001536213631973521
Test_138,0.00022257723669012085,0.029407642211806365,0.9700237943587167,0.00034598619278680833
Test_139,0.9665856296877062,0.005377691704933308,0.0174896381607687,0.010547040446591677
Test_140,0.11609857485839832,0.03190395330470354,0.8144906187536389,0.03750685308325936
Test_141,0.03295368888529702,0.002337535958957001,0.005507099475307226,0.9592016756804388
Test_142,0.01933143473044792,0.34349989295139893,0.09570072638696604,0.5414679459311872
Test_143,0.01315706798363784,0.017814979235880497,0.0014122497454943646,0.9676157030349873
Test_144,0.863217222049959,0.006266545741087331,0.05618864326364224,0.07432758894531155
Test_145,0.056049316489859495,0.17631495640056874,0.24793990408501257,0.5196958230245593
Test_146,0.020371107993229148,0.011930599101251582,0.9652887338111557,0.002409559094363435
Test_147,0.00019418253232466868,0.07240667861327678,0.9216642003212077,0.005734938533190764
Test_148,0.8580598212942134,0.021793261443022727,0.05807058463553553,0.062076332627228385
Test_149,0.04852410481955071,0.160804640547552,0.7503086335346358,0.04036262109826138
Test_150,0.09692677021986629,0.20270610162512726,0.6308535284691356,0.06951359968587084
Test_151,0.001077824126682991,0.009484096947692373,0.9890724820746251,0.00036559685099960844
Test_152,0.0006552249776436643,0.06272968565603426,0.8946545153216666,0.04196057404465539
Test_153,0.49604391221253785,0.042628468600576654,0.24377080835582315,0.21755681083106224
Test_154,0.004880169029499137,0.12848749040875146,0.7943705578322505,0.07226178272949901
Test_155,0.004311933263593822,0.0370725170621019,0.9150760942432101,0.04353945543109403
Test_156,0.04275692938078023,0.02296139970924702,0.013933627646648652,0.9203480432633241
Test_157,0.03242635056605571,0.053035714472209464,0.4219193656161374,0.4926185693455975
Test_158,0.0013247533489950134,0.008926845853540382,0.002067298923439491,0.9876811018740251
Test_159,0.0825759819908282,0.07875725519405936,0.7292401968589793,0.10942656595613312
Test_160,0.9157294359022993,0.025049726375586837,0.03726117646799437,0.021959661254119522
Test_161,0.0018234081357646791,0.07510364110475,0.8834566221992893,0.03961632856019594
Test_162,0.011189212694423679,0.005667293802061226,0.9770095665671574,0.006133926936357693
Test_163,0.0009483600282899961,0.2991859207424314,0.6673721945017883,0.03249352472749031
Test_164,0.5614489155100743,0.12061138442156334,0.04215846190391121,0.27578123816445116
Test_165,0.019448025508428123,0.19073723044037622,0.12902076661455691,0.6607939774366388
Test_166,0.532722261450198,0.04871705656819523,0.2818188201755737,0.13674186180603315
Test_167,0.0007647774670586901,0.00898484336541353,0.989225023145425,0.0010253560221027947
Test_168,0.0011087418368299583,0.09723976320665892,0.877310597488288,0.02434089746822314
Test_169,0.20657103965012544,0.047532104902357174,0.6910926529721704,0.054804202475347015
Test_170,0.47537300210679045,0.0840645584085669,0.349210520545508,0.09135191893913462
Test_171,0.011383849748970505,0.0492796879391523,0.9007934461951798,0.03854301611669755
Test_172,0.011462685455353443,0.19318145063514042,0.7675697037166924,0.027786160192813648
Test_173,0.04461477251094631,0.041457756219296704,0.9051046953770984,0.008822775892658731
Test_174,0.627400732146417,0.022301056168945742,0.15183024643232226,0.1984679652523149
Test_175,0.5172750764102207,0.03800735656373034,0.24279111070837686,0.201926456317672
Test_176,0.00020947978649466968,0.0651305332269651,0.932441984189646,0.002218002796894116
Test_177,0.1819250713566341,0.002818515395337669,0.0030876425298335024,0.8121687707181947
Test_178,0.0030054975238568583,0.00264131909349175,0.00019244201630780474,0.9941607413663435
Test_179,0.00024605577221645415,0.06798367309738013,0.9274816898034709,0.004288581326932526
Test_180,0.033887526913240526,0.28796326207819584,0.37620620865372717,0.3019430023548365
Test_181,0.2996325940002596,0.04501277501612914,0.015150970870226498,0.6402036601133847
Test_182,0.007212785963726663,0.13286316004625306,0.8059975897263457,0.053926464263674666
Test_183,0.6971135843850016,0.004171028841311237,0.2877416306310864,0.010973756142600846
Test_184,0.030698239654677103,0.014248122858336784,0.0628874221551096,0.8921662153318766
Test_185,0.46204579159064296,0.014968127959376413,0.04180240344320607,0.48118367700677467
Test_186,0.430279464863516,0.09674651556026176,0.08337156844765511,0.3896024511285671
Test_187,0.009506273536453606,0.019744163665143637,0.962770869327052,0.007978693471350894
Test_188,0.23265710911351106,0.00644571979536936,0.744436506915353,0.016460664175766634
Test_189,0.6602432051865744,0.062240514498701896,0.07537131267395872,0.20214496764076487
Test_190,0.032546586188868964,0.11185910199384286,0.6029020277032802,0.25269228411400796
Test_191,0.023134468551961176,0.07845694127834954,0.7276676683250407,0.17074092184464862
Test_192,0.795791221722081,0.05753993979117192,0.09727351707008075,0.04939532141666618
Test_193,0.013999590489029894,0.012109370677907197,0.962703344248347,0.011187694584715876
Test_194,0.00022051176842411425,0.10366950567815822,0.8930002187982005,0.0031097637552173125
Test_195,0.6574252765269795,0.13094057671914247,0.036567585048842985,0.17506656170503498
Test_196,0.044085615670684225,0.0639257139579011,0.017752027553575002,0.8742366428178396
Test_197,0.0001106419284425385,0.13831882062914733,0.859480955477358,0.0020895819650520206
Test_198,0.059957079563315245,0.0591804737726414,0.004669858346164314,0.8761925883178792
Test_199,0.28052559234073293,0.045786828563022436,0.48992994495362846,0.18375763414261612
Test_200,0.0007238668774840814,0.011654091898089573,0.9861090485588307,0.0015129926655955844
Test_201,0.3053218241766705,0.057974994749231575,0.27117491310468017,0.3655282679694178
Test_202,0.00295760678461579,0.13939485277699246,0.5741250576395901,0.28352248279880166
Test_203,0.00103461748062116,0.11873023172638199,0.8277804634913553,0.05245468730164167
Test_204,0.15592432760190986,0.017211891049214053,0.07810527347581604,0.74875850787306
Test_205,0.19370574980109834,0.012803887155029151,0.03764995986058174,0.7558404031832907
Test_206,0.004972619421109663,0.00790405896615865,0.002005801763226203,0.9851175198495056
Test_207,0.00294302789895514,0.09076266625815181,0.7923190824505196,0.11397522339237331
Test_208,0.25285456230471964,0.022062772586335284,0.05544820037757959,0.6696344647313655
Test_209,0.0042630983903419045,0.4083788183227076,0.44309061105017816,0.14426747223677241
Test_210,0.07876251873592974,0.12316999152397043,0.2200619735603499,0.5780055161797499
Test_211,0.0841081825379619,0.40451505577369196,0.13359712071729857,0.3777796409710475
Test_212,0.01249975033983707,0.0328496291280479,0.9536057514281169,0.0010448691039980679
Test_213,0.0019366902531953902,0.528234579713291,0.004798234778897462,0.4650304952546162
Test_214,0.00022298657534494532,0.01284223544948274,0.9784221522537917,0.008512625721380564
Test_215,0.7530223040741381,0.052723113286855396,0.030991589602328944,0.16326299303667782
Test_216,0.8252754690729599,0.00657061638824873,0.12251891595789952,0.04563499858089181
Test_217,0.2681763441835558,0.024164855435229653,0.1314811711846615,0.576177629196553
Test_218,0.9428310383269324,0.020041786516986248,0.020602185580362527,0.01652498957571906
Test_219,0.17977648566459536,0.005674430126874778,0.7914703731870509,0.023078711021478956
Test_220,0.0030695154865773475,0.1006832597475613,0.016230476054464437,0.880016748711397
Test_221,0.6830748685619943,0.01425291431797788,0.18599800669958888,0.11667421042043892
Test_222,0.018132773928342446,0.025738124202131386,0.9178349457207232,0.03829415614880285
Test_223,0.0005955310194935986,0.08718984709749293,0.9064971815388954,0.005717440344118088
Test_224,0.904736294901826,0.005333640078900527,0.04256566020897549,0.04736440481029792
Test_225,0.9705352265538363,0.004972738021706498,0.01724367307668349,0.00724836234777371
Test_226,0.000763301596786707,0.27695802221566734,0.6956735748950584,0.026605101292487526
Test_227,0.049375842825360845,0.046584705493989485,0.013389659691040126,0.8906497919896095
Test_228,0.131514921171401,0.013305631202102965,0.8154557909952739,0.03972365663122217
Test_229,7.26017489515351e-05,0.09324074263357594,0.8939649909522657,0.012721664665206757
Test_230,0.1473182421329392,0.021798119176394744,0.03013274539832474,0.8007508932923412
Test_231,0.0014697314932976071,0.002171540720478377,0.0009000222336157039,0.9954587055526083
Test_232,0.051729688918810406,0.046482717586650533,0.88740637898947,0.01438121450506924
Test_233,0.9249027240874321,0.004462194705161829,0.01837347482809572,0.052261606379310356
Test_234,0.09183901377613532,0.045208541500041576,0.00583158792778417,0.857120856796039
Test_235,0.02210208203286057,0.05162322820020829,0.011994788553464576,0.9142799012134667
Test_236,0.16078526722028103,0.08472777566253574,0.6913349900078661,0.06315196710931713
Test_237,0.09116967733178044,0.0973694904370497,0.16232256748496499,0.6491382647462048
Test_238,0.004679623765360185,0.1811865860289381,0.797061091759803,0.017072698445898586
Test_239,0.07920963731431799,0.09195300048496763,0.8099985302927637,0.0188388319079506
Test_240,0.0005723828102911126,0.16218229679145835,0.835542063334283,0.00170325706396756
Test_241,0.003956680230507761,0.1632832052831037,0.5347113109148441,0.29804880357154445
Test_242,0.22784547406666927,0.04912588759023001,0.020552604060410824,0.7024760342826899
Test_243,0.9223097465703265,0.00191502924181876,0.042492227914962065,0.03328299627289277
Test_244,0.2661782834967346,0.1843218983855494,0.12123842440206477,0.4282613937156512
Test_245,0.008191385877495103,0.3406298720403101,0.5451208000491258,0.10605794203306915
Test_246,0.0632668411929799,0.14446236900486198,0.03681497011351177,0.7554558196886464
Test_247,0.0006727244924457612,0.010301393814988784,0.0003521294833914545,0.9886737522091741
Test_248,0.14686763857227522,0.24594567486314314,0.056167033875864684,0.5510196526887169
Test_249,0.015669259581222724,0.054116881098101616,0.07405774198554385,0.8561561173351317
Test_250,0.9280387507885619,0.006564629481428814,0.039450976894742966,0.02594564283526649
Test_251,0.28536887427458724,0.05470721272127738,0.03190775681992777,0.6280161561842076
Test_252,0.00315029214490269,0.3107103954588452,0.6381354291093876,0.048003883286864536
Test_253,0.002134856026716218,0.19003042485622917,0.02542708343396041,0.7824076356830942
Test_254,0.17580135032350094,0.05256668011262996,0.012273467272007555,0.7593585022918614
Test_255,0.18378651361938464,0.04210710296105692,0.1076931075850239,0.6664132758345345
Test_256,0.00045176911495669193,0.017448336462938537,0.0063169585783819085,0.9757829358437228
Test_257,4.54069781973235e-05,0.010029480839032275,0.9897188417643143,0.00020627041845604105
Test_258,0.0031995920935345536,0.34484479267884655,0.33894276076221247,0.31301285446540633
Test_259,0.509677666657305,0.03311024113643702,0.33085257114660155,0.12635952105965645
Test_260,0.4237508043291479,0.006156265759666265,0.018873904228610874,0.551219025682575
Test_261,4.060422979511197e-05,0.005350851060961452,0.9943763232179583,0.00023222149128521605
Test_262,0.04987176341611926,0.3329481840317166,0.5575860315743487,0.05959402097781548
Test_263,0.5692694068922518,0.027955362817233726,0.2892668335317176,0.11350839675879693
Test_264,0.9140518401847513,0.0015086222754108775,0.04236609742553232,0.04207344011430549
Test_265,0.03665927138134556,0.11823144850114643,0.814793353078756,0.03031592703875197
Test_266,0.001329906108825701,0.0036627420508181666,0.0003552208573571097,0.9946521309829991
Test_267,0.9473770201421271,0.0020285406919081468,0.03955343028983983,0.011041008876124962
Test_268,0.0009524354023143582,0.5050231724773292,0.4769124478042411,0.01711194431611551
Test_269,0.6120613279916024,0.020239073804771367,0.13060291009532618,0.23709668810830006
Test_270,0.01481562244524751,0.007256877011872716,0.0033342689995032038,0.9745932315433766
Test_271,0.08777422413061817,0.06109805858467217,0.21871255951215046,0.6324151577725592
Test_272,0.0006851618974737829,0.07574843117924941,0.9061268524615972,0.01743955446167967
Test_273,0.20071733290058513,0.1301560924063289,0.03468602157902154,0.6344405531140644
Test_274,0.009350614022191778,0.006692348736691741,0.9809396335248001,0.0030174037163163063
Test_275,0.004361891819332174,0.08721201111191143,0.8307831373645153,0.07764295970424125
Test_276,0.0006409174064599294,0.3499832843481529,0.17921468925697262,0.4701611089884145
Test_277,0.1030250687006049,0.10316831301953314,0.020345884972451943,0.77346073330741
Test_278,0.0025699764328704915,0.14382164109483697,0.1516107078970275,0.701997674575265
Test_279,0.001426910094777322,0.009828065451079022,0.9882575572464898,0.000487467207654021
Test_280,0.003392764320669205,0.012912667460073666,0.0033852582724193075,0.9803093099468378
Test_281,0.10632710057612826,0.11858565128441112,0.07538271078688431,0.6997045373525762
Test_282,0.04175843618925253,0.5503107434649476,0.059362145018922584,0.34856867532687735
Test_283,0.015821351941962696,0.35319579790625394,0.5407387628555572,0.09024408729622627
Test_284,0.005319349709703277,0.15479258440597293,0.8031828674550795,0.0367051984292444
Test_285,0.2707391802121069,0.15673169835120931,0.09680376957478913,0.4757253518618947
Test_286,0.5165448732421124,0.0050644751078602526,0.14866751249889568,0.32972313915113177
Test_287,0.17442769452098897,0.05049345745125785,0.2737712219443881,0.5013076260833651
Test_288,0.000788862357047231,0.0027777762676116356,0.00020229135670563113,0.9962310700186355
Test_289,0.0024950178445989524,0.0024652836039733635,0.0003891155395545056,0.9946505830118731
Test_290,0.006550273452134028,0.0995100795848547,0.8613228950371643,0.032616751925846905
Test_291,0.5993234912690644,0.020721105158865265,0.2930740296036874,0.08688137396838297
Test_292,0.9057754178435096,0.006508847183549104,0.054107056697006856,0.03360867827593441
Test_293,0.004799391879288016,0.1974842985871806,0.7816224060755745,0.016093903457956832
Test_294,0.00023117380591233355,0.11801449721946494,0.8765294274791011,0.0052249014955215965
Test_295,0.0195386442865525,0.22980523502027952,0.6788306471970456,0.07182547349612248
Test_296,0.5135842074889528,0.021854645059553042,0.34942123283735915,0.115139914614135
Test_297,0.035911724903858244,0.05280787866453189,0.04692709881213145,0.8643532976194784
Test_298,0.001338882941758858,0.04922166123811927,0.8578715408087092,0.09156791501141281
Test_299,0.00222273225730824,0.034139190055656875,0.007014454449730915,0.9566236232373041
Test_300,0.5621672431929722,0.0035826326087870725,0.024222065974109735,0.410028058224131
Test_301,0.7060211307578039,0.037402483828612144,0.21972508459773862,0.03685130081584517
Test_302,0.01760169125167106,0.5948664366109593,0.06986945426382082,0.31766241787354893
Test_303,0.679557276714277,0.014712269114940309,0.11808957633093604,0.1876408778398465
Test_304,0.8256645992887766,0.04871673809054061,0.06817904252878942,0.057439620091893476
Test_305,0.8838731220645192,0.010397991765102749,0.009365205934200798,0.09636368023617727
Test_306,0.09895625145798292,0.041341862835310404,0.6605324140713262,0.19916947163538049
Test_307,0.4936279894001783,0.043855988974240194,0.33115756905187477,0.13135845257370682
Test_308,0.015414211685319206,0.21189479858397564,0.30372460134354645,0.46896638838715876
Test_309,0.0020830704996555177,0.15247790797066427,0.5747958463242842,0.2706431752053962
Test_310,0.001731132843752351,0.14976324844764757,0.738380044424105,0.11012557428449508
Test_311,0.00701274579874472,0.2607193571553344,0.6082502925741295,0.1240176044717913
Test_312,0.009091967637877216,0.004616615613141915,0.004316570156846552,0.9819748465921344
Test_313,0.0006889370209303044,0.008947645230495472,0.0008084812801232487,0.9895549364684509
Test_314,0.01799466928963748,0.05064144506117503,0.024664080470905722,0.9066998051782819
Test_315,0.0020571567281710674,0.001685605713949916,0.0003791884378738492,0.9958780491200051
Test_316,0.843299288339144,0.006428156211658763,0.13645976620517664,0.013812789244020636
Test_317,0.0032241690724669984,0.007675275110791692,0.9821894530081859,0.006911102808555379
Test_318,0.24331573653125704,0.10261402640401876,0.04668128363194177,0.6073889534327824
Test_319,0.0007881569592112322,0.017004265000322216,0.9780260241864702,0.004181553853996391
Test_320,0.27559543371589895,0.07004938090955559,0.4965819153780046,0.15777326999654082
Test_321,0.7815768988197023,0.05494976014372991,0.07966352758388912,0.08380981345267882
Test_322,0.18789933222926133,0.11777383581705173,0.35296528658872367,0.3413615453649633
Test_323,0.002403667488353704,0.06513344584501564,0.9067165506831516,0.02574633598347911
Test_324,5.500719628986296e-05,0.014875072500466182,0.984889412829585,0.00018050747365904224
Test_325,0.010752138566556485,0.05570821925238538,0.010014760115872205,0.923524882065186
Test_326,3.1173018567505695e-05,0.00326392972601989,0.9958740257153647,0.0008308715400478985
Test_327,0.09193278050803323,0.026169419179994245,0.03635443672069312,0.8455433635912794
Test_328,0.0021175366347162645,0.01797852364964469,0.977273797089261,0.0026301426263779905
Test_329,0.00404969150857548,0.08014254088509275,0.9078976658189255,0.007910101787406313
Test_330,0.0009945202005958202,0.07021567104759384,0.9263473171415377,0.002442491610272412
Test_331,0.23837538501623082,0.33993676372075,0.055701933309170955,0.3659859179538483
Test_332,0.9190119512868695,0.013366656364899797,0.009151268013154665,0.05847012433507602
Test_333,0.0017377794911685774,0.1636429239410038,0.8268541337225909,0.007765162845236787
Test_334,0.00020043960107869594,0.006561611650365326,0.9931001421805378,0.00013780656801804113
Test_335,0.3995118580737598,0.09080907314592764,0.3303782528902934,0.17930081589001917
Test_336,0.23417034626521202,0.049069744110774326,0.613538233752854,0.10322167587115962
Test_337,0.628123432523541,0.06050979472713112,0.0638307085277307,0.2475360642215971
Test_338,0.872431860147578,0.0039037437399018654,0.06397311507553742,0.05969128103698275
Test_339,0.014347730899446466,0.14708812617328423,0.8153327840144334,0.023231358912835776
Test_340,0.2013842616567621,0.03158575071927002,0.6738096143173389,0.09322037330662904
Test_341,0.4855549441231286,0.05711341857855196,0.017686311352133076,0.4396453259461863
Test_342,0.906511099079842,0.01327505752433357,0.06753900516393789,0.012674838231886483
Test_343,0.06116763332282716,0.0036810138417301182,0.010693435759482759,0.9244579170759599
Test_344,8.653094626383572e-05,0.02053799867365131,0.9791442267761196,0.00023124360396538704
Test_345,5.0628715124045745e-05,0.037027724911556634,0.961487095174162,0.0014345511991573597
Test_346,0.0004507476312761185,0.03778350830019795,0.9566238513260519,0.005141892742474081
Test_347,0.0014131894340974644,0.009707059125616903,0.8986305554413354,0.09024919599895023
Test_348,0.002120608719715936,0.00214204093354887,0.0025323499901323417,0.993205000356603
Test_349,0.048789651549808674,0.10743657321672286,0.25744536289067926,0.5863284123427892
Test_350,0.028752727121383836,0.08334185666877213,0.02899109829397416,0.8589143179158699
Test_351,0.000578277903081683,0.03438674737257069,0.9619417979022725,0.003093176822075167
Test_352,0.04488559815509409,0.05476351268639113,0.024272968639981032,0.8760779205185338
Test_353,0.40604605674014305,0.03558892775783408,0.05308292958142588,0.505282085920597
Test_354,0.2484727898385509,0.039403212294880995,0.7006485645201336,0.01147543334643449
Test_355,0.8427629347999149,0.030728104337922033,0.012660760655623342,0.11384820020653978
Test_356,0.38858334134889194,0.030652290565143646,0.40143611190912093,0.17932825617684345
Test_357,0.9191198404198903,0.003424042076186031,0.0654521730465738,0.012003944457349949
Test_358,0.17003380627553683,0.1885050261380259,0.2005559646711331,0.4409052029153041
Test_359,0.010547018643160794,0.005870204428807257,0.017212861755958115,0.9663699151720737
Test_360,0.011333061606106646,0.030754360985376445,0.010061079036529749,0.9478514983719871
Test_361,0.8840198348766279,0.012517811122816698,0.03699605831697518,0.06646629568358019
Test_362,0.39194736343732195,0.010252064145455783,0.259543430310977,0.3382571421062454
Test_363,0.0003330011075755484,0.02984860887612446,0.9666934102682124,0.0031249797480875324
Test_364,0.0008602485067544478,0.00314283383838803,0.9956430484372156,0.0003538692176418047
Test_365,0.0795253311984611,0.13843423924859138,0.7529883710050733,0.02905205854787418
Test_366,0.006713535000233284,0.1279361077847482,0.8219052018422518,0.0434451553727667
Test_367,0.4235768599917504,0.025837618556738023,0.0857789676465436,0.464806553804968
Test_368,0.30897371197587636,0.045960293172290397,0.5573861428717195,0.08767985198011367
Test_369,0.002111331266892076,0.019237648504012748,0.0007637975180299146,0.9778872227110653
Test_370,0.042668700851640234,0.06042664126293161,0.8355458972079963,0.061358760677431776
Test_371,7.908266105044588e-05,0.018640086756113224,0.9810831544168115,0.0001976761660248816
Test_372,0.02210938549688984,0.019998615818727195,0.024059081373037527,0.9338329173113455
Test_373,0.012211110695598448,0.04536714329068224,0.9233849926625646,0.01903675335115458
Test_374,0.01806738842800316,0.039024087477600035,0.9237115223157575,0.019197001778639308
Test_375,0.02903543653483903,0.011258120427856564,0.0012177466238613283,0.9584886964134431
Test_376,0.9459188143978906,0.007977086820450823,0.016105395133516262,0.029998703648142246
Test_377,0.39690207458222654,0.0391800361952534,0.17074648565191136,0.3931714035706086
Test_378,0.005563723098074006,0.04313970925481434,0.948655969379557,0.002640598267554576
Test_379,0.04497844956815657,0.30598006953433393,0.4031962611195074,0.2458452197780021
Test_380,0.523841776841672,0.15076310505075158,0.058456302977959985,0.26693881512961637
Test_381,0.455606404738237,0.18565002632370994,0.04917954634316535,0.3095640225948877
Test_382,0.27164597320291556,0.07293472415071346,0.021465651373987468,0.6339536512723835
Test_383,0.6100934862455493,0.05703268101839901,0.025677454401118516,0.3071963783349333
Test_384,0.21019908515332447,0.01955351371198507,0.7522995519141684,0.017947849220522092
Test_385,0.23930043670496348,0.036962857223692025,0.04511562466441121,0.6786210814069333
Test_386,0.0008146773457424117,0.17012110540733183,0.7665836863924215,0.062480530854504265
Test_387,0.11856935045543135,0.03454276903608038,0.04650001310750417,0.800387867400984
Test_388,0.37016112320602723,0.08767664109311868,0.15143721918452346,0.3907250165163305
Test_389,0.8443565925363435,0.01972360192138827,0.10061226775255223,0.035307537789716056
Test_390,0.4572726520310558,0.013647438350370815,0.0394555777369,0.48962433188167326
Test_391,5.603482870871564e-05,0.035313552953656416,0.962301161921037,0.0023292502965979373
Test_392,0.009601639302332965,0.0730045630210857,0.8216237442373369,0.09577005343924455
Test_393,0.03450017082566349,0.005033247513655286,0.0014271991196566586,0.9590393825410246
Test_394,0.8294316830516046,0.003955119707773055,0.00811929516587434,0.15849390207474795
Test_395,0.039771731034492136,0.4954334549905308,0.44030226709063114,0.024492546884345885
Test_396,0.13768441306722715,0.03450647988699812,0.08621805306834011,0.7415910539774346
Test_397,0.24642885511976806,0.04957187904251327,0.1272042447921925,0.5767950210455262
Test_398,0.0008407142548910614,0.40602430767708225,0.511534243424796,0.08160073464323066
Test_399,0.917756891222227,0.009126089708652956,0.01723411535171007,0.055882903717409955
Test_400,0.0001351323759476509,0.015337199029733356,0.9840811155515573,0.0004465530427618716
Test_401,0.00046056291922097324,0.0655798024160233,0.9323355219155252,0.0016241127492307088
Test_402,0.11033480284550547,0.00663694839289248,0.016906732529692374,0.8661215162319096
Test_403,0.06659004653136678,0.03751198090360018,0.8829703522888476,0.012927620276185246
Test_404,0.4821791190132251,0.06417371347579776,0.16022658627467232,0.2934205812363048
Test_405,0.0006460932043771978,0.0042409831538504795,0.0001541171161580745,0.9949588065256142
Test_406,0.0008366181188585109,0.007200003007549303,0.0009020599938524187,0.9910613188797397
Test_407,0.00014521401237074468,0.010219057647680219,0.00037559482580965334,0.9892601335141394
Test_408,0.022504805944771264,0.02554235304642539,0.006871284846005899,0.9450815561627975
Test_409,0.003567825261122272,0.155489771860424,0.4950327001966862,0.3459097026817676
Test_410,0.015986878189576368,0.049396725131843434,0.005060486500635106,0.929555910177945
Test_411,0.9861294832831483,0.001410163422391734,0.002471683990575964,0.009988669303884012
Test_412,0.02965460899978148,0.41822865553008226,0.4809739757907218,0.07114275967941446
Test_413,0.9742834393237724,0.0006019578884746743,0.0211410077693099,0.003973595018443101
Test_414,0.02696869643726104,0.019423372041237084,0.9387815337586487,0.014826397762853332
Test_415,0.03525740069265,0.043585109726457676,0.912247224898711,0.008910264682181503
Test_416,0.2559948105179949,0.045654144707827575,0.08065928489972787,0.6176917598744497
Test_417,0.02188264171692931,0.06190408247985326,0.908245300640338,0.007967975162879485
Test_418,0.8619554609008886,0.052575526249679295,0.019882355732031034,0.0655866571174012
Test_419,0.9252266768730762,0.005504535484470659,0.06069559094230846,0.008573196700144616
Test_420,0.003378830352640296,0.049302373733696454,0.9389642717370967,0.00835452417656652
Test_421,0.007649045795527895,0.006739616228602493,0.016796631585489333,0.9688147063903804
Test_422,0.6999912497657144,0.0891987516116998,0.0889631365979315,0.12184686202465454
Test_423,0.0011789130602489757,0.45859353082142174,0.3613216911313448,0.17890586498698455
Test_424,0.0012270766543375988,0.13123727996210532,0.8641305834667502,0.003405059916806926
Test_425,0.35078395336440177,0.07149075414339506,0.23007355087257414,0.34765174161962903
Test_426,0.5879164976809397,0.010500162459701238,0.2826432231464938,0.11894011671286521
Test_427,0.002466607108279866,0.0020818828042088533,0.0003303744103344233,0.995121135677177
Test_428,0.0014837013665829893,0.011937400708285327,0.002931820578283027,0.9836470773468486
Test_429,2.436279941566518e-05,0.03081893323039927,0.9690825103777022,7.419359248290475e-05
Test_430,0.011676771479739176,0.06663292572125493,0.9181728884914997,0.003517414307506265
Test_431,0.938411958218425,0.0031297568521477716,0.020076080388940293,0.03838220454048674
Test_432,0.07914234664570026,0.07509179174211547,0.03449842747780639,0.8112674341343779
Test_433,0.009899270421899954,0.012381079519659466,0.006409521955378593,0.9713101281030619
Test_434,0.0022119851626706045,0.063363829064488,0.012522032889223508,0.9219021528836179
Test_435,0.9758230327455385,0.0016731380161896937,0.014380270679313465,0.008123558558958304
Test_436,0.13539377632222352,0.16781876313867433,0.12510000402663815,0.571687456512464
Test_437,0.0011015557386477451,0.019269473485904923,0.9740595493120004,0.0055694214634470236
Test_438,0.0004785554370256813,0.1936105688234152,0.7784555385620152,0.027455337177543983
Test_439,0.1383545213587784,0.419690069064005,0.3780397791760772,0.06391563040113928
Test_440,0.00020702476938314347,0.023891414756063843,0.9756846719723863,0.00021688850216673895
Test_441,0.6947943325754824,0.03275616200523715,0.12187184162910165,0.15057766379017887
Test_442,0.25851819077524,0.018755777309235295,0.6780159242573269,0.044710107658197606
Test_443,0.002616618963708921,0.2926754037473184,0.015274171223965549,0.6894338060650073
Test_444,0.7090629093006935,0.016703735397585486,0.17115407535847058,0.10307927994325047
Test_445,0.0006085026157492542,0.07078252527969194,0.8892532844450219,0.03935568765953685
Test_446,0.012609135398874899,0.05139045678145272,0.7752079065323363,0.16079250128733621
Test_447,0.039944634018104004,0.04044968812069551,0.8994529770626045,0.020152700798595873
