image_id,healthy,multiple_diseases,rust,scab
Test_0,0.0030959094147994222,0.34325420903918824,0.6123666167679881,0.04128326477802405
Test_1,0.0008539025165929647,0.28904772982761145,0.6846712149795607,0.025427152676234764
Test_2,0.09937531666581875,0.01307876189916613,0.00640787341890182,0.8811380480161132
Test_3,0.847156749724704,0.005441743047820925,0.06085237247995683,0.08654913474751819
Test_4,0.0015773797502867607,0.021692642337036824,0.9755637636136282,0.0011662142990481502
Test_5,0.9262989377865164,0.009542503229685884,0.04856769165981248,0.015590867323985314
Test_6,0.5551651167146547,0.0413209561892339,0.17849719571650952,0.2250167313796021
Test_7,0.007422606867537347,0.008394441969835874,0.002412983952919607,0.9817699672097069
Test_8,0.07972301179170588,0.12227664862323341,0.10622571038591744,0.6917746291991436
Test_9,0.09749077974683772,0.11060513304418525,0.7750575883792199,0.016846498829757084
Test_10,0.00021555884801703655,0.13166055599043064,0.8654275763196871,0.0026963088418652213
Test_11,0.23210409507009633,0.02109606475970689,0.7394455526090086,0.007354287561188441
Test_12,0.03411063212194539,0.011421245596241946,0.0011931384973872593,0.9532749837844254
Test_13,0.7299655698800405,0.017952354192908006,0.23814498730379735,0.013937088623254294
Test_14,0.0009247678287184455,0.007171387240873801,0.9913592495963547,0.0005445953340529237
Test_15,0.008061933133215696,0.009881417859370604,0.9808953641029833,0.0011612849044302436
Test_16,0.7227203207056311,0.013417252474320608,0.04850055826111116,0.21536186855893705
Test_17,0.0023545566661223984,0.13842051889481435,0.0408254242995329,0.8183995001395303
Test_18,0.2694527035218241,0.015091779337694334,0.022632688618660482,0.692822828521821
Test_19,0.010044750248125105,0.07852178457779727,0.8927008050907773,0.01873266008330002
Test_20,0.0696414513247352,0.02977180148265817,0.03072642011845541,0.8698603270741514
Test_21,0.7288661787422515,0.005599871592871189,0.02135229524411332,0.244181654420764
Test_22,0.001312625152501475,0.18374900569696864,0.8088465793756392,0.006091789774890741
Test_23,0.0027432627390135403,0.008890849485157552,0.002010325732470217,0.9863555620433584
Test_24,0.7404939748206858,0.023741657011143915,0.0670622503475952,0.16870211782057518
Test_25,0.03088117434055524,0.00634981411689048,0.0017930138698509066,0.9609759976727035
Test_26,0.07065587249912773,0.1034751066342483,0.17066053163175318,0.6552084892348707
Test_27,0.0003470745690358944,0.07078597712591828,0.9273852746640199,0.0014816736410261345
Test_28,0.9815401092801264,0.0033008100792845728,0.008796267348250585,0.006362813292338494
Test_29,0.07115732158184383,0.1438730857184097,0.19624906104487919,0.5887205316548674
Test_30,0.5683074605463848,0.038617319417022566,0.03620479754255654,0.356870422494036
Test_31,0.0007024673325814931,0.2795297704640285,0.7067949536474308,0.012972808555959291
Test_32,0.02184332592167897,0.1615353698016626,0.0364056332986834,0.7802156709779751
Test_33,0.06521731402135457,0.08229758398896149,0.019159411272084977,0.833325690717599
Test_34,0.1864803273211942,0.06896906521645618,0.21923505683978967,0.5253155506225597
Test_35,0.022019871185520578,0.017183781966529307,0.010008205441811802,0.9507881414061383
Test_36,0.000303409476885952,0.08761910340461859,0.9106300007619226,0.0014474863565728541
Test_37,0.010484646011584211,0.020689539803934866,0.0014536966173828107,0.9673721175670983
Test_38,0.001104507775762393,0.04278516999782522,0.00204868948178336,0.954061632744629
Test_39,0.0650318683011912,0.015443431536707165,0.760343872657964,0.15918082750413776
Test_40,0.0005367901447361749,0.04276208454967106,0.9550341664569836,0.001666958848609101
Test_41,0.00024920653657914117,0.10708738628473481,0.8900499778512565,0.002613429327429512
Test_42,0.001899758137962463,0.04170625385617388,0.006010862464139044,0.9503831255417248
Test_43,0.912653126420512,0.002763479498978939,0.07900033973397477,0.005583054346534346
Test_44,0.06980005415244189,0.04718321762156302,0.008087535294023077,0.874929192931972
Test_45,0.2591026107514006,0.2547638593221123,0.16952421078369936,0.3166093191427878
Test_46,0.39913174317909067,0.10490182729374212,0.05217770238623122,0.4437887271409361
Test_47,0.00035702569999347764,0.03231787335716946,0.9659961254512376,0.0013289754915993058
Test_48,0.034293137667349365,0.12307574492543465,0.78726084490172,0.05537027250549637
Test_49,0.023470127776276054,0.032208530677388165,0.9249233290278069,0.01939801251852872
Test_50,0.00028916472301488685,0.11373040228623565,0.8829674358218309,0.0030129971689188168
Test_51,0.001664693653784976,0.13634633451977693,0.8493379109439622,0.012651060882476332
Test_52,0.0011788480221104685,0.15930986945462525,0.8244229888180049,0.0150882937052594
Test_53,0.05577588350450424,0.023125443175510373,0.91001468126813,0.01108399205185535
Test_54,0.00031291621227243314,0.2699448571620439,0.7187924984621771,0.010949728163506386
Test_55,0.018325488866738772,0.05643617141850131,0.8396040887671112,0.08563425094764862
Test_56,0.030571631702749777,0.4608875483228547,0.03844657269415353,0.47009424728024196
Test_57,0.13398548005726935,0.038863684307215166,0.7438805503520654,0.08327028528345055
Test_58,9.070332433714414e-05,0.004332596375647399,0.0003662849985684621,0.9952104153014468
Test_59,0.018570240116321617,0.1347924488516055,0.8179543723441552,0.028682938687917697
Test_60,0.0007553144226774326,0.22529455329149087,0.011312752026726353,0.7626373802591053
Test_61,0.5736382108659881,0.05592460639271868,0.3010735651236552,0.069363617617638
Test_62,0.781446386517622,0.01376232727976612,0.12754960688940375,0.07724167931320823
Test_63,0.011945164011928017,0.15250697257421128,0.07943945545698232,0.7561084079568784
Test_64,0.9538182459813179,0.0035725137051800214,0.03465821538977718,0.007951024923724934
Test_65,0.0033848244267034506,0.245706374082779,0.7050828601647103,0.0458259413258072
Test_66,0.7400835874316873,0.04665284993813438,0.136567381579242,0.07669618105093629
Test_67,0.0036373356417015047,0.0772826560871681,0.9012540225438626,0.01782598572726805
Test_68,0.032594993475415696,0.049171109921340266,0.013459800585216597,0.9047740960180272
Test_69,0.0006682342674408234,0.010278982490660196,0.9879702450284388,0.0010825382134605189
Test_70,0.022959004411506004,0.0760276568163964,0.043612414972576626,0.8574009237995209
Test_71,0.01116894045812784,0.018455582822844527,0.9671244883296721,0.0032509883893553832
Test_72,0.06847643102107163,0.024763696876861408,0.00355168802046663,0.9032081840816005
Test_73,0.37178917526936955,0.012459737128727626,0.6042295319505728,0.011521555651330131
Test_74,0.4725603552709704,0.06636875141350265,0.243143241883095,0.2179276514324321
Test_75,0.0303280538129613,0.05432542401425262,0.32689178344304864,0.5884547387297374
Test_76,0.9545913826365464,0.0005675693114748177,0.013842381329830261,0.03099866672214838
Test_77,0.01937238513677801,0.03360113806366561,0.935321230430293,0.011705246369263187
Test_78,0.006954528558122864,0.2755047321973808,0.11398866701984298,0.6035520722246533
Test_79,0.5177530706628702,0.050248303461911316,0.0883807702303055,0.3436178556449127
Test_80,0.007470244820205265,0.3862820971257704,0.3042840361027284,0.301963621951296
Test_81,0.0001454824120934539,0.14661791172548355,0.8513817755446411,0.001854830317781855
Test_82,0.012405972596579039,0.15872705261953188,0.7773876180741136,0.0514793567097756
Test_83,0.00025049741552749525,0.21308265472737586,0.7792220942715036,0.007444753585592986
Test_84,0.044066377400130585,0.018463070242263277,0.009476569140776653,0.927993983216829
Test_85,0.5742113267709269,0.04451755012118633,0.16636104897538326,0.2149100741325038
Test_86,0.11252835083693606,0.22275136164341236,0.45056190089975184,0.21415838661989994
Test_87,0.527393257584299,0.054627855883860175,0.07875821991875243,0.3392206666130879
Test_88,0.10273979173821249,0.16828890098576604,0.24790340306477557,0.4810679042112457
Test_89,0.3057067883182979,0.036435749462046134,0.6295891558353868,0.028268306384269408
Test_90,0.0011953253784339954,0.023091025149537696,0.9749984251044251,0.0007152243676028201
Test_91,0.15880860443700331,0.08619174408683461,0.5786477375154538,0.1763519139607086
Test_92,0.9684386840843746,0.0010003861217630298,0.021376156103016478,0.009184773690845829
Test_93,0.00013887937787625322,0.08895238096525834,0.9104142299383116,0.000494509718553729
Test_94,0.0031766261496567576,0.009268852649062284,0.0008157760281688992,0.9867387451731123
Test_95,0.06798875634054057,0.08342935781224294,0.7809973083342867,0.0675845775129302
Test_96,0.20935891303758006,0.05809090650490292,0.069748542831019,0.6628016376264978
Test_97,0.5163386435677078,0.07769384971752905,0.12906614609709144,0.2769013606176716
Test_98,0.011804280625923147,0.027052428521785573,0.00725197935356654,0.9538913114987244
Test_99,0.11363461833887625,0.08457462405244723,0.5543488061708137,0.24744195143786285
Test_100,0.00288456720597229,0.20932748572040158,0.01042650050564224,0.7773614465679838
Test_101,0.6694088970424759,0.02995289809596719,0.25087069577401644,0.04976750908754038
Test_102,0.01386027962102299,0.018685495835351777,0.003535352182275965,0.9639188723613493
Test_103,0.10854074800715105,0.04314837026081847,0.8348823357971562,0.013428545934874301
Test_104,0.03677519299491102,0.05182860942690059,0.017734279191873308,0.8936619183863151
Test_105,0.15487866449560778,0.09416439589663288,0.038007149858664054,0.712949789749095
Test_106,0.5382259371553164,0.12698616238850366,0.2621806960822279,0.07260720437395222
Test_107,0.00861522922350382,0.053374416854282306,0.9268947181464879,0.01111563577572582
Test_108,0.00032081742709280225,0.013765651341287575,0.0008101613314767405,0.9851033699001429
Test_109,0.05464961870965504,0.050735895948498,0.07377495231827169,0.820839533023575
Test_110,0.020872810913032343,0.036665550702861975,0.00783067435997306,0.9346309640241325
Test_111,0.443952297837526,0.06656485483447233,0.19823381866703538,0.2912490286609662
Test_112,0.008491558127855655,0.15641286827058704,0.7903161372573578,0.04477943634419938
Test_113,0.3189594811165923,0.10578972516291885,0.24311719405196408,0.332133599668525
Test_114,0.005502605483184561,0.21807401962734194,0.7020883108640592,0.07433506402541455
Test_115,0.0029726283665037967,0.05644435069584951,0.9333274120478677,0.007255608889779169
Test_116,0.0027647246592773203,0.05621592327452847,0.9376489659332146,0.003370386132980068
Test_117,0.0019893281257745313,0.061848126258868444,0.9238007546076525,0.012361791007704591
Test_118,0.023370531580926973,0.08181796588520539,0.8712691736228046,0.023542328911063067
Test_119,0.2048470786504596,0.0304584128851261,0.7506695191945384,0.014024989269876316
Test_120,0.0005768436878314277,0.03966715137595374,0.9573141504399977,0.002441854496217312
Test_121,0.02295966895875308,0.10562679762735762,0.8153059596132127,0.056107573800676394
Test_122,0.02572469267838074,0.07386320993129632,0.8639540432142135,0.03645805417610908
Test_123,0.002017987252524405,0.18212960829788624,0.8064047876704508,0.009447616779138666
Test_124,0.00025805326473736636,0.011781538556577287,0.0004856234722206061,0.9874747847064647
Test_125,0.06757744067086213,0.2862076932918819,0.5121776019161602,0.13403726412109607
Test_126,0.8180327500593726,0.016625757524227902,0.1620169750119683,0.00332451740443113
Test_127,0.9074936115021444,0.013230317983511012,0.014183842054224708,0.06509222846011971
Test_128,0.005238526665022701,0.28329428824545383,0.555224996711191,0.15624218837833218
Test_129,0.17030789124385404,0.1753318493551142,0.5386812083420434,0.11567905105898821
Test_130,0.02806206340198968,0.03362494279300183,0.005530583468247449,0.9327824103367611
Test_131,0.0002720219028078,0.01668265759083279,0.0013997621137405727,0.9816455583926188
Test_132,0.9790476529300913,0.001829372902255889,0.01728793009217158,0.0018350440754813478
Test_133,0.00129693944198964,0.00853557613347236,0.0010415207911422817,0.9891259636333958
Test_134,0.48084582339885024,0.06853403836161338,0.2431376343709966,0.20748250386854009
Test_135,0.03541516702637005,0.06508989929668083,0.07145035266164196,0.8280445810153071
Test_136,0.0003634281631258928,0.010165959371768604,0.0038284505706772183,0.9856421618944284
Test_137,0.00021554748551353404,0.09222589280622741,0.9050747165978419,0.002483843110416795
Test_138,0.00027637700243169706,0.02864482853686284,0.97028135964905,0.0007974348116552549
Test_139,0.8701641161701394,0.010563675124902952,0.09079172452375305,0.028480484181204538
Test_140,0.34719729463374605,0.08022098236695559,0.40784124761121593,0.1647404753880825
Test_141,0.057932473641288784,0.01908962298885817,0.013140707571328493,0.9098371957985247
Test_142,0.0027238620594101496,0.49800128820858863,0.15856744412032908,0.34070740561167195
Test_143,0.014152496633568105,0.05922964876604494,0.005510578616798138,0.9211072759835885
Test_144,0.7991307708802557,0.012158707632075378,0.06230454409702886,0.12640597739063977
Test_145,0.17414045051589147,0.08624588241442074,0.4080676055017735,0.33154606156791444
Test_146,0.010451947273687557,0.017608789399261488,0.9672643896611015,0.004674873665949416
Test_147,0.0011993895547271444,0.17312246745050938,0.8112638513141938,0.014414291680569704
Test_148,0.8795954007065001,0.037279690117869975,0.009635145791281946,0.07348976338434798
Test_149,0.04617151383131124,0.02590423723440598,0.9133165151077479,0.01460773382653499
Test_150,0.15406708437600125,0.12252190068540401,0.535326248899619,0.1880847660389756
Test_151,0.0005238089074880233,0.03436624467082765,0.9638880292815313,0.0012219171401532274
Test_152,0.005221042062640916,0.12270066088105189,0.8502124587243706,0.021865838331936744
Test_153,0.2798313733728347,0.03823147322378062,0.03200928031725781,0.6499278730861271
Test_154,0.009771394384073139,0.10422028115237562,0.8434451894649919,0.04256313499855931
Test_155,0.005893121475863926,0.11156220369412875,0.861528534126907,0.021016140703100226
Test_156,0.08354551853063792,0.07562332124918013,0.028566182456516775,0.8122649777636651
Test_157,0.04736006178173996,0.05627053978120313,0.7040457876604173,0.1923236107766397
Test_158,0.012168206321688677,0.02902131407783117,0.006081150748875671,0.952729328851604
Test_159,0.1926832955252385,0.07221691833641758,0.5766768810533075,0.15842290508503648
Test_160,0.6719444186581754,0.031194888322672816,0.23123473872530753,0.06562595429384424
Test_161,0.018477184163406622,0.07923908948001374,0.8533305465128324,0.04895317984374739
Test_162,0.009183881044160182,0.0020598303106629367,0.9867900386186861,0.0019662500264906353
Test_163,0.0011400749223303736,0.4210419205202085,0.5575871866504978,0.02023081790696335
Test_164,0.3573325876096672,0.25089998458777274,0.06498244296265371,0.3267849848399063
Test_165,0.00823250221923209,0.2891945984939374,0.20649918693079675,0.4960737123560336
Test_166,0.3063720195833821,0.014074898561777169,0.6643677982662751,0.015185283588565763
Test_167,0.011797328250004785,0.04069614162756945,0.940744257045052,0.006762273077374067
Test_168,0.0017039527845123977,0.12672410434968265,0.851831677410531,0.019740265455273943
Test_169,0.05349932903890764,0.02442321890937819,0.902111213000715,0.019966239050999323
Test_170,0.5133690570351774,0.03942957525091575,0.2623263621521956,0.1848750055617114
Test_171,0.004999244915169494,0.0826771063923228,0.8932107044008853,0.01911294429162237
Test_172,0.004436722748287535,0.22490461201209153,0.7467484080142441,0.02391025722537669
Test_173,0.00376159961787523,0.020096582397515265,0.9751523043043181,0.0009895136802912613
Test_174,0.1684831408456662,0.01687557344682181,0.005509809506261135,0.8091314762012509
Test_175,0.6929261847289275,0.05843997942794309,0.1649057699020412,0.08372806594108805
Test_176,0.00015475559223082877,0.05855348074724273,0.9408807760052588,0.0004109876552675341
Test_177,0.03197388909879613,0.016625717398167494,0.0036049575568000594,0.9477954359462364
Test_178,0.0007938171812639531,0.002550411687149834,0.00029181592146800277,0.9963639552101184
Test_179,0.0032851230180771093,0.07838732831217667,0.907966151169203,0.010361397500542996
Test_180,0.020413643031057308,0.27662095475896886,0.40050045465230255,0.3024649475576715
Test_181,0.043469797161550076,0.013987623605773767,0.0019507812153880023,0.9405917980172882
Test_182,0.055097805953495844,0.09659650360913616,0.8041857999141904,0.044119890523177406
Test_183,0.5224988526236576,0.018155046978082068,0.4479165902926504,0.011429510105609884
Test_184,0.2410649673634696,0.060441217874794444,0.1931163453239734,0.5053774694377626
Test_185,0.36862478619331984,0.11723958371171503,0.14917477310662583,0.364960856988339
Test_186,0.39131665826768613,0.10515519436892175,0.1336170873475606,0.36991106001583146
Test_187,0.0015667644093476478,0.00794840337812892,0.9899776794151441,0.0005071527973793544
Test_188,0.4176907298117866,0.04159405491444419,0.46093685918958527,0.07977835608418375
Test_189,0.5965163222962895,0.07696757638636416,0.16103028371444097,0.16548581760290537
Test_190,0.21275509166091394,0.10528759619028116,0.4549235310812047,0.2270337810675999
Test_191,0.006979528547702114,0.10356508576285463,0.7940051640725376,0.09545022161690561
Test_192,0.7488289799898119,0.06225637442472028,0.16645568256923518,0.022458963016232524
Test_193,0.0032231676028174616,0.016095194730318924,0.9786515050714705,0.0020301325953930756
Test_194,0.00028864411109640775,0.12751354842602536,0.8698161109806651,0.0023816964822131635
Test_195,0.5256510633070925,0.20868231808145082,0.14755257257757634,0.1181140460338806
Test_196,0.12980377315866873,0.09955021340428653,0.07604725025411946,0.6945987631829251
Test_197,0.0008675652814290024,0.11270897153753442,0.8818089232100432,0.0046145399709931305
Test_198,0.05549646220435244,0.04524625663616888,0.026971359086444522,0.8722859220730345
Test_199,0.15148676430830965,0.030707351405334905,0.6693356594348882,0.14847022485146733
Test_200,0.002864522053642296,0.041102516958415436,0.9521174741725442,0.00391548681539787
Test_201,0.07944337771441773,0.05214369832808711,0.1792632214463931,0.689149702511102
Test_202,0.005489668245756617,0.08735826390311989,0.8166590764542511,0.09049299139687235
Test_203,0.005708199965272945,0.1396714266056298,0.8247778444156122,0.0298425290134851
Test_204,0.10837090522910271,0.011899098771560297,0.009601923936792493,0.8701280720625446
Test_205,0.04716211745627817,0.006559061307126379,0.003885561298960479,0.942393259937635
Test_206,0.000126000228973347,0.0013924772263411264,8.116304216518054e-05,0.9984003595025203
Test_207,0.024288753683951367,0.1213113812923768,0.7699368515853446,0.08446301343832727
Test_208,0.384801442190473,0.07567360970456587,0.20291820389189894,0.3366067442130621
Test_209,0.0020649160437907674,0.3696556781656306,0.5704367304396656,0.05784267535091333
Test_210,0.011552360657603887,0.10095504710792312,0.4962469750644088,0.3912456171700639
Test_211,0.01954461729027268,0.16045973200486513,0.10706560225080096,0.7129300484540614
Test_212,0.0010076227505873407,0.0055033430032834,0.9932444910675643,0.0002445431785648975
Test_213,0.00405748515060318,0.47166789272120074,0.04505125079885008,0.4792233713293459
Test_214,0.015676674878966776,0.09140481444421346,0.8503626663686541,0.042555844308165905
Test_215,0.7617757612481152,0.08761134468453666,0.01138082884543056,0.13923206522191742
Test_216,0.5744898897543244,0.027777671091144915,0.3307916242224392,0.06694081493209156
Test_217,0.09571392744736194,0.05047386911611887,0.027766848218669243,0.8260453552178499
Test_218,0.932010071444119,0.011213121512410402,0.046962907846344826,0.009813899197125634
Test_219,0.06227116393115315,0.007543564322916233,0.9283092247080036,0.0018760470379271745
Test_220,0.0005660513667988002,0.054937704633285976,0.006664018513392486,0.9378322254865231
Test_221,0.398605762825865,0.07228305853929577,0.3489816724616544,0.18012950617318482
Test_222,0.1584207300938362,0.06276443476035183,0.6909820278311496,0.08783280731466231
Test_223,0.007244768720967716,0.11947572716802687,0.8512326751767755,0.022046828934229733
Test_224,0.4966504353834285,0.053634295272348725,0.2549426514229811,0.19477261792124176
Test_225,0.18521823805299784,0.01775215823406739,0.791530778817441,0.005498824895494139
Test_226,0.010083065301835253,0.25461051024512227,0.6831949252725645,0.05211149918047787
Test_227,0.046816274322502995,0.06370533115744059,0.024622456414734508,0.8648559381053216
Test_228,0.2031520064458537,0.06283840313540823,0.637247598495383,0.09676199192335504
Test_229,0.013384378325334739,0.15398230768734897,0.796197126987814,0.03643618699950228
Test_230,0.03066502448498582,0.01870213986511078,0.0044474831617836805,0.9461853524881196
Test_231,0.0018200362249180598,0.00819735619981352,0.0013029539186821546,0.9886796536565863
Test_232,0.13358633099619743,0.049942055592927394,0.7790050360743745,0.03746657733650034
Test_233,0.8901228077096834,0.0027086393566206706,0.01453151004239427,0.0926370428913015
Test_234,0.02551094288933691,0.03376564735122613,0.004845644942195736,0.9358777648172412
Test_235,0.009317744399831303,0.06168095402827353,0.013822152563458841,0.9151791490084364
Test_236,0.1425709613636424,0.08472098985513092,0.6929176475489194,0.07979040123230731
Test_237,0.16802977729709398,0.06649508995092566,0.2892916799336048,0.47618345281837565
Test_238,0.00047133446669319636,0.03466883791409913,0.9639256208914116,0.0009342067277962414
Test_239,0.04173866665581159,0.040788480581267175,0.9052588153932378,0.01221403736968348
Test_240,0.00018359778052170505,0.2707700178643226,0.7265607084913096,0.002485675863846117
Test_241,0.04220098571069404,0.14910307414484256,0.5229827926539028,0.2857131474905605
Test_242,0.29437492630503187,0.09579423041542771,0.1571639860029951,0.45266685727654543
Test_243,0.8738143672423577,0.005232055596496491,0.08747162480108438,0.03348195236006113
Test_244,0.036714573497919664,0.5677619776185995,0.21342411458827412,0.18209933429520708
Test_245,0.021233930169216507,0.3924480444663859,0.4128182284188327,0.1734997969455652
Test_246,0.004648754581385754,0.017678875588927327,0.00488463975307436,0.9727877300766126
Test_247,0.00011314214907034833,0.013413231117395405,0.0007451903310892816,0.9857284364024449
Test_248,0.3946209494830439,0.11193504860373449,0.08034742452230757,0.41309657739091415
Test_249,0.00887817151338251,0.12326143926548087,0.042464150768352374,0.8253962384527841
Test_250,0.8520380147915859,0.0445765801985422,0.07186134167884589,0.03152406333102585
Test_251,0.2508379255985485,0.04672874056204454,0.013793321204590779,0.6886400126348159
Test_252,0.025719816870974035,0.14405250239227493,0.7811401896913771,0.049087491045373764
Test_253,0.0017450532478884393,0.20530973728817462,0.02088054110803851,0.7720646683558983
Test_254,0.06265532700673855,0.14556964894189067,0.010131222869445868,0.7816438011819247
Test_255,0.18607783198911737,0.05014099912864697,0.03770643051543456,0.7260747383668011
Test_256,7.73055341878758e-05,0.014232168831118835,0.0007688528739750306,0.9849216727607183
Test_257,0.0009667457885255845,0.051572165155904945,0.9451565485377496,0.0023045405178199166
Test_258,0.0004627847715977175,0.5237191897289374,0.29163349932108784,0.1841845261783772
Test_259,0.06277878540798151,0.04116289953864274,0.8737597579557311,0.022298557097644688
Test_260,0.05188961101553069,0.0024281542974618976,0.002320090767701362,0.9433621439193061
Test_261,0.00014287207233484343,0.019148411829328343,0.9801036163831925,0.0006050997151444202
Test_262,0.005140291578275906,0.06965232232992959,0.9093895442099275,0.01581784188186698
Test_263,0.7259356780878035,0.028157556573292955,0.06025075056806986,0.18565601477083374
Test_264,0.48543626875304025,0.04106253815040998,0.2912166332641117,0.18228455983243827
Test_265,0.12928204170718693,0.08841680760888422,0.7213475130163325,0.06095363766759604
Test_266,0.0003970464434226558,0.004380798645388957,0.0006454654273334675,0.9945766894838551
Test_267,0.925115810994803,0.002377499236976015,0.06952488835965404,0.0029818014085672283
Test_268,0.0004421936231066295,0.5209105088422447,0.4644912291140127,0.014156068420635935
Test_269,0.3047238838449329,0.07279843952869494,0.12186468603690633,0.5006129905894656
Test_270,0.12658956055586182,0.07057310533446456,0.058379214184727364,0.7444581199249464
Test_271,0.05604657857233323,0.10650472485071752,0.08300106763343558,0.7544476289435138
Test_272,0.005778159262592885,0.1572644119030414,0.810789998609617,0.02616743022474863
Test_273,0.0490149384710153,0.2760009464844322,0.3991565605439065,0.27582755450064594
Test_274,0.1370318467844551,0.0550592974129108,0.7699246533085211,0.03798420249411313
Test_275,0.03787751198019738,0.11275123526096939,0.7421448714632296,0.10722638129560418
Test_276,0.0039888356380345675,0.2840527714338989,0.2253580116443095,0.4866003812837568
Test_277,0.26199004395223074,0.12835545918563032,0.19458912163542832,0.4150653752267104
Test_278,0.002297451110967832,0.06963434916048294,0.03327037927528048,0.8947978204532687
Test_279,0.0011486071809538325,0.0150932326309072,0.9828894045357401,0.0008687556523988184
Test_280,3.0395705360744313e-05,0.0024865361580017334,0.00033846942842627947,0.9971445987082114
Test_281,0.040507779460504385,0.05187798736732126,0.02551716804683217,0.8820970651253423
Test_282,0.0035260669092695087,0.6325005511388739,0.10507706904391544,0.25889631290794135
Test_283,0.011501413687178165,0.23227918962582825,0.6920799533211014,0.06413944336589208
Test_284,0.0027355177811012993,0.22899492755585885,0.7597519847844028,0.008517569878636978
Test_285,0.09527727518900705,0.22440583411316045,0.2378527333529537,0.4424641573448786
Test_286,0.5504954189576802,0.013296885072761467,0.04861799429962244,0.38758970166993606
Test_287,0.1645736268271816,0.08200814646359321,0.5163923897977325,0.23702583691149293
Test_288,8.158877376975438e-05,0.0037830962169125575,0.0003685623186312428,0.9957667526906867
Test_289,7.620504237478205e-05,0.0011183438206098866,0.00010541250306123813,0.9987000386339542
Test_290,0.007112160447387484,0.17772246860924792,0.7663636465807454,0.04880172436261935
Test_291,0.01481756482271012,0.00811040227540545,0.9712249703475755,0.0058470625543091325
Test_292,0.8686015790071387,0.009345673126256308,0.09685551306594146,0.025197234800663743
Test_293,0.0009410197832077833,0.1732817669224816,0.8140916623279602,0.011685550966350367
Test_294,0.0019326289280065755,0.08011895559201718,0.912537218005075,0.0054111974749013565
Test_295,0.2218948393663671,0.0716313914598573,0.5747751573723188,0.13169861180145678
Test_296,0.3854253853689642,0.04829031559740278,0.3442649260498086,0.2220193729838244
Test_297,0.01233293737544661,0.07129914197717498,0.027192707862614362,0.8891752127847643
Test_298,0.004882533754807683,0.1472508401433413,0.7706233460688788,0.07724328003297243
Test_299,0.07082047089174957,0.16532336268716943,0.13301021190152743,0.6308459545195534
Test_300,0.57420408128546,0.05259851351975033,0.0791631152255014,0.29403428996928804
Test_301,0.7936287329303748,0.01149211772573785,0.1550711920907571,0.039807957253130175
Test_302,0.002621585458228029,0.43988043946268784,0.12950602806318726,0.4279919470158968
Test_303,0.9206151729708539,0.02580837509935819,0.012198257437315441,0.041378194492472174
Test_304,0.8337480336317,0.02471251653967123,0.08128037241781134,0.06025907741081738
Test_305,0.6976714618670347,0.028022675245553734,0.005304398052378805,0.2690014648350332
Test_306,0.17548491202574065,0.0932684631738976,0.46230335860378097,0.26894326619658065
Test_307,0.5345472572833011,0.05610034023072077,0.2777192424575675,0.13163316002841047
Test_308,0.007424026383220817,0.15038435306222458,0.4492229275510487,0.39296869300350606
Test_309,0.011175337874015218,0.24458354827289677,0.5216738539390545,0.22256725991403367
Test_310,0.0023448176506633035,0.3207069369621739,0.6140532887181581,0.06289495666900478
Test_311,0.03413080931944412,0.1345238938174735,0.7213764641205772,0.10996883274250482
Test_312,0.00017085206730893329,0.002536545904994549,0.0002378463016418477,0.9970547557260546
Test_313,5.120798695049592e-05,0.007039114136011852,0.0006954016689629716,0.9922142762080743
Test_314,0.10149119349945743,0.05659991378268351,0.14309000541882874,0.6988188872990304
Test_315,4.3960513006484196e-05,0.001616773614280438,7.3374221630471e-05,0.9982658916510826
Test_316,0.8121800681163062,0.01772293464548631,0.13394949757957675,0.03614749965863081
Test_317,0.005472681796872844,0.020638277310294047,0.9541707132615359,0.019718327631297643
Test_318,0.32558288985834943,0.09316208681812446,0.2855050381725976,0.2957499851509287
Test_319,0.0003091452162156175,0.032030953184020126,0.9668553525262144,0.0008045490735499253
Test_320,0.015775970832006218,0.04346951668600322,0.9251204742590508,0.015634038222939756
Test_321,0.7662015381322513,0.1108692567689578,0.0974664339393739,0.02546277115941703
Test_322,0.08739810015542154,0.09535909201976488,0.6587454570037176,0.15849735082109587
Test_323,0.07067465248197662,0.08999997723515692,0.7799433090901194,0.059382061192747186
Test_324,0.006510490296534073,0.060605935887960906,0.9288239514966007,0.004059622318904517
Test_325,0.0032182139394220026,0.016083016270836963,0.0016634933009492324,0.9790352764887919
Test_326,0.0022231614563394575,0.04920673816891595,0.9436601800435366,0.0049099203312076315
Test_327,0.028526567650762384,0.011375625061280396,0.009453778041292212,0.9506440292466649
Test_328,0.0036440079717420678,0.03831396067389086,0.9531886153270802,0.004853416027286699
Test_329,0.004376924621203756,0.05695394149821811,0.936968429638963,0.001700704241614893
Test_330,0.00015199776700323977,0.22723746196562394,0.7674387297877978,0.005171810479574874
Test_331,0.25510766670510265,0.1621595737695221,0.18593054382141552,0.3968022157039595
Test_332,0.9308457880540322,0.014784896169367026,0.009704898033056662,0.04466441774354423
Test_333,0.0023253608356134936,0.12378950198643965,0.8659187371957427,0.007966399982204185
Test_334,2.7954106111640376e-05,0.008113209288736104,0.9917328546958749,0.00012598190927729243
Test_335,0.29928102620565966,0.14232825442869443,0.318313541839482,0.24007717752616403
Test_336,0.02455842311624924,0.022902528617086252,0.9438446644366347,0.008694383830029849
Test_337,0.858503294420593,0.03747490624483526,0.046576314467236146,0.05744548486733569
Test_338,0.7805840360829489,0.009724761933047095,0.12417877865096105,0.08551242333304304
Test_339,0.008113126061171472,0.19150221889981497,0.7797016061949412,0.02068304884407248
Test_340,0.3035793303837963,0.04871639430571279,0.4021825476420132,0.2455217276684777
Test_341,0.23579036073553059,0.14908147749081418,0.011025692248528689,0.6041024695251267
Test_342,0.8720981138098178,0.010347865635330751,0.11632493002186257,0.0012290905329886504
Test_343,0.24150805790901292,0.09860536287282519,0.16868591394009835,0.49120066527806355
Test_344,0.00022869770765031566,0.02407208390745041,0.9748197831469023,0.000879435237997018
Test_345,0.005629096654131847,0.10900745889545778,0.8690420138177756,0.01632143063263467
Test_346,0.002172016932570722,0.06664558140766451,0.9242519870000248,0.00693041465973996
Test_347,0.17508454154517855,0.09782315473813327,0.5534501523552283,0.1736421513614599
Test_348,0.016781919867723365,0.03551327465494862,0.01605218186859071,0.9316526236087372
Test_349,0.004905824919748761,0.3920147154413452,0.12283277606066371,0.48024668357824213
Test_350,0.001424239997203372,0.06131029413261429,0.008896854566932684,0.9283686113032494
Test_351,0.0025597619300697337,0.06492351772672182,0.9246439505926402,0.007872769750568203
Test_352,0.17755876991189934,0.1268974897411235,0.13123517439369586,0.5643085659532817
Test_353,0.38682311591430363,0.10095276530059301,0.05190395835583674,0.4603201604292669
Test_354,0.27540073455745917,0.05188975334263514,0.6075259610824625,0.06518355101744333
Test_355,0.8049703493237322,0.049913208484340214,0.010219669698691269,0.1348967724932364
Test_356,0.5053276741688942,0.04279086544310899,0.2121954205158436,0.2396860398721531
Test_357,0.8294933034382829,0.01450998623953532,0.14548016212286718,0.010516548199314848
Test_358,0.061600309265020664,0.10495432532340254,0.694999040939318,0.1384463244722591
Test_359,0.03998826229669105,0.08887873086947314,0.04849080274692307,0.8226422040869127
Test_360,0.0072445135871569005,0.027900955688055267,0.012167977406645318,0.9526865533181428
Test_361,0.9089665204081155,0.03519317311362272,0.03688880071092027,0.018951505767341215
Test_362,0.3495551987215927,0.08610280878229377,0.27478959802059333,0.2895523944755199
Test_363,0.0027812986586156037,0.12770787559184554,0.8583328858559043,0.011177939893634747
Test_364,0.0030006415538752435,0.020463420784315605,0.9744412650656893,0.002094672596119865
Test_365,0.04865376164502453,0.03681887968121516,0.8989428839589045,0.015584474714855632
Test_366,0.0287750828798435,0.07577398859976005,0.8509511988344941,0.04449972968590224
Test_367,0.07806436587133324,0.0075999532177122315,0.011043949494062864,0.9032917314168917
Test_368,0.33007088972095255,0.054418259643067665,0.469678405587703,0.1458324450482771
Test_369,0.001553303270484684,0.016147159404271798,0.0035583409698988107,0.9787411963553448
Test_370,0.00884548626273964,0.011895978678944564,0.9718610110530858,0.007397524005230437
Test_371,8.198252998788636e-05,0.01576559253987809,0.9840726613875405,7.976354259350924e-05
Test_372,0.0032802389520066345,0.02235311896139203,0.00372343324243268,0.9706432088441689
Test_373,0.0028748104217445527,0.06335160066558126,0.9238192755363441,0.009954313376330142
Test_374,0.08411440278143408,0.04779416854116471,0.8446846772877147,0.023406751389686554
Test_375,0.0034266409671101774,0.012823113858178373,0.0006099200744475254,0.9831403251002642
Test_376,0.7522448325387162,0.051476629931169554,0.08837949341266961,0.10789904411744473
Test_377,0.12275408611246039,0.052539195987599575,0.8009503907132642,0.0237563271866758
Test_378,0.0012794438754864842,0.02598526869034321,0.9717051279517667,0.0010301594824035634
Test_379,0.11973290758541473,0.10135242467633937,0.6493059592835223,0.12960870845472353
Test_380,0.059656431819409335,0.10124879416566808,0.03865090460191199,0.8004438694130105
Test_381,0.29512087409238746,0.11003863207857142,0.029278427799524467,0.5655620660295168
Test_382,0.10440575876197905,0.07197175515110084,0.05511126826987197,0.7685112178170485
Test_383,0.5270359887186704,0.07482730298680493,0.20401463113247598,0.194122077162049
Test_384,0.0620540607283334,0.03137639568923725,0.8782767834681187,0.02829276011431067
Test_385,0.046741246916710194,0.0067609562769207114,0.004525717247495818,0.9419720795588733
Test_386,0.0030415903455152365,0.18362292759693075,0.7748534839140939,0.038481998143460344
Test_387,0.06595246494342963,0.0955963229544941,0.042254092879559654,0.7961971192225169
Test_388,0.2547018818623781,0.10405217666697596,0.40679500542623565,0.23445093604441028
Test_389,0.5777276719789027,0.023408312789698297,0.3552463561933766,0.043617659038022644
Test_390,0.28655952304716825,0.0755745486300119,0.06940785400974253,0.5684580743130769
Test_391,0.0051580378300334715,0.13620323043348634,0.8414095989288206,0.017229132807659604
Test_392,0.00527032221905778,0.14077175173764253,0.8119752774160084,0.041982648627291196
Test_393,0.020994478100189704,0.01664947892736621,0.0013897438221941601,0.9609662991502499
Test_394,0.6279338818434475,0.031571634700313815,0.02677708775080526,0.3137173957054335
Test_395,0.0010108283231259302,0.22749787122040382,0.7650127623857729,0.00647853807069755
Test_396,0.11918732060362955,0.10498561785462994,0.13894049799741753,0.6368865635443229
Test_397,0.053342468485551915,0.0592036780616818,0.028997226015257355,0.8584566274375087
Test_398,0.007664512702412435,0.2873490423305788,0.5988502705512556,0.10613617441575325
Test_399,0.6012330734685511,0.0386952941065076,0.04234001316122435,0.3177316192637171
Test_400,6.870209394476562e-05,0.053922846100396916,0.9456530270097921,0.0003554247958664411
Test_401,0.0019568472973467144,0.07759816234191019,0.9157162823637447,0.004728707996998202
Test_402,0.021918738925774766,0.002480346178812597,0.0019550771252401116,0.9736458377701726
Test_403,0.010946873010721855,0.038387553440686235,0.9443918015840608,0.006273771964531156
Test_404,0.5654853186923953,0.08102578820517203,0.05626035074102399,0.2972285423614087
Test_405,0.001984428458973925,0.0074832966925554665,0.0011979191402588156,0.9893343557082114
Test_406,0.0001514127273608772,0.0178822648237657,0.000609721089824102,0.981356601359049
Test_407,0.006545065752506692,0.030031383025712358,0.007025234422236908,0.9563983167995442
Test_408,0.001054660023756674,0.004217859326893001,0.0007182507444073345,0.9940092299049428
Test_409,0.005704006889783435,0.23896251425638376,0.5180249933852652,0.23730848546856761
Test_410,0.00048391666285546326,0.005535836687583574,0.0007011893357070933,0.9932790573138537
Test_411,0.9775946177902846,0.0023981963568489,0.01335543904272735,0.006651746810139077
Test_412,0.0010604943455504632,0.6429536092213174,0.3169059906839191,0.03907990574921318
Test_413,0.9967200135317033,0.00039226041892680103,0.0025052801248393285,0.00038244592453066223
Test_414,0.01247400219131337,0.035051918785202175,0.9375348886946471,0.014939190328837787
Test_415,0.019902584547350367,0.07441116206060465,0.8872267586982765,0.018459494693768633
Test_416,0.07706250149108233,0.06346872497550489,0.09455277165030246,0.7649160018831105
Test_417,0.011523727711255542,0.04079870336361719,0.9430707005901917,0.004606868334935295
Test_418,0.7404556934411675,0.05376577337081922,0.15704928954647118,0.04872924364154202
Test_419,0.395356632263497,0.018331324679154902,0.5710347913341544,0.01527725172319382
Test_420,0.00032398000806094305,0.025963411622270664,0.972460643700156,0.0012519646695122045
Test_421,0.002626718744313049,0.006057448844037026,0.001099434353453403,0.9902163980581966
Test_422,0.4608033943994318,0.10768796389994703,0.11506526558090562,0.3164433761197155
Test_423,0.007900717671742176,0.24617388199163842,0.6310320332935648,0.11489336704305485
Test_424,0.000443114921981472,0.25260599157410885,0.7436600526581296,0.0032908408457801817
Test_425,0.07298374317904215,0.0449675602931818,0.021491058773500226,0.8605576377542761
Test_426,0.3981075217971173,0.023363183010718075,0.31538676797885323,0.26314252721331116
Test_427,0.0022805949566262113,0.008715509886201825,0.00048752328757510724,0.988516371869597
Test_428,0.00397353335504263,0.02256136248613428,0.0057970697126598645,0.9676680344461631
Test_429,0.00014523790747740444,0.021483247894766282,0.978249436172389,0.0001220780253671209
Test_430,0.005977369962542792,0.07396773207442194,0.9177118803490805,0.002343017613954673
Test_431,0.8990132608916356,0.00879811463301516,0.04877408870593299,0.04341453576941616
Test_432,0.025952674054921965,0.1819645090630583,0.22037583399887092,0.5717069828831488
Test_433,0.008653055762532412,0.013780555590851045,0.004306647821503093,0.9732597408251136
Test_434,0.026255759274156357,0.13269071852826989,0.09376191301342265,0.7472916091841507
Test_435,0.9512479131668077,0.0007282385115785979,0.011137222624214295,0.036886625697399776
Test_436,0.11242529052923012,0.12390073476136355,0.3936187294434846,0.3700552452659216
Test_437,0.07953467347616691,0.07808502242207808,0.7963193000453007,0.04606100405645423
Test_438,0.01105712486833527,0.20662965835316935,0.7175746929450574,0.06473852383343824
Test_439,0.006548080393610248,0.11542587813393858,0.8722235085997712,0.00580253287268026
Test_440,0.00016479510930086607,0.022996132406181324,0.9766260681606884,0.00021300432382928496
Test_441,0.8326653115198545,0.019144341246027416,0.11192490502065278,0.036265442213465164
Test_442,0.3552443509245886,0.06268428290910867,0.4761798928576651,0.10589147330863764
Test_443,0.0022348972484993643,0.25330405090072294,0.023040775665481728,0.721420276185296
Test_444,0.8878207697688795,0.003877892230199959,0.03597979914562506,0.07232153885529562
Test_445,0.032172627675981676,0.0986609461221438,0.7649681916101614,0.1041982345917131
Test_446,0.03590561256076181,0.10624848015800752,0.6798337221324924,0.178012185148739
Test_447,0.01116280493312822,0.023021830108759495,0.9602715907564373,0.005543774201674814
