image_id,healthy,multiple_diseases,rust,scab
Test_0,0.008574707097496427,0.10233605604782658,0.5724307251185586,0.3166585117361184
Test_1,0.0004932007446614389,0.1723984431099776,0.8209146443775828,0.006193711767777681
Test_2,0.017081421843753095,0.03595682726488852,0.016501134555581397,0.9304606163357769
Test_3,0.8672824802050056,0.003081839792161126,0.08390009943771544,0.045735580565117805
Test_4,0.008331886000218738,0.01244089990107418,0.9717811417404209,0.007446072358286003
Test_5,0.622493069679272,0.06515192982743548,0.06362461884271156,0.24873038165058095
Test_6,0.6496129805765135,0.0108811422326165,0.15645833428734232,0.1830475429035277
Test_7,0.0012019667275387945,0.0023540063761120617,0.0009955797682892488,0.9954484471280598
Test_8,0.09685102246712403,0.11763568620515223,0.08710706458785557,0.6984062267398684
Test_9,0.5492922750953649,0.019207193380382608,0.3129952548574804,0.11850527666677213
Test_10,0.002492239081628629,0.15648815044956227,0.8348360654989869,0.0061835449698222685
Test_11,0.8514081651460074,0.013882761483610295,0.10013664760528886,0.03457242576509358
Test_12,0.11880651657056623,0.14716795980664887,0.002003629633714053,0.732021893989071
Test_13,0.9204339232505655,0.0013303882874080074,0.061660807724600065,0.01657488073742642
Test_14,0.013943775843805415,0.0021890034182265746,0.9664393868709146,0.01742783386705358
Test_15,0.36477204281234105,0.026899613651094553,0.47825837752566175,0.13006996601090273
Test_16,0.9006529948339737,0.021762047228355973,0.05835586244381822,0.019229095493852207
Test_17,0.012802247479832737,0.1521164783847595,0.029959173479214316,0.8051221006561935
Test_18,0.6868219678112094,0.005700333579863541,0.007759276183048894,0.2997184224258782
Test_19,0.0039886529262630425,0.030315504400486273,0.9504025466679142,0.015293296005335844
Test_20,0.16470828773807186,0.011762020107325478,0.021532333460376123,0.8019973586942265
Test_21,0.9778974592345545,0.0008544550238466418,0.0005721657167051885,0.020675920024893577
Test_22,0.003276218355900255,0.05205567122914212,0.9405404171301512,0.004127693284806623
Test_23,0.0028051193099831815,0.00816588686828938,0.0007872774979420465,0.9882417163237853
Test_24,0.9234403984998154,0.004961565094743533,0.020037021407372492,0.05156101499806851
Test_25,0.057297753248357994,0.037482916213119825,0.016654209591364863,0.8885651209471574
Test_26,0.024039430501830012,0.3264438085100166,0.2773946037456511,0.3721221572425019
Test_27,0.020843151397969606,0.09506565263078408,0.8200962219187303,0.06399497405251603
Test_28,0.8406323079223466,0.09554407958720956,0.03403644553988535,0.029787166950558212
Test_29,0.10923260659325681,0.04933488234785282,0.06700443871217424,0.7744280723467163
Test_30,0.8874764185120685,0.0198057007172274,0.00857132372508963,0.08414655704561419
Test_31,0.008847380557986275,0.7132671350823989,0.22173416968199006,0.05615131467762495
Test_32,0.013503161134891726,0.13743816593965116,0.270122612767725,0.5789360601577322
Test_33,0.010430633633609132,0.006663153461844866,0.009834381705444952,0.9730718311991009
Test_34,0.20405603137300943,0.019609033812482475,0.09335307627886479,0.6829818585356433
Test_35,0.028747296837284157,0.019403820761099616,0.012895327086528621,0.9389535553150875
Test_36,0.0028467026020614758,0.032706802161100494,0.9613833033169126,0.0030631919199254625
Test_37,0.05474010686679916,0.18183631700462866,0.014930600590802123,0.7484929755377697
Test_38,0.01652995508570299,0.046402230051727396,0.017490128792474646,0.9195776860700947
Test_39,0.012068843916774942,0.004663273352634639,0.9430345632582867,0.0402333194723038
Test_40,0.0015214817376010834,0.09484653324444278,0.8823792615572347,0.021252723460721587
Test_41,0.012862131734217824,0.17351452242974533,0.7929207834006905,0.02070256243534649
Test_42,0.0023818881706496103,0.020843010687123114,0.004521465993319736,0.9722536351489077
Test_43,0.9657531402451364,0.002500774381411629,0.024859377060393456,0.006886708313058722
Test_44,0.10203950639376189,0.10029279007585189,0.011906144581456604,0.7857615589489296
Test_45,0.5217676640111901,0.031288602504425285,0.015730000396167253,0.4312137330882174
Test_46,0.3715162708530254,0.07053486176392675,0.012387428342350596,0.5455614390406971
Test_47,0.003107520974161924,0.005772925682441734,0.983022644878807,0.008096908464589537
Test_48,0.047864641492540896,0.039971538200426524,0.6529346336980659,0.2592291866089666
Test_49,0.010773420787052302,0.012501182504061568,0.9714567510174031,0.005268645691483183
Test_50,0.0007063669786390708,0.1833305460512243,0.8136913236619152,0.002271763308221534
Test_51,0.02116997015287894,0.21680175663933826,0.6996607909889767,0.06236748221880615
Test_52,0.024033112355030584,0.0980453405167255,0.7476171137471649,0.13030443338107872
Test_53,0.020410220785224635,0.014409426738053222,0.9418986223535455,0.023281730123176355
Test_54,0.0012484814067092978,0.5545146670326189,0.4109804808210032,0.033256370739668424
Test_55,0.014806743228893264,0.080807429389999,0.8286997660411977,0.07568606133990988
Test_56,0.0069423653247524565,0.5030082393414276,0.06163273940662416,0.4284166559271956
Test_57,0.12709657748892503,0.005950444042123474,0.8148193545924446,0.0521336238765069
Test_58,0.001551398859881468,0.01097984150771009,0.0018427394390785421,0.9856260201933297
Test_59,0.0070512597443392585,0.033942868965841935,0.9396598141576556,0.019346057132163124
Test_60,0.005735185465931659,0.42385978736035934,0.06709580378342228,0.5033092233902865
Test_61,0.8357683197840078,0.05822179589733722,0.04441223138261652,0.06159765293603839
Test_62,0.82881765751731,0.005668480607699626,0.08131096035385642,0.08420290152113356
Test_63,0.0034076465362988233,0.042972191778876435,0.020960772083555977,0.9326593896012688
Test_64,0.6498720975612277,0.035393183297130634,0.2605942295691455,0.054140489572496155
Test_65,0.047975698310173925,0.28234850246760185,0.5265392895902561,0.14313650963196814
Test_66,0.8547432668936821,0.025688438554377416,0.08758129186891897,0.031987002683021404
Test_67,0.0011791938207169669,0.013264604409498419,0.9816258567749604,0.003930344994823861
Test_68,0.09887007087275859,0.2875181133829627,0.02696376809997785,0.5866480476443009
Test_69,0.002033867817184037,0.004061903490219027,0.9755335259232595,0.01837070276933734
Test_70,0.04577707230579044,0.0336793160697392,0.04333142871334922,0.8772121829111211
Test_71,0.09064101897145743,0.00442647722171143,0.895041288703791,0.00989121510304025
Test_72,0.0183846698053602,0.49417877475090594,0.008334204554802136,0.47910235088893155
Test_73,0.8708239302582299,0.003846813218183735,0.1132013066510214,0.012127949872564912
Test_74,0.3944065405832449,0.018401247881397357,0.006221392829879959,0.5809708187054778
Test_75,0.005813136528557327,0.0031833617460915275,0.16450597735675865,0.8264975243685924
Test_76,0.9683572234382306,0.000396694282537731,0.004701362927479535,0.02654471935175242
Test_77,0.004158960589202011,0.02081504523110997,0.9673006776930615,0.0077253164866264434
Test_78,0.011156592848518127,0.33426902487338434,0.1430045324624406,0.5115698498156568
Test_79,0.6255429030664784,0.054300583509610985,0.05052032974737551,0.2696361836765349
Test_80,0.010966725230072666,0.40930382608808197,0.14689277741244802,0.4328366712693971
Test_81,0.005090256432090088,0.25186013857842054,0.7258608692540274,0.017188735735461955
Test_82,0.015725382745597448,0.28279977401203965,0.26702456280190495,0.4344502804404581
Test_83,0.008435407475191007,0.4189663603409816,0.5172576830006912,0.05534054918313588
Test_84,0.08735258907185552,0.024130230568422166,0.006008799465459251,0.8825083808942629
Test_85,0.32424064051627854,0.027475282969310694,0.17189599724989957,0.4763880792645113
Test_86,0.22149989813680196,0.4457794358423094,0.1734108120400905,0.1593098539807978
Test_87,0.7864863197982239,0.09093008150146709,0.015771833650098748,0.10681176505021026
Test_88,0.1088468684487528,0.037740190298906816,0.09604130491694622,0.757371636335394
Test_89,0.7452331008619018,0.009662884898369788,0.07966634381132773,0.1654376704284007
Test_90,0.0031810029977426386,0.04706669295767647,0.9417848879815081,0.007967416063072939
Test_91,0.3844642828057075,0.08175697911649993,0.3143286160448005,0.2194501220329922
Test_92,0.971905401305158,0.0015229084174836634,0.0193255746342383,0.007246115643120027
Test_93,0.0018746922606779136,0.11368118203912846,0.8825634694628471,0.001880656237346723
Test_94,0.007370195956349551,0.006626912740212994,0.0030119063947364176,0.9829909849087011
Test_95,0.7567684797839727,0.006150735318815967,0.1751604764950808,0.06192030840213041
Test_96,0.11318334320416332,0.016770689783526655,0.14410516221446198,0.7259408047978478
Test_97,0.7043212644899193,0.07709932137896745,0.07279286882606795,0.14578654530504528
Test_98,0.012597176541705384,0.12404773654051596,0.009292930538979553,0.8540621563787989
Test_99,0.236464061310747,0.05569611636011476,0.04714704954018644,0.6606927727889521
Test_100,0.0054625459045199755,0.08763448703503669,0.00933361940162649,0.8975693476588169
Test_101,0.6415333833541746,0.017293891005496685,0.013784796695873914,0.3273879289444546
Test_102,0.01678518816398845,0.0033793494434661724,0.027113565472959844,0.9527218969195856
Test_103,0.2575904508459659,0.023670020610106226,0.6926738938448399,0.02606563469908761
Test_104,0.06727564357056293,0.09442327749469016,0.018386104701652563,0.8199149742330941
Test_105,0.11362919325253705,0.015579601907311868,0.03438464631035847,0.8364065585297925
Test_106,0.7861311997923839,0.005507296797307194,0.13307595415173873,0.07528554925857012
Test_107,0.005248217377807324,0.04249495732832171,0.941077366685365,0.011179458608506023
Test_108,0.012012085830378747,0.12707926586665905,0.006905146413800233,0.8540035018891621
Test_109,0.032432692433817405,0.05584031300544518,0.026902559258295898,0.8848244353024415
Test_110,0.14240829875246408,0.03267291570900866,0.009838965179865615,0.8150798203586617
Test_111,0.49181795175838533,0.017396585034673843,0.05182028818132655,0.43896517502561416
Test_112,0.020217013412542405,0.1538092435562017,0.7399738690991663,0.08599987393208934
Test_113,0.28383643825926064,0.04284188472121109,0.37842431109586644,0.29489736592366195
Test_114,0.026762168356530038,0.7397661185821169,0.1970210175483914,0.03645069551296142
Test_115,0.002745949987003882,0.006851995126847783,0.9880278018832701,0.002374253002878286
Test_116,0.0052940538321280435,0.01232463501659276,0.9716517777186405,0.0107295334326388
Test_117,0.0004959244218902801,0.01945985950631826,0.9614534612216172,0.018590754850173887
Test_118,0.019865036061534683,0.004070094580928455,0.9605584931951547,0.01550637616238198
Test_119,0.7235522244469966,0.029728209706851843,0.1941244735296748,0.05259509231647681
Test_120,0.00018149911187331235,0.007266681100911443,0.989375087911178,0.0031767318760371455
Test_121,0.02666074458193023,0.044819768565060696,0.8628318842198974,0.06568760263311127
Test_122,0.0005317226678775685,0.03297815583692406,0.9572814833451315,0.009208638150066987
Test_123,0.005316483484568489,0.23640774643371254,0.7449031022029987,0.01337266787872041
Test_124,0.0020466963232400695,0.004328551134183407,0.0006625231006459041,0.9929622294419307
Test_125,0.29449845508457023,0.1063835366401554,0.3333695730748399,0.26574843520043456
Test_126,0.8629883871388886,0.002910290459959489,0.12181200181424864,0.012289320586903262
Test_127,0.9623871838113223,0.00809509097316388,0.006719829629454114,0.02279789558605959
Test_128,0.02785805766489398,0.19201468689309786,0.1238548542766782,0.6562724011653299
Test_129,0.18874546820098115,0.2369801079742523,0.12048500906140856,0.45378941476335816
Test_130,0.07687654302169986,0.054808107823973835,0.005044406653969957,0.8632709425003562
Test_131,0.0033377542052196005,0.08158190830775038,0.003432920463171613,0.9116474170238585
Test_132,0.996718317154962,0.0011863732124121988,0.0007303891012600806,0.0013649205313657515
Test_133,0.013386853540715522,0.046261177146756996,0.00222876020117161,0.9381232091113556
Test_134,0.49731707337856396,0.02818103350841251,0.11533469805314756,0.3591671950598761
Test_135,0.25824000470343333,0.04777297414980089,0.08422299784043791,0.6097640233063281
Test_136,0.006676867933231256,0.003245115732079485,0.06448036373793337,0.925597652596756
Test_137,0.0007686167078665896,0.04207862129199035,0.9522492885116036,0.004903473488539497
Test_138,1.2234928045978045e-06,9.279825184298987e-07,0.9998735293720187,0.00012431915265824657
Test_139,0.9769155919736814,0.0033678019559110306,0.0062659753084722165,0.01345063076193508
Test_140,0.5413844293809593,0.011344898403808673,0.3089697998357229,0.13830087237950917
Test_141,0.014334784071600853,0.010989296181247346,0.0020840649198230416,0.9725918548273288
Test_142,0.041206621173563315,0.2368260779094468,0.025772114241942916,0.6961951866750472
Test_143,0.009043555905590495,0.05837818559060991,0.005985658420590756,0.9265926000832089
Test_144,0.8806075591898312,0.005553430231260061,0.012223747354756499,0.10161526322415249
Test_145,0.12094572453094987,0.04790728747567408,0.13015458628089982,0.7009924017124765
Test_146,0.006109927318832419,0.005315590079171279,0.9866881921693089,0.001886290432687429
Test_147,0.00716905131121206,0.053731397883483696,0.913877417224431,0.025222133580873433
Test_148,0.8813029662435623,0.04017296723767032,0.00774647084899786,0.07077759566976957
Test_149,0.03432110264335945,0.01673697866496077,0.9394205725122948,0.00952134617938529
Test_150,0.3778613592952459,0.05263970371943119,0.45109316115382975,0.11840577583149291
Test_151,0.0043501879196332725,0.0023648309377596465,0.9906649410480247,0.0026200400945821573
Test_152,0.003834540675793315,0.05677371842129329,0.9128556821303077,0.02653605877260583
Test_153,0.42974619551063953,0.10099052313345207,0.044517974786433816,0.4247453065694749
Test_154,0.0029218009903056617,0.051618423338255344,0.9059940772361162,0.039465698435322945
Test_155,0.001510684726545308,0.035439570217063884,0.950225923427933,0.012823821628457834
Test_156,0.2672757308293297,0.024584687110519896,0.0121911014465226,0.695948480613628
Test_157,0.014902831615408061,0.004923860899126673,0.2137274382213987,0.7664458692640667
Test_158,0.011588090736178802,0.004886170843959434,0.00861147942346309,0.9749142589963986
Test_159,0.03975496275467069,0.016753416846306875,0.8605915982306982,0.08290002216832375
Test_160,0.9349817402806991,0.025853331090755056,0.02878086902968769,0.010384059598858277
Test_161,0.008842033850483504,0.03707792975433954,0.9062450451578316,0.047834991237345484
Test_162,0.02085961113466382,0.0023117981323223058,0.9713200512173108,0.005508539515703021
Test_163,0.004283440021436726,0.5850781285391936,0.3731840850527709,0.037454346386598836
Test_164,0.642749915556191,0.05490966151909703,0.023257557491034943,0.2790828654336768
Test_165,0.009571071674151766,0.011066458743852177,0.030726566763575276,0.948635902818421
Test_166,0.3039600515838898,0.01164965603487094,0.32386584961138204,0.3605244427698573
Test_167,0.012583621552658577,0.030585365644435987,0.9480636188533952,0.008767393949510248
Test_168,0.010400340718517352,0.6237893083059627,0.32772835401052147,0.03808199696499857
Test_169,0.3368482643430871,0.027173995863576415,0.4254219609496204,0.21055577884371612
Test_170,0.43076127319825874,0.031179873463072393,0.30309140170496424,0.23496745163370472
Test_171,0.008222172719669584,0.018114696593157675,0.9611000093346552,0.01256312135251767
Test_172,0.012679681984698847,0.3006704868984168,0.6638068224416522,0.022843008675231816
Test_173,0.003588647413547608,0.003855176569614495,0.9902048214172529,0.0023513545995851037
Test_174,0.34906052563185985,0.08079884252525715,0.09228405223765508,0.47785657960522765
Test_175,0.738593415425555,0.15078780459382982,0.05940415120629056,0.05121462877432464
Test_176,0.0004113116830011982,0.16518395336913552,0.8310169607739551,0.003387774173908135
Test_177,0.047792884337213216,0.014849373060267467,0.005207272129233205,0.932150470473286
Test_178,0.0061935274530708646,0.024258037077481635,0.00041358983765220884,0.9691348456317955
Test_179,0.007219305663072303,0.010670929002744498,0.9668852705722284,0.015224494761954685
Test_180,0.10291859626994838,0.11671124191806148,0.43592980167217266,0.3444403601398175
Test_181,0.20507199233195295,0.017419268027447282,0.005988920951624153,0.7715198186889756
Test_182,0.024951192208414644,0.015107079757060172,0.8797486905299023,0.08019303750462288
Test_183,0.6358760031743299,0.012191400220560979,0.3353463869321296,0.016586209672979375
Test_184,0.01512686634899851,0.01132122418040963,0.015525409183832651,0.958026500286759
Test_185,0.18566568411435064,0.09182387594342373,0.10561063815388824,0.6168998017883374
Test_186,0.3338851122913939,0.03311056974249726,0.10681554886794815,0.5261887690981606
Test_187,0.001064575194857241,0.002292056111998597,0.9952540531045417,0.0013893155886023892
Test_188,0.03996522827857703,0.004663604241198976,0.9293310850660849,0.02604008241413932
Test_189,0.31896065213769087,0.13422302481844808,0.09495483647402404,0.45186148656983655
Test_190,0.2414971674251566,0.09204568605906961,0.5451271255118729,0.12133002100390115
Test_191,0.010470656103678078,0.05441411601799395,0.8243501792196581,0.11076504865866987
Test_192,0.905838151244899,0.012803562967224819,0.02077022553160192,0.060588060256274105
Test_193,0.01381602641710348,0.011802781194165694,0.9655936034088706,0.008787588979860261
Test_194,0.0013956396571416963,0.11260042161003582,0.8827081594304874,0.003295779302334923
Test_195,0.1293094651292425,0.6407398326318428,0.0891609876921525,0.1407897145467621
Test_196,0.09196444139711774,0.08260324188286677,0.026230439382909775,0.7992018773371059
Test_197,0.0014171210179064247,0.06436652040065854,0.931699585292282,0.002516773289153043
Test_198,0.10932898541742829,0.053413699226382824,0.02823145597007723,0.8090258593861117
Test_199,0.16065386889305153,0.013878628947545659,0.450523928252934,0.3749435739064688
Test_200,0.013554730322196215,0.030876029863005094,0.9456964197733168,0.009872820041481893
Test_201,0.1414383321206146,0.021623053275086568,0.05406783724129802,0.7828707773630007
Test_202,0.008634567388240368,0.022678517769033783,0.5974971860090212,0.3711897288337048
Test_203,0.0040017622258655865,0.050507335826668706,0.9192956594734548,0.026195242474011015
Test_204,0.44244767709628924,0.01586572325633551,0.0363791909737795,0.5053074086735959
Test_205,0.00847581923527312,0.0031608435765537396,0.0008826419875927334,0.9874806952005803
Test_206,0.002256234167017528,0.004971608559980754,0.000604935083476879,0.9921672221895249
Test_207,0.026594342593380248,0.009459958958910341,0.889868645854981,0.07407705259272819
Test_208,0.32618818004804334,0.03031059360061175,0.5922874152134405,0.05121381113790429
Test_209,0.0008476015223317664,0.13473277903115075,0.8282080831555474,0.036211536290970264
Test_210,0.03134782559279026,0.06522213981699031,0.19852841180272518,0.7049016227874944
Test_211,0.08313520047634068,0.3081430702939073,0.15243221462530787,0.4562895146044443
Test_212,0.022059959149191958,0.05031202302046507,0.9229888714917415,0.004639146338601471
Test_213,0.009749446243385989,0.5225233054661073,0.044489644788751,0.42323760350175604
Test_214,0.006617234500805495,0.01306093830416604,0.9557415243560117,0.024580302839016965
Test_215,0.811613620500592,0.08930467653748575,0.026833529436254045,0.07224817352566816
Test_216,0.7594274700876676,0.004670142564294632,0.1798091461466928,0.05609324120134498
Test_217,0.1447270032856177,0.03037188314621684,0.1298863756439444,0.6950147379242212
Test_218,0.8234807368812836,0.1053385521913076,0.010419194626944834,0.06076151630046405
Test_219,0.06586654832139806,0.0008315623813195771,0.9279610623719795,0.005340826925302906
Test_220,0.0029216963935752025,0.2763980205195133,0.029074332732401658,0.6916059503545098
Test_221,0.6003423241562883,0.016560186538111563,0.3452414368289568,0.03785605247664311
Test_222,0.016631643128359297,0.02237192650048807,0.9406176265668336,0.020378803804319133
Test_223,0.008635947656577091,0.12386444965656207,0.8357223027146428,0.031777299972218356
Test_224,0.527716978010348,0.03149723336156845,0.10502728955049785,0.33575849907758576
Test_225,0.630917449953853,0.03626416583513289,0.2752022903899517,0.05761609382106221
Test_226,0.016844588795815997,0.3049839846693089,0.6559066801905636,0.022264746344311435
Test_227,0.06724042263439155,0.21947513530756385,0.037034839829386476,0.6762496022286583
Test_228,0.4394186668599923,0.010095437379296959,0.4491759509841518,0.10130994477655864
Test_229,0.007762762013128267,0.018204871577378847,0.9356172884770643,0.03841507793242865
Test_230,0.11697441683017422,0.01653951686277413,0.002968706559385672,0.8635173597476662
Test_231,0.0015377407988030735,0.00643297844101908,0.0004541703325302271,0.9915751104276475
Test_232,0.04535622133689196,0.008375543605071414,0.9382074108533857,0.008060824204651014
Test_233,0.9494178704418554,0.00028863090098946214,0.002710062176854282,0.04758343648030071
Test_234,0.030981952035549116,0.07490792476771597,0.0024324295858293094,0.8916776936109054
Test_235,0.03944726340845929,0.0625637318536798,0.010453250917597488,0.8875357538202632
Test_236,0.1792939030871644,0.05165630596593705,0.6553194454473915,0.11373034549950696
Test_237,0.09710603883635664,0.08609273008559677,0.043645358221130644,0.7731558728569161
Test_238,0.002440585024833878,0.4938941603592785,0.5006454822690962,0.0030197723467914766
Test_239,0.20134528667657584,0.02803240020407,0.7657399650277654,0.004882348091588695
Test_240,0.0011121376229938443,0.12129825106222712,0.8716143822315032,0.005975229083275709
Test_241,0.04951109237025427,0.08040440317751008,0.7803091665835322,0.08977533786870324
Test_242,0.3917405059138062,0.0198463664452474,0.05026279457977094,0.5381503330611758
Test_243,0.876388137412014,0.005516103757387852,0.09158463282242912,0.026511126008169163
Test_244,0.031400155503095176,0.6703306882726021,0.06461713478197077,0.23365202144233202
Test_245,0.052884472340297514,0.6091007185575456,0.2356535954005557,0.10236121370160135
Test_246,0.024074694882609174,0.20768907247352492,0.01675019766974781,0.751486034974118
Test_247,0.0004961455830283424,0.10033878765612622,0.001924246668904616,0.8972408200919407
Test_248,0.28451086939767617,0.16445223731337355,0.20321700110072963,0.3478198921882206
Test_249,0.0103755194437134,0.056878108334566954,0.01951549597980219,0.9132308762419176
Test_250,0.9427150471570049,0.034766233822668344,0.01313822660831768,0.009380492412009141
Test_251,0.152651141575508,0.20455735359657137,0.021043232480398723,0.621748272347522
Test_252,0.10322601900507765,0.3385546043238602,0.40849996056743393,0.14971941610362838
Test_253,0.006691865501498535,0.4844353676222986,0.09658413778953588,0.4122886290866669
Test_254,0.005658168705560923,0.295202796902693,0.004426163716873354,0.6947128706748729
Test_255,0.3841937605755048,0.027615825664746272,0.027317855857404497,0.5608725579023445
Test_256,0.001845871792495345,0.009959290660504008,0.015151874624852723,0.9730429629221479
Test_257,0.00020220199323609986,0.0035356971823238925,0.9955981984512757,0.0006639023731643971
Test_258,0.005370277265362571,0.06881334293872539,0.18603996248992374,0.7397764173059881
Test_259,0.4524795565650139,0.09324323374122322,0.33814581493221724,0.11613139476154555
Test_260,0.1846577740155778,0.0052363719908621485,0.017663543991842622,0.7924423100017174
Test_261,0.01039788902412035,0.07851774809848207,0.9031207989114592,0.00796356396593837
Test_262,0.09456152169461986,0.1635043035717398,0.5375844884648072,0.20434968626883301
Test_263,0.35589352301293026,0.056802432418317596,0.0469648980736332,0.5403391464951189
Test_264,0.5388158967795419,0.026767056525922834,0.27577625144527257,0.1586407952492625
Test_265,0.17448295846629877,0.0797448159710638,0.6886786319643051,0.05709359359833225
Test_266,0.00357487101599138,0.02285430388105263,0.0005667636352047718,0.9730040614677511
Test_267,0.9137828932612304,0.004355215027431235,0.059870029243880886,0.021991862467457556
Test_268,0.009277011779468774,0.6817821008242326,0.27086861598812145,0.038072271408177163
Test_269,0.6918303474815456,0.07619990203254555,0.06229828444878239,0.16967146603712624
Test_270,0.022740882745835845,0.015385783826597521,0.005271325942180884,0.9566020074853855
Test_271,0.10323472011400106,0.2361506337416449,0.04113187130687346,0.6194827748374806
Test_272,0.01650764064867882,0.11374204668695678,0.83816471768611,0.03158559497825422
Test_273,0.19667350589203597,0.18614466125198592,0.08016547064852633,0.5370163622074516
Test_274,0.19620933124455675,0.011204939028786722,0.7010524572123092,0.09153327251434745
Test_275,0.034299673616646195,0.1070652409242821,0.821952581568837,0.03668250389023472
Test_276,0.00171064008048604,0.05518834266887042,0.06768866168675908,0.8754123555638844
Test_277,0.41263962393362874,0.037604922156918394,0.2101145281215976,0.33964092578785515
Test_278,0.01986940021182149,0.4355586499582659,0.1562827108508939,0.38828923897901874
Test_279,8.392243114837852e-07,3.3484296785956926e-07,0.9997104991653802,0.00028832676734045397
Test_280,0.0014250992458900297,0.00644412907397929,0.0003931844638977368,0.9917375872162331
Test_281,0.07485601533098636,0.07096092125917174,0.13029650410713697,0.723886559302705
Test_282,0.002294466700412131,0.657201584072821,0.017750765747436927,0.3227531834793299
Test_283,0.1393325341955245,0.31674902286476553,0.4723028701463252,0.07161557279338458
Test_284,0.015302692371858887,0.05109860695024115,0.9203285203004931,0.013270180377407037
Test_285,0.15847731434092535,0.24580368448248682,0.06229332494246012,0.5334256762341274
Test_286,0.5455785881728576,0.004226878700517684,0.007129824127581622,0.44306470899904327
Test_287,0.1499625308034982,0.029428933045754304,0.09454805487288895,0.7260604812778586
Test_288,0.00010950146764401307,0.004444070831355774,0.00012987418557694128,0.9953165535154233
Test_289,0.0008860315930961319,0.004703846771087108,0.00029599827814264824,0.994114123357674
Test_290,0.03198073986985328,0.06789807906345328,0.8747094624565498,0.025411718610143696
Test_291,0.029967877184745594,0.002607263755808421,0.9582393985597414,0.009185460499704647
Test_292,0.9631578334364647,0.0011263554741066822,0.012605091099585776,0.023110719989842893
Test_293,0.00915961463416307,0.05859546122114146,0.9101708191802996,0.02207410496439585
Test_294,0.0049311803576893715,0.03470313433719685,0.9506069207299276,0.009758764575185874
Test_295,0.24502235984207568,0.06558312013645506,0.44518043722365924,0.24421408279780993
Test_296,0.18989899771187116,0.04013803931714444,0.4327208424233296,0.3372421205476549
Test_297,0.028035706462610728,0.07420430234250619,0.4014916480549066,0.4962683431399767
Test_298,0.0063995868410059034,0.07471444466242001,0.887871573524412,0.03101439497216221
Test_299,0.007927174341663915,0.05392360757432046,0.03710763052899825,0.9010415875550171
Test_300,0.3355878838769533,0.03308764681958512,0.01808142877358019,0.6132430405298814
Test_301,0.8883552869042678,0.009246713604443946,0.07216882091826672,0.030229178573021702
Test_302,0.01345287129380213,0.14895868176588298,0.022107481976745964,0.8154809649635688
Test_303,0.12726237422960376,0.7633280561388568,0.05574845920158421,0.053661110429954965
Test_304,0.9191672018678962,0.03288546558575857,0.013070982782925155,0.03487634976341997
Test_305,0.7679981974164714,0.0986953269517596,0.013652239355570993,0.11965423627619808
Test_306,0.033080209208973976,0.05537721392002542,0.41087467591554583,0.5006679009554545
Test_307,0.5278905618787321,0.013465982007011627,0.2577677222748565,0.20087573383939972
Test_308,0.03004436644563641,0.30644937815158596,0.22142954433325807,0.4420767110695196
Test_309,0.006971303710261495,0.052467612561690385,0.7980164473210049,0.14254463640704343
Test_310,0.0008994644277170088,0.33961121956596857,0.6160517342100598,0.04343758179625442
Test_311,0.005840526721947983,0.10774407260594052,0.740911323980679,0.1455040766914327
Test_312,0.0009602728862727306,0.00560731898388389,0.0009170911798073555,0.9925153169500363
Test_313,0.001532307815573997,0.02609189289079084,0.0024439474396205415,0.9699318518540148
Test_314,0.03278534334002935,0.05599068422203732,0.003632525245565042,0.9075914471923678
Test_315,0.002128350992363205,0.0069518461790433585,0.00032667254357010534,0.990593130285023
Test_316,0.8584818518262075,0.009128269249214414,0.08607866272744316,0.046311216197134665
Test_317,0.00647955412976356,0.01298564321201718,0.9726701252643141,0.00786467739390551
Test_318,0.19161437772900977,0.06369829184094118,0.10171298967509232,0.6429743407549571
Test_319,8.2311782673083e-05,0.006670754071318545,0.9897566371083241,0.0034902970376841807
Test_320,0.17519360948034246,0.09564302265109416,0.16849583965208084,0.5606675282164826
Test_321,0.8736253741222028,0.07528630702933269,0.019661591724105865,0.03142672712435911
Test_322,0.5052666834755583,0.058509597283864165,0.31963858396783035,0.11658513527274725
Test_323,0.05877512974133325,0.013583271802457674,0.8651905257727139,0.06245107268349535
Test_324,5.30327577715604e-05,0.006913890840857364,0.9926827123284276,0.00035036407294326344
Test_325,0.03973521787007319,0.05340874577257887,0.007842202121286085,0.8990138342360616
Test_326,2.3083836832739797e-05,0.0020521093712538413,0.9972160255087386,0.0007087812831747849
Test_327,0.00977707604994051,0.0063328852053489825,0.004753421021852393,0.979136617722858
Test_328,0.0056736381688642186,0.007157118591948857,0.9777445546408254,0.009424688598361621
Test_329,0.0021858463566303992,0.009106850115901429,0.9871850052456701,0.0015222982817979535
Test_330,0.002496635407008533,0.0954855694103144,0.8955458318082102,0.0064719633744669295
Test_331,0.23080884519248893,0.3967538987486413,0.09722079815026884,0.27521645790860116
Test_332,0.9049702483722236,0.015026447381324757,0.004440013554931614,0.07556329069152014
Test_333,0.007201113097839894,0.10139577879930435,0.877288527317973,0.014114580784882796
Test_334,0.00012445663583060356,0.014503814139611392,0.984898079408314,0.00047364981624389277
Test_335,0.2311839574499582,0.05232978363460913,0.4085752870431146,0.30791097187231814
Test_336,0.5118048717179658,0.028326819053455188,0.328423156736001,0.13144515249257782
Test_337,0.915099272563653,0.03612525426089293,0.024582046823998692,0.024193426351455417
Test_338,0.9396101227981583,0.004016857258402075,0.0131879570913164,0.04318506285212335
Test_339,0.06177258472623845,0.15418279156673528,0.7688630291987966,0.015181594508230117
Test_340,0.7810237835363966,0.03673280917279803,0.12624530000794057,0.05599810728286468
Test_341,0.6454726498475527,0.04665893328486585,0.008615997477101959,0.29925241939047953
Test_342,0.9779279517809063,0.004049724225158913,0.014371897358112914,0.0036504266358218
Test_343,0.025150968229600664,0.018052240878113197,0.012348071500297476,0.9444487193919888
Test_344,0.0017964648206226662,0.03440152301430569,0.9600877776207428,0.003714234544328781
Test_345,0.005292125838633865,0.01592333287565895,0.9614924310123971,0.01729211027330992
Test_346,0.004384083640558444,0.04949184222506249,0.9284284191611002,0.017695654973278907
Test_347,0.03569778088963791,0.005951143373477996,0.8156984175816939,0.1426526581551906
Test_348,0.02482613836740848,0.040302125710529775,0.0386723217380064,0.8961994141840554
Test_349,0.013762231848250669,0.12756037034671094,0.6989962908214249,0.15968110698361357
Test_350,0.053869604331153516,0.3690176098497637,0.14884988502413424,0.42826290079494866
Test_351,0.008532890591712219,0.019582571694574443,0.9609172615575403,0.01096727615617262
Test_352,0.36536509499047554,0.03634788500106078,0.04129757766521685,0.5569894423432468
Test_353,0.4680132351411378,0.03404551529496338,0.0176352724339102,0.4803059771299884
Test_354,0.21686087760867276,0.02276198512959177,0.7439783800495838,0.016398757212151463
Test_355,0.910597770111246,0.046502905293750306,0.00377199231582511,0.03912733227917874
Test_356,0.5009034771288327,0.01367728677296388,0.3329173052552743,0.1525019308429291
Test_357,0.9475762992601501,0.005465521178985851,0.03418375918195124,0.01277442037891268
Test_358,0.08732905438116809,0.05574805117562042,0.14734209200974713,0.7095808024334647
Test_359,0.022851120036142862,0.00835834838015082,0.03159686424312394,0.9371936673405823
Test_360,0.008664902625450801,0.015329202180766523,0.003143764380908055,0.9728621308128745
Test_361,0.542514811843025,0.1148555628098557,0.023446288849599192,0.3191833364975201
Test_362,0.4273088857580454,0.01103475363862051,0.37786318562401516,0.1837931749793192
Test_363,0.006165309822760747,0.4223114559194512,0.5371555030816925,0.0343677311760955
Test_364,0.01490289952472481,0.02749994737143737,0.9435342073946271,0.014062945709210658
Test_365,0.17563770789466082,0.009777310401070835,0.7334964325453557,0.08108854915891282
Test_366,0.07038609349356693,0.013988933802279916,0.6752493117235532,0.24037566098059968
Test_367,0.21592881179158066,0.007682471540578268,0.028463709599034107,0.747925007068807
Test_368,0.0893876021671814,0.022190257487364553,0.8408471414421034,0.04757499890335054
Test_369,7.124404294587969e-05,0.004763938877775661,0.00081762463388842,0.99434719244539
Test_370,0.024086693902409986,0.0015152482729059954,0.9686196380414255,0.005778419783258716
Test_371,6.795982165265945e-05,0.005421747389428674,0.9941491786633381,0.0003611141255808114
Test_372,0.005535248430058834,0.03481532966689852,0.0025470443002836396,0.957102377602759
Test_373,0.004679796431236417,0.03646921542784853,0.9489738014078569,0.009877186733058244
Test_374,0.32940687541704783,0.025142189811564426,0.49414968928679026,0.1513012454845974
Test_375,0.009056044875223799,0.022322088340368557,0.0006834440734219432,0.9679384227109856
Test_376,0.8929561898270668,0.02832559266158936,0.007892430156471479,0.07082578735487238
Test_377,0.18390089936003165,0.14863381299488487,0.4838553993523276,0.1836098882927558
Test_378,0.006214765452315603,0.002375450336848985,0.989146044371211,0.002263739839624219
Test_379,0.17988601081763303,0.23998400465979783,0.4334794378589475,0.14665054666362184
Test_380,0.2295532407217097,0.0940144388798377,0.03724540391409386,0.6391869164843587
Test_381,0.3650494451143818,0.09453581847556711,0.006691843593826295,0.5337228928162248
Test_382,0.09676164462309308,0.03964737267121266,0.0116568917041799,0.8519340910015145
Test_383,0.5318258124774148,0.048911507675703146,0.080376933162799,0.3388857466840833
Test_384,0.017877287923802606,0.025945404487488048,0.9372255813451753,0.018951726243533754
Test_385,0.13628594353441714,0.006627234978477471,0.007347531944224816,0.8497392895428805
Test_386,0.027835850255088442,0.01929929300447016,0.8961055815589533,0.056759275181488135
Test_387,0.050665042042918405,0.02766576161343868,0.015891444666502656,0.9057777516771405
Test_388,0.5080867996098049,0.05700576779923885,0.21554385076569624,0.21936358182526
Test_389,0.7864071925456114,0.013858756823178423,0.13626591133906335,0.06346813929214669
Test_390,0.06603230434984933,0.025017021031524127,0.004296217983567911,0.9046544566350586
Test_391,0.007877044725168944,0.029536209455312133,0.949657601062678,0.012929144756841048
Test_392,0.023508229697596545,0.05050267377391082,0.791663760093178,0.13432533643531433
Test_393,0.02684706330353084,0.017256737487630253,0.0016317791706682802,0.9542644200381705
Test_394,0.3961383726176795,0.0026465932622919174,0.017805172201445,0.5834098619185834
Test_395,0.00927553027593572,0.85830433565475,0.11320250863015327,0.019217625439160675
Test_396,0.13041573268826265,0.2522875275043223,0.08869062835109823,0.5286061114563171
Test_397,0.06546309224764622,0.00925003454018497,0.07115684711990923,0.85413002609226
Test_398,0.020556312873667222,0.02349865016520977,0.9045764975042473,0.05136853945687584
Test_399,0.570024548757886,0.02737530034553416,0.015303102461537443,0.38729704843504226
Test_400,0.0025819838283385912,0.02529510001871095,0.9703485603254428,0.0017743558275077362
Test_401,0.0032267194420834374,0.045499646472239856,0.9489606092423084,0.0023130248433686044
Test_402,0.0784628781957234,0.004926787570497536,0.009318746411127716,0.9072915878226514
Test_403,0.011432743840976197,0.009118329078073736,0.9718354319548945,0.007613495126055364
Test_404,0.5794315035092583,0.06567865897765301,0.01767741152568715,0.33721242598740164
Test_405,0.0028215609151941113,0.013332162167454115,0.00021090861772811388,0.983635368299624
Test_406,0.00031658903963169657,0.005601020194266299,0.0030943732809957177,0.9909880174851065
Test_407,0.00245902159476393,0.014526024882703872,0.0006541431402279175,0.9823608103823043
Test_408,0.022965469077428382,0.013642615162279432,0.0036654344366402357,0.9597264813236519
Test_409,0.0020985059870532786,0.3134380684720672,0.23279131060978328,0.4516721149310961
Test_410,0.025037899126832887,0.007901411291046384,0.002360831123169669,0.9646998584589513
Test_411,0.9952215582093515,0.0008335677213009867,0.0019419832760505095,0.002002890793297028
Test_412,0.007350979439299282,0.8756690905879905,0.08320804971122502,0.03377188026148529
Test_413,0.995297006384361,0.00041980931849195947,0.0025342069930428257,0.0017489773041041259
Test_414,0.0029543621318904975,0.019927228366529083,0.9718607645418355,0.005257644959744803
Test_415,0.09431336797430603,0.031216880391729162,0.7805609171488588,0.09390883448510595
Test_416,0.10521534372982455,0.10459046253890811,0.16758358678453666,0.6226106069467306
Test_417,0.034025324772263894,0.02043898205222738,0.9283943924316231,0.017141300743885562
Test_418,0.5906144120720836,0.11833526891203654,0.015159215920955826,0.2758911030949241
Test_419,0.6469861130968315,0.0037064572337783246,0.3371495379341769,0.012157891735213377
Test_420,0.007945182292363313,0.19917871844378743,0.7734925791442298,0.019383520119619805
Test_421,0.005537941654554349,0.0035157149057193147,0.0025121560277207434,0.9884341874120058
Test_422,0.411833937532257,0.016345480151622852,0.060014116980128644,0.511806465335991
Test_423,0.009332824101180175,0.7341206250698955,0.14935939311174828,0.10718715771717598
Test_424,0.0042384924234464385,0.47884651564417985,0.5046800642471605,0.01223492768521293
Test_425,0.49313632834399357,0.03176265632434624,0.11003925995716632,0.365061755374494
Test_426,0.41793490651713194,0.04004505143684062,0.3538009033028066,0.18821913874322083
Test_427,0.006701512685661844,0.018329579738894458,0.0007109800614101647,0.9742579275140333
Test_428,0.00038619612115899614,0.013620356413262733,0.0070567564102741055,0.9789366910553038
Test_429,6.0953567355518256e-05,0.011202493668596651,0.988567499304967,0.00016905345908075858
Test_430,0.04078890882164902,0.10596302466001574,0.8380627901575973,0.015185276360738112
Test_431,0.9360629781102479,0.0028641833131408875,0.01162918623900711,0.04944365233760406
Test_432,0.01745098185366864,0.052399306827392876,0.5904605887336373,0.3396891225853013
Test_433,0.00024536133059050645,0.0036972115792303726,0.0008620095242508962,0.9951954175659281
Test_434,0.03264544022057719,0.044606855855191335,0.143175967632313,0.7795717362919188
Test_435,0.9477246435714226,0.0013232671203142552,0.027188145113318362,0.023763944194944975
Test_436,0.016720980400657587,0.007087220477720412,0.17701981714249687,0.7991719819791251
Test_437,0.003403268138879453,0.004170296303134654,0.9853869144499378,0.00703952110804838
Test_438,0.01284289430049286,0.4233645125564107,0.48145851887819086,0.08233407426490538
Test_439,0.06858552157487796,0.3519637515704531,0.5691533067314009,0.010297420123268083
Test_440,3.719744569128713e-05,0.00659949009883349,0.9926746357750467,0.0006886766804287601
Test_441,0.5739149096032631,0.015218718468222463,0.233534520327058,0.17733185160145676
Test_442,0.046846096052308314,0.04773566117274858,0.855362226145662,0.05005601662928113
Test_443,0.0020028272821762958,0.5415673227329586,0.035351748397040486,0.42107810158782455
Test_444,0.9807809022947651,0.003417678680640221,0.009197641226696,0.006603777797898402
Test_445,0.024395891931530463,0.012738950304930035,0.933231580461559,0.02963357730198032
Test_446,0.08310105446217364,0.031634491377391334,0.5520990646260694,0.33316538953436564
Test_447,0.041758395575529544,0.002350976008665441,0.9403020035678706,0.015588624847934355
