image_id,healthy,multiple_diseases,rust,scab
Test_0,0.012481221609712817,0.08647516351255166,0.7261366881583047,0.17490692671943084
Test_1,0.0017441223708808673,0.07463489350281043,0.9044709027274374,0.01915008139887139
Test_2,0.0597390650435083,0.03661674364427213,0.020415604619558547,0.8832285866926609
Test_3,0.4338106847637946,0.035093062619661365,0.29341894666898005,0.237677305947564
Test_4,0.0005902637455958988,0.014314928141123897,0.9816721238075725,0.003422684305707776
Test_5,0.7588470617215167,0.03188229790437234,0.13711430175079822,0.07215633862331255
Test_6,0.45572390904199406,0.03343627244226386,0.24644766905274973,0.2643921494629923
Test_7,0.08110441312869708,0.02583132791811136,0.0786710706841295,0.814393188269062
Test_8,0.16852235776127583,0.06436327318795752,0.22850195935139136,0.5386124096993753
Test_9,0.16297199622706057,0.03388030406560919,0.7359160668867751,0.06723163282055501
Test_10,0.0020882185628848253,0.03384270935460851,0.957871491565486,0.006197580517020791
Test_11,0.41172225742774776,0.02304543179138017,0.5147291620323629,0.05050314874850932
Test_12,0.058736114343559055,0.016102025601463812,0.004541901562315587,0.9206199584926616
Test_13,0.60287121152318,0.025572700909191743,0.21276164552893798,0.15879444203869034
Test_14,0.007340359346991134,0.02022518930495215,0.964635045183657,0.0077994061643998445
Test_15,0.11966868249671278,0.030545204366814183,0.8072320669874796,0.042554046148993344
Test_16,0.7055008644201325,0.027773426329617802,0.06376797455883909,0.20295773469141046
Test_17,0.0710078675319217,0.09256073657289114,0.12182420853582439,0.7146071873593627
Test_18,0.06726839257696025,0.013234343797726353,0.02059359270803984,0.8989036709172736
Test_19,0.08521100932132217,0.061139781013083816,0.6842569150058226,0.16939229465977135
Test_20,0.07250764840328608,0.04562219489464238,0.08225931208171215,0.7996108446203594
Test_21,0.47809758781359013,0.015053358336765923,0.08246727219195296,0.424381781657691
Test_22,0.014988766713344035,0.06168890666896829,0.9006827914827055,0.022639535134982236
Test_23,0.0018554379570775315,0.007749441767483935,0.002271773526684486,0.988123346748754
Test_24,0.47744352810842555,0.041808188050610526,0.1546168719092586,0.3261314119317055
Test_25,0.2270224639383483,0.03925850300783339,0.05021283113580371,0.6835062019180146
Test_26,0.1520861584972107,0.05436158573811262,0.27516637540055494,0.5183858803641218
Test_27,0.005548895204097056,0.06078968645749738,0.920146168457539,0.013515249880866425
Test_28,0.7862410009787782,0.013527273098920722,0.09572925654560106,0.10450246937670005
Test_29,0.28644216323815375,0.0480053656982485,0.280151332321264,0.38540113874233384
Test_30,0.41256581640002166,0.037801453899594176,0.09852652772261777,0.45110620197776635
Test_31,0.02651521804716709,0.09859777928976919,0.7216647316250896,0.15322227103797414
Test_32,0.5365825691684013,0.04086531146133509,0.20352352065733975,0.21902859871292385
Test_33,0.17485027904440248,0.032445729803714525,0.14353041825354193,0.649173572898341
Test_34,0.2595413889743761,0.04827380234218932,0.2543002519911389,0.4378845566922957
Test_35,0.09113199639438771,0.02604269923266957,0.0613086088141402,0.8215166955588026
Test_36,0.0006079576658155066,0.02083842369690782,0.9753639223790515,0.0031896962582250673
Test_37,0.03057382348871473,0.008305713317551667,0.003213848574177039,0.9579066146195565
Test_38,0.005826662503653306,0.013879737475728085,0.011556234687895944,0.9687373653327226
Test_39,0.14427825320196155,0.05397749613636592,0.44918268409561074,0.35256156656606186
Test_40,0.001346046734259668,0.03633990995707978,0.9504716642466332,0.011842379062027427
Test_41,0.005437214757799836,0.042984225986535625,0.9341685100435284,0.01741004921213613
Test_42,0.015219006375678076,0.02667879092762046,0.03269990714268575,0.9254022955540157
Test_43,0.6888766710447957,0.02527996435658045,0.17894003858048896,0.10690332601813492
Test_44,0.19516145593885886,0.06569348567117819,0.024260395291580993,0.714884663098382
Test_45,0.1960240087256829,0.2921411479715742,0.09659099404587902,0.41524384925686386
Test_46,0.38658352361633025,0.07416782450698274,0.10606465335333781,0.43318399852334916
Test_47,0.0014981816505724023,0.010681380198055245,0.9812077847796701,0.006612653371702296
Test_48,0.10997634977405343,0.059255039724562794,0.5964358188171214,0.2343327916842624
Test_49,0.13040146050223106,0.042116216046592096,0.6817784760600187,0.14570384739115805
Test_50,0.0004919749822077297,0.04158821970962536,0.9494650208787282,0.008454784429438686
Test_51,0.007542049872966058,0.07532460526005767,0.8394347193704559,0.07769862549652048
Test_52,0.01344951406348651,0.10019908665419319,0.8311562987289955,0.055195100553324654
Test_53,0.15050123698255627,0.023430458930942897,0.7275214521635375,0.09854685192296328
Test_54,0.010553820537758322,0.30695448348314647,0.5706424814126358,0.11184921456645937
Test_55,0.03493340367965125,0.07774259205384619,0.6863193625918026,0.20100464167470006
Test_56,0.22109038168468398,0.19941285808795547,0.13085716641551337,0.4486395938118471
Test_57,0.17748578365953882,0.0720589304707994,0.5867987894127428,0.16365649645691896
Test_58,0.0031591230738488084,0.005384620568161212,0.0024939783170098884,0.9889622780409801
Test_59,0.10895860940659188,0.0561554663677644,0.6612613141583616,0.17362461006728197
Test_60,0.00248015687938413,0.1179609298806619,0.05631049973110455,0.8232484135088495
Test_61,0.575813058620182,0.04438388065129585,0.12922698785167044,0.25057607287685185
Test_62,0.47916197224782653,0.0386633082908332,0.26295619315255875,0.2192185263087815
Test_63,0.03774943105461853,0.06940972456297796,0.18797029072610624,0.7048705536562971
Test_64,0.6854728922934052,0.030718331638793298,0.16723368809299932,0.11657508797480205
Test_65,0.030169821017290963,0.10647068403260718,0.6662163907170475,0.19714310423305434
Test_66,0.5802159227329324,0.04970001777679863,0.23510778838036653,0.13497627110990243
Test_67,0.015268888482201032,0.08368446738048144,0.7630465272392866,0.13800011689803102
Test_68,0.0536941189192914,0.048235650231591536,0.05787212621428235,0.8401981046348348
Test_69,0.005977625366914012,0.014861932396602304,0.9628729697401749,0.016287472496308773
Test_70,0.08382026630788031,0.050984324747285585,0.17931007166609012,0.685885337278744
Test_71,0.10149649943725068,0.016417101392372832,0.8531712657988858,0.028915133371490688
Test_72,0.2696368268837869,0.04655533664382627,0.027386020644550473,0.6564218158278364
Test_73,0.6549962066525489,0.008154116893673468,0.3013935564837135,0.035456119970064065
Test_74,0.315822924175785,0.0599452078804118,0.2923707315707909,0.3318611363730122
Test_75,0.09971488361282177,0.053189114660503814,0.29750488181729595,0.5495911199093784
Test_76,0.7402966133533091,0.007140946765847679,0.0697819827536531,0.18278045712719024
Test_77,0.11628524534255294,0.04837655947426769,0.7278916515407005,0.1074465436424789
Test_78,0.028705792634314175,0.15417420667420184,0.19763043175662498,0.6194895689348591
Test_79,0.32509802268180704,0.04475278612114256,0.24194807531271673,0.38820111588433365
Test_80,0.042234252663784576,0.16111715919263,0.32893745991357876,0.46771112823000666
Test_81,9.684329880323635e-05,0.06090727994128766,0.9355615317132554,0.003434345046653811
Test_82,0.047729819562178616,0.09085972003920616,0.6267791567798262,0.23463130361878906
Test_83,0.001992267563781992,0.13466460667675767,0.8136665197737675,0.049676605985693
Test_84,0.14163594245483607,0.034943913343243524,0.05629450377194073,0.7671256404299797
Test_85,0.3817505564224522,0.034334841242061195,0.2997642808630143,0.2841503214724722
Test_86,0.19837357336651615,0.1357128013583171,0.39043992444716946,0.2754737008279972
Test_87,0.4906874064711927,0.04058255473730835,0.16411496690323035,0.3046150718882684
Test_88,0.20084047537253397,0.05211356281829007,0.2924711757650035,0.4545747860441724
Test_89,0.5415039109659174,0.03080285112149283,0.2931213854090069,0.13457185250358294
Test_90,0.009258959610239089,0.01879857971969527,0.9596663867473714,0.012276073922694135
Test_91,0.27816642302491595,0.07892636332884141,0.39809216673515785,0.24481504691108485
Test_92,0.7845535584801445,0.005166959964119263,0.08344504209478541,0.1268344394609508
Test_93,0.0010853368506723736,0.03456654639403384,0.9602441279522055,0.004103988803088115
Test_94,0.015034995386483545,0.008534037804348072,0.006556001677318534,0.9698749651318498
Test_95,0.2234990016777482,0.09196933307818873,0.4887228974305808,0.1958087678134824
Test_96,0.20574559035469508,0.03183247498981582,0.1704923059826313,0.5919296286728578
Test_97,0.4625173140352872,0.05241485485612978,0.16817904912976928,0.31688878197881387
Test_98,0.056632664729132184,0.04624834439747339,0.04182265837128512,0.8552963325021093
Test_99,0.2119314975603203,0.11391891357965711,0.2698435658824838,0.4043060229775388
Test_100,0.008367289642756345,0.08835665666416069,0.0239510633423208,0.8793249903507622
Test_101,0.64887903167633,0.040498779050293476,0.1315918134003407,0.17903037587303577
Test_102,0.05207194534739418,0.03266140295297975,0.03420884123962658,0.8810578104599995
Test_103,0.266319148920183,0.051037167052056465,0.5702599230965741,0.11238376093118638
Test_104,0.07932021453657571,0.06325526018151911,0.09557084230851538,0.7618536829733897
Test_105,0.20614624714978302,0.03135803879607882,0.15251134253780912,0.6099843715163291
Test_106,0.6485812501339159,0.02725087698161166,0.21866328570426824,0.10550458718020427
Test_107,0.024671574633045833,0.0426389219672659,0.8650369238656535,0.0676525795340348
Test_108,0.008551648245130817,0.014810390607483537,0.006348578952820404,0.9702893821945653
Test_109,0.130439560590152,0.05523321910823036,0.13651564917181297,0.6778115711298047
Test_110,0.07048242345240513,0.023066104413082992,0.029197384903745023,0.8772540872307668
Test_111,0.3593777268961132,0.03386973191903655,0.2549067779230284,0.35184576326182176
Test_112,0.03700954515956669,0.10159653515033944,0.6773469494412594,0.1840469702488345
Test_113,0.28719359852592113,0.04217439579290392,0.2905341463756624,0.38009785930551254
Test_114,0.04823434759019452,0.15827400564694116,0.5976795789774119,0.19581206778545254
Test_115,0.01169532669192233,0.029458278339706993,0.9158399475830749,0.04300644738529599
Test_116,0.02742034447949387,0.047593578184590736,0.892955581313982,0.03203049602193342
Test_117,0.012605435447862062,0.06201643669089111,0.8547408705809851,0.07063725728026157
Test_118,0.0716929737259485,0.049359352847753044,0.7567388454259226,0.1222088280003757
Test_119,0.3503387417726095,0.03403039810053774,0.5233847386868851,0.09224612143996773
Test_120,0.006569783792940635,0.03209166307531651,0.9379532966379694,0.023385256493773335
Test_121,0.05637296061202318,0.08932440828835214,0.7721520158941688,0.08215061520545576
Test_122,0.08646589726341611,0.057226651391657515,0.66211337353783,0.1941940778070963
Test_123,0.01136324913065535,0.09727772213537413,0.8539623436222743,0.0373966851116961
Test_124,0.002155123450170971,0.009665009458725834,0.0023232835927678897,0.9858565834983353
Test_125,0.15552194217555376,0.13491307820347628,0.3678589332242298,0.34170604639674007
Test_126,0.8167908283583107,0.016720259639211883,0.14105204623597675,0.025436865766500626
Test_127,0.6384019833462394,0.017304837830684514,0.0637397264351329,0.28055345238794316
Test_128,0.02945388959968798,0.12065253891492805,0.4612364029863251,0.3886571684990589
Test_129,0.32040197323741576,0.10152924819111549,0.3557945479427539,0.2222742306287148
Test_130,0.15495340045464803,0.04060135237924274,0.05215101485820579,0.7522942323079034
Test_131,0.0043856447943861265,0.011882287402696357,0.008354760832947077,0.9753773069699704
Test_132,0.8648727904803692,0.01726402204757807,0.07517865038231315,0.04268453708973963
Test_133,0.004196158967835435,0.011449330652517797,0.0015097546845976714,0.982844755695049
Test_134,0.3736316037243121,0.029147556766010486,0.27960514701080225,0.3176156924988752
Test_135,0.08220333489829727,0.07003844713476005,0.1478810732237258,0.6998771447432168
Test_136,0.0040187153568716424,0.008492736891051386,0.017310988826252954,0.9701775589258239
Test_137,0.0009175074503391039,0.027205712834857596,0.9667655703803126,0.005111209334490757
Test_138,0.0005771100622172288,0.005499669406143129,0.9928106478232887,0.0011125727083509498
Test_139,0.6443671286362981,0.01933783580965293,0.23361119470059896,0.10268384085344999
Test_140,0.2878640241982556,0.03660322680832752,0.3802607084656962,0.29527204052772055
Test_141,0.12309649179917725,0.026994365119042896,0.07866030434041,0.7712488387413698
Test_142,0.032479077723420624,0.1977017785966488,0.2535362473368022,0.5162828963431284
Test_143,0.045764158876143886,0.020010035512401318,0.031674564785467325,0.9025512408259874
Test_144,0.6170939032615489,0.029936630166914547,0.11521916555462827,0.23775030101690833
Test_145,0.19118961942474286,0.05444920275383906,0.31036583585175453,0.44399534196966356
Test_146,0.10198878344823771,0.028585059482669112,0.8214138755131879,0.04801228155590527
Test_147,0.00983660577335165,0.09038813478489856,0.8347625182603516,0.06501274118139813
Test_148,0.7464477869910261,0.06622445230228102,0.05874751825463942,0.12858024245205346
Test_149,0.180464120104139,0.04183717673028877,0.6772308625212444,0.10046784064432773
Test_150,0.16070933936479234,0.09653232952461106,0.5654494098708912,0.17730892123970535
Test_151,0.009175419771591961,0.013822007160624162,0.968539794011814,0.008462779055969647
Test_152,0.029238033951826885,0.08507998749492064,0.7369263559971464,0.14875562255610608
Test_153,0.2290639596757155,0.03633452522293573,0.04173427083396242,0.6928672442673863
Test_154,0.03780232124628653,0.10583575773226178,0.6924145875868396,0.16394733343461207
Test_155,0.03086094588831179,0.07030068105156313,0.7679289533079228,0.1309094197522021
Test_156,0.14451232249883117,0.037988146098983315,0.0967872523125211,0.7207122790896644
Test_157,0.12826985240846403,0.04978718837675361,0.4330191584638092,0.3889238007509731
Test_158,0.04878238316839935,0.022892527059720336,0.045903816490914476,0.8824212732809659
Test_159,0.22713790138626852,0.05141366648176324,0.43777826763903793,0.2836701644929303
Test_160,0.5078442960083692,0.04407026765061761,0.2781210315773352,0.16996440476367805
Test_161,0.06282409380017653,0.05682146803075119,0.7059671270573697,0.17438731111170255
Test_162,0.059642481652487936,0.02207308796695877,0.8837978068213881,0.03448662355916518
Test_163,0.0060910918901962855,0.2059346269236671,0.7284981985928555,0.059476082593281104
Test_164,0.5071262591256693,0.13503323889346017,0.04346831794928949,0.31437218403158107
Test_165,0.005655637873120881,0.06794119914659885,0.22671379020670598,0.6996893727735743
Test_166,0.4219910068168634,0.03232441922991005,0.351888613559265,0.1937959603939614
Test_167,0.05445902480669037,0.0400951958075483,0.8358993263798975,0.06954645300586376
Test_168,0.009843067609604586,0.08842617348388322,0.8239005604230866,0.07783019848342561
Test_169,0.14716382213369697,0.045456415097101015,0.6053272146957918,0.2020525480734102
Test_170,0.3946331643621084,0.039897577549533325,0.3151063441199598,0.25036291396839844
Test_171,0.010947688853702526,0.04941468268169562,0.8735869936208916,0.0660506348437102
Test_172,0.044016258160287036,0.1760557522436707,0.64484451865708,0.13508347093896222
Test_173,0.010957641062839836,0.011992442846344358,0.970721601398208,0.006328314692607629
Test_174,0.14979778689847856,0.017494776682473095,0.02937335730842608,0.8033340791106223
Test_175,0.5666959670432666,0.07902313983127243,0.1615351994228954,0.19274569370256556
Test_176,0.0011441679466824655,0.0522524902257861,0.9409643642112768,0.005638977616254714
Test_177,0.10956205148091809,0.017912812526730597,0.03771421488542946,0.8348109211069219
Test_178,0.008006041647417349,0.003791613362955562,0.0015146525438159404,0.9866876924458112
Test_179,0.02324077768875632,0.05901680708235521,0.8493889549102085,0.06835346031867996
Test_180,0.06329239943640681,0.18389298517322739,0.48033867724384177,0.27247593814652415
Test_181,0.12420786341457384,0.006879798510582077,0.006356185271061244,0.8625561528037828
Test_182,0.16600551683970555,0.041806809660573915,0.6163848576088136,0.1758028158909071
Test_183,0.5517426405422364,0.013003172920821413,0.3236761094495506,0.11157807708739165
Test_184,0.22906962243563334,0.03518365257544587,0.2689231943158786,0.46682353067304216
Test_185,0.29097963733439697,0.0401044999836259,0.24332125882434408,0.4255946038576329
Test_186,0.40068719975577166,0.06928962964412838,0.2032521811644064,0.32677098943569366
Test_187,0.009878721962327131,0.02369694781294239,0.9576489513918831,0.008775378832847465
Test_188,0.3530038133544899,0.030259780196512695,0.43163447555718903,0.18510193089180838
Test_189,0.4089134687080378,0.10954745351510667,0.1810239462375873,0.3005151315392683
Test_190,0.24557697436089013,0.05549463819601452,0.36974073788271306,0.3291876495603824
Test_191,0.040942685082107313,0.06378822565551645,0.5700038628501656,0.3252652264122106
Test_192,0.7000904415377891,0.04544188867291897,0.16662945693246192,0.0878382128568301
Test_193,0.027232258234998672,0.022338200001825483,0.9275278289879871,0.022901712775188692
Test_194,0.003968997433740358,0.062426100970520884,0.9156298555035683,0.017975046092170422
Test_195,0.6262920955516306,0.07955807511410563,0.13669479757704198,0.15745503175722186
Test_196,0.19335513762036022,0.04292598387991888,0.16080377339484517,0.6029151051048758
Test_197,0.007931158953606963,0.057541811612316876,0.8994438754583731,0.03508315397570296
Test_198,0.1317421981741512,0.05970583291286225,0.10534194234600762,0.703210026566979
Test_199,0.13061994043831085,0.038486710384023445,0.24879315668437546,0.5821001924932904
Test_200,0.013663802614621247,0.04517610279716637,0.9066544579793924,0.03450563660882018
Test_201,0.18707107871735434,0.07436612369684668,0.2564143720863018,0.48214842549949716
Test_202,0.013680854485104602,0.0765135259282744,0.5798973641509443,0.32990825543567665
Test_203,0.025494947048896367,0.10326577524750168,0.7511430994113241,0.12009617829227794
Test_204,0.24401770293637978,0.0436801293901621,0.08733061914067267,0.6249715485327856
Test_205,0.144595776612936,0.016017255063128736,0.03249702165515386,0.8068899466687813
Test_206,0.0010759513359635277,0.0028159351327999103,0.0005222306212270882,0.9955858829100094
Test_207,0.0736159956720314,0.05931656205884371,0.571880144513387,0.2951872977557379
Test_208,0.30533160537286386,0.03790806069773707,0.26342288397149677,0.3933374499579024
Test_209,0.009582620577832974,0.18180249422775943,0.6533118909912344,0.1553029942031731
Test_210,0.023084240096664994,0.03775884119362424,0.3803733548455126,0.5587835638641981
Test_211,0.030108036945416496,0.11141940736320262,0.08765012884358872,0.7708224268477922
Test_212,0.02587507465182605,0.028369784669808256,0.9396330110221438,0.0061221296562217935
Test_213,0.04020504362356879,0.19757088727477506,0.12446422042217134,0.6377598486794849
Test_214,0.06092542974441886,0.0559955317021356,0.6736712917066824,0.20940774684676317
Test_215,0.6044744788904948,0.08737342434609527,0.07008802778643854,0.23806406897697135
Test_216,0.4546806766057462,0.029062474537988284,0.3622301679357428,0.15402668092052277
Test_217,0.18810094963241494,0.06248132436646169,0.17207529510509298,0.5773424308960304
Test_218,0.8608831156639508,0.028845508486145952,0.03503364225174025,0.07523773359816288
Test_219,0.3169264855904624,0.012563903745806286,0.6173542057609657,0.053155404902765685
Test_220,0.002034023118824988,0.035874592276662336,0.007650769737846342,0.9544406148666663
Test_221,0.3242980889745843,0.035362084163278865,0.3527218843289078,0.28761794253322914
Test_222,0.20297528783770424,0.03818572187649733,0.5059199139557249,0.25291907633007354
Test_223,0.04125039880073687,0.08354379592142656,0.7292976659422106,0.14590813933562596
Test_224,0.39292132470490054,0.03284486376723055,0.2861514307318051,0.28808238079606396
Test_225,0.5714640288911628,0.03187166440645182,0.3553484929933967,0.04131581370898867
Test_226,0.05204468528169499,0.11670190936395933,0.6490817984734782,0.18217160688086736
Test_227,0.0912131109725167,0.019677337415505716,0.035168355609228555,0.8539411960027491
Test_228,0.25895741623302143,0.03770486721537381,0.4631688896355473,0.2401688269160576
Test_229,0.05540912598855487,0.07202757258988803,0.7146993176717902,0.15786398374976687
Test_230,0.042419831715849315,0.021715909894384447,0.008328107444157457,0.9275361509456088
Test_231,0.00928138959731709,0.011416867878887372,0.010823990201178932,0.9684777523226166
Test_232,0.24246696542348695,0.04411224556708936,0.5496862431722788,0.16373454583714483
Test_233,0.5633305188413783,0.008297837337286316,0.042018657544069034,0.3863529862772663
Test_234,0.16474593180209293,0.04467450910821569,0.028622239790498008,0.7619573192991934
Test_235,0.032919018366477024,0.04094030281784362,0.038295688222753504,0.8878449905929259
Test_236,0.15973163096390758,0.0834237456538137,0.5299371159559106,0.22690750742636812
Test_237,0.21036544599405146,0.05696997116041769,0.2763959903385381,0.45626859250699275
Test_238,0.006540941088138842,0.09930647613699027,0.8750119443523909,0.019140638422480104
Test_239,0.14208470430187564,0.04280765266884386,0.7439488862795218,0.07115875674975873
Test_240,0.0016202309702848753,0.10847683220810027,0.8854254448328814,0.004477491988733365
Test_241,0.11408919749149425,0.08159051310152401,0.4583165617637751,0.34600372764320664
Test_242,0.2729396363469978,0.04918892457781333,0.2464555917187888,0.4314158473564001
Test_243,0.614315181326141,0.022560098921579837,0.2060133557162888,0.15711136403599027
Test_244,0.1961848630426164,0.3079639740304732,0.20604295318208235,0.28980820974482796
Test_245,0.08226529214496216,0.24638420850392273,0.4387158292805946,0.23263467007052055
Test_246,0.005561420731160846,0.015733308641949124,0.003950422358213507,0.9747548482686765
Test_247,0.0019251604363147367,0.006411971233893689,0.004473450843098921,0.9871894174866928
Test_248,0.2571022163054519,0.08041822756341525,0.16813737772629236,0.49434217840484046
Test_249,0.03924094821816007,0.07113883523057689,0.14565973939583943,0.7439604771554236
Test_250,0.7786043916677332,0.025587691195540455,0.09685915888852765,0.09894875824819867
Test_251,0.23775232400134094,0.0368179439386452,0.02372039240165339,0.7017093396583605
Test_252,0.09311621188563438,0.07931731214071663,0.6130203824036765,0.21454609356997242
Test_253,0.012707485926992813,0.08612148884566684,0.053870615500717624,0.8473004097266227
Test_254,0.03190158298404979,0.03643130711261656,0.0018434171061283997,0.9298236927972052
Test_255,0.16957818666687516,0.03710475210745946,0.1291712402184597,0.6641458210072057
Test_256,0.0012450823303100588,0.011800147589278345,0.008704031770088182,0.9782507383103234
Test_257,0.008076381146181984,0.027504911235541555,0.9480911878507524,0.016327519767524012
Test_258,0.0009061712631428465,0.25951621688475635,0.496145432793257,0.24343217905884376
Test_259,0.2545080307275544,0.042725767185984705,0.5976313932004146,0.10513480888604618
Test_260,0.08306803994091058,0.009891816718992611,0.02983874664898126,0.8772013966911155
Test_261,0.0004785767463632364,0.0069419615769861385,0.9882646736268784,0.004314788049772194
Test_262,0.026685905741561218,0.10527844206594508,0.8170498371488784,0.05098581504361542
Test_263,0.3907435838938088,0.04319700002222585,0.193576605291514,0.37248281079245127
Test_264,0.3781875471136956,0.03876431403229381,0.31296979222380716,0.2700783466302034
Test_265,0.19415752165360942,0.08705932764590144,0.5276605798807366,0.19112257081975248
Test_266,0.00128197858252821,0.0023215702147651846,0.0005750349933455996,0.995821416209361
Test_267,0.853781520128797,0.005255034942797267,0.11219068836121542,0.02877275656719024
Test_268,0.0018447554047533094,0.21450759559729504,0.7662762215589058,0.01737142743904571
Test_269,0.28843396078176065,0.06827719193660625,0.19663481832992946,0.44665402895170364
Test_270,0.1716333505476952,0.032433253203838046,0.147792614413672,0.6481407818347947
Test_271,0.05884416184204352,0.065998804793,0.12485167411708663,0.7503053592478698
Test_272,0.02086288795792376,0.11654845743425062,0.7328470081298996,0.12974164647792602
Test_273,0.19543713243956592,0.11754599931545065,0.235988200032741,0.4510286682122424
Test_274,0.257969301857666,0.03391254148232141,0.5372682146930693,0.1708499419669432
Test_275,0.12847734763404,0.06932583455184008,0.5294176189758787,0.2727791988382412
Test_276,0.021973508323813194,0.09210747829938896,0.28051577015056584,0.605403243226232
Test_277,0.29565835195597556,0.05675090635335776,0.24789918450875834,0.3996915571819083
Test_278,0.008058901584251132,0.0801308180238562,0.1341830681848661,0.7776272122070265
Test_279,0.00901567456289676,0.017084958239719842,0.9677566966271779,0.006142670570205533
Test_280,0.00014835013964737252,0.0013541951926286588,0.00037292254188425446,0.9981245321258396
Test_281,0.050967693763673584,0.043666253926520036,0.06503162730571795,0.8403344250040884
Test_282,0.0435448377932738,0.3553733284009992,0.24358625722708135,0.35749557657864556
Test_283,0.08383506530236044,0.14076963854761204,0.5642596117145334,0.21113568443549421
Test_284,0.01797292457524127,0.15225196101713018,0.7851903135149606,0.044584800892668155
Test_285,0.11785584287822472,0.1631667954440785,0.22593277092462405,0.4930445907530728
Test_286,0.37900299340997096,0.022294914686319275,0.1262031700473591,0.47249892185635084
Test_287,0.2957924412256492,0.029879584177423302,0.2124126008873517,0.46191537370957575
Test_288,0.0013985468314945554,0.004549252915502748,0.0005177134633858019,0.993534486789617
Test_289,0.0021734935606452055,0.0025104691552821717,0.0008744281864359089,0.9944416090976368
Test_290,0.0398249527068574,0.08455969654782905,0.7302003336606906,0.14541501708462296
Test_291,0.13536764106364463,0.03638209062129286,0.7511415754733253,0.07710869284173726
Test_292,0.6330550582077039,0.015331835108255304,0.25220967374535336,0.09940343293868752
Test_293,0.011684989208863131,0.1403757053119334,0.8220338871810627,0.025905418298140522
Test_294,0.01115031502197526,0.07030525404929584,0.8710138309861979,0.04753059994253105
Test_295,0.24632277979298786,0.0480623499271784,0.42981035866765716,0.2758045116121767
Test_296,0.3495169202589908,0.0421503295478307,0.3041223967196368,0.3042103534735417
Test_297,0.05900891864015661,0.053681136569109715,0.12596909196853934,0.7613408528221943
Test_298,0.019034974728726634,0.12332054041321182,0.5943863720035597,0.263258112854502
Test_299,0.1284010411985158,0.05136105643351689,0.21084580111098974,0.6093921012569776
Test_300,0.448436693353479,0.024812359332463115,0.1937021996271245,0.33304874768693343
Test_301,0.6030740283768045,0.01736009371093548,0.16902213832668078,0.21054373958557945
Test_302,0.014128272397255181,0.5300314687260839,0.15736684302733453,0.2984734158493263
Test_303,0.7245928946632378,0.02725525860494268,0.06704700140011839,0.18110484533170101
Test_304,0.5118131955875037,0.04864378832309235,0.20121587359808008,0.23832714249132397
Test_305,0.6044715603097892,0.034969157603292444,0.029088379671251836,0.33147090241566646
Test_306,0.18169225782551454,0.04930194236200545,0.3838175259561644,0.38518827385631554
Test_307,0.40805253651916096,0.03585735937710763,0.32382232869044214,0.23226777541328916
Test_308,0.029571582788593908,0.08828500817213351,0.4900959714119265,0.3920474376273461
Test_309,0.027952569165553387,0.09620549422552006,0.4334949019376012,0.4423470346713253
Test_310,0.019774093889221116,0.14592759243876707,0.6467721908535976,0.18752612281841413
Test_311,0.10336741674692908,0.07840003553936668,0.5631696905494218,0.2550628571642824
Test_312,0.0015703390019599006,0.0018497596759045121,0.0009997811419520154,0.9955801201801836
Test_313,0.000987414226695535,0.004050688009795522,0.0027596760883191163,0.9922022216751899
Test_314,0.14481302192332815,0.060454833226786894,0.20978922035133404,0.5849429244985509
Test_315,0.0004892938509545755,0.0010321196267183512,0.0002338038976377965,0.9982447826246893
Test_316,0.555520906553472,0.026493836517554884,0.27149730635041597,0.14648795057855726
Test_317,0.038315687540852475,0.05673695597333004,0.7492644112718659,0.15568294521395154
Test_318,0.33016079309923874,0.040895377547090696,0.2862572492251666,0.342686580128504
Test_319,0.00041331863271228255,0.019378885344258693,0.9743063543038222,0.0059014417192068255
Test_320,0.11629526087166711,0.07072404844210417,0.7352524208045007,0.07772826988172785
Test_321,0.7238136814748402,0.05506464402353769,0.15481849035464587,0.06630318414697628
Test_322,0.13817552566816702,0.10394255345788316,0.3226265592970356,0.4352553615769142
Test_323,0.15406520121087003,0.05923194936447603,0.563670525984514,0.22303232344013998
Test_324,0.03909486031881126,0.04392364105140217,0.8695187963768409,0.04746270225294557
Test_325,0.018018731740015295,0.03545558318986707,0.010069728667997546,0.93645595640212
Test_326,0.008403740059419974,0.03882894332895517,0.9116866705573675,0.04108064605425734
Test_327,0.056876182286856744,0.01645996828331603,0.0247282120575418,0.9019356373722854
Test_328,0.016925563116521505,0.05045234402570383,0.8967466978101994,0.03587539504757519
Test_329,0.012498711954226447,0.06558808814972643,0.9128528301920087,0.009060369704038368
Test_330,0.00019990651570562978,0.08239511297668978,0.9138324202320052,0.0035725602755995087
Test_331,0.28045501513195614,0.06581192303942594,0.2444641770508996,0.4092688847777182
Test_332,0.8744193594541173,0.0200452847710266,0.0390556857232911,0.06647967005156491
Test_333,0.0221614161388573,0.11638629033045579,0.8092008750475355,0.05225141848315153
Test_334,0.0008213368294022672,0.01084460414819872,0.9864403265350249,0.0018937324873740155
Test_335,0.31431897797548614,0.06361434719324699,0.39343582431296586,0.22863085051830104
Test_336,0.06906762804903072,0.030695002115571354,0.7880193411207859,0.11221802871461195
Test_337,0.8053435400948117,0.042918218789854086,0.038645283456574184,0.11309295765876003
Test_338,0.5458117898147159,0.025091393018998993,0.221146895545377,0.207949921620908
Test_339,0.03712473971623086,0.233975366934812,0.6700447769215502,0.05885511642740702
Test_340,0.2634381885135685,0.046547450360430606,0.28700819681378476,0.40300616431221625
Test_341,0.3587869486474953,0.07392144281468739,0.019075148321728415,0.5482164602160889
Test_342,0.8976978138330849,0.007156869974454066,0.0893003333456549,0.0058449828468060995
Test_343,0.23204958866152928,0.03773051044778495,0.23212423509987568,0.4980956657908101
Test_344,0.004371920063537668,0.02112329027405521,0.9644234575261904,0.010081332136216873
Test_345,0.03191068038728513,0.05733049120281972,0.8172398770942608,0.09351895131563433
Test_346,0.016176237383300058,0.05393146861332174,0.8848916724209871,0.045000621582391084
Test_347,0.2372276145410081,0.04088073822878311,0.4158832793159441,0.30600836791426456
Test_348,0.0755630858099897,0.025270485743000497,0.08738052516700835,0.8117859032800016
Test_349,0.04665719939173814,0.1736008662199652,0.15876577591535243,0.6209761584729443
Test_350,0.009273344231723707,0.05773567072243071,0.06001309704571365,0.872977888000132
Test_351,0.01596019490749244,0.06672518184972487,0.8737512731264486,0.043563350116333964
Test_352,0.2409767700398511,0.037238630468621636,0.2179609920683915,0.5038236074231357
Test_353,0.35820717417771997,0.044383803801490665,0.12648120808259183,0.47092781393819755
Test_354,0.3008100592207982,0.04702992911540064,0.45462253820466614,0.19753747345913505
Test_355,0.6699733956550632,0.05870767783595989,0.03852730927426995,0.23279161723470684
Test_356,0.322291762658363,0.04676035023651187,0.26624566620709667,0.36470222089802845
Test_357,0.7494138136600065,0.014041248106861278,0.1954539637010065,0.04109097453212578
Test_358,0.07656229547964379,0.08690184967847442,0.5146055369815817,0.3219303178603
Test_359,0.12524805271995598,0.039913653049763534,0.15077314872357053,0.6840651455067099
Test_360,0.020978530097164237,0.04587821833577086,0.03289226277299924,0.9002509887940657
Test_361,0.8295715074241364,0.021526312772422014,0.04172976634089958,0.10717241346254207
Test_362,0.3306553827196643,0.03681487845642763,0.3002691516166957,0.33226058720721235
Test_363,0.009605669321231228,0.07564524608206395,0.860265887390405,0.05448319720629985
Test_364,0.024207670361132305,0.021386904031530818,0.9377799895614894,0.016625436045847375
Test_365,0.11844993721956776,0.051555703506210235,0.7504340353331762,0.07956032394104579
Test_366,0.10312750251493914,0.05660904576066074,0.6054328182597131,0.23483063346468702
Test_367,0.05497750884263624,0.01387247496566727,0.019441708310411986,0.9117083078812845
Test_368,0.36127753914867816,0.04237049880962309,0.3748546947705396,0.22149726727115918
Test_369,0.0036095606623006557,0.004459506674825797,0.006959200674081683,0.9849717319887918
Test_370,0.07762750833724333,0.04715822031306732,0.7313012256775098,0.14391304567217952
Test_371,5.250858602763231e-05,0.008136525289171066,0.9916845574070452,0.00012640871775607552
Test_372,0.010918588595631454,0.015023705747385062,0.010574305648370953,0.9634834000086125
Test_373,0.01478695866109312,0.05927399837621768,0.8841737153686325,0.041765327594056496
Test_374,0.2248243583387413,0.03932803743484378,0.6004815934226778,0.13536601080373709
Test_375,0.018718813055932426,0.01718971949229289,0.003311656407929013,0.9607798110438457
Test_376,0.6655628768389059,0.03611588189258845,0.15444657326807754,0.14387466800042817
Test_377,0.27759139184886644,0.034955796529793116,0.5423963651495509,0.14505644647178945
Test_378,0.013725571549931625,0.04138920085210182,0.9286950325813706,0.016190195016595833
Test_379,0.16435384935846362,0.0778148253939726,0.45790420105160246,0.29992712419596135
Test_380,0.17962303504220728,0.11166266829389543,0.11054663522755738,0.5981676614363399
Test_381,0.329475956372299,0.10220034375221514,0.0734405763637815,0.4948831235117044
Test_382,0.2103957461265401,0.048633212522168984,0.13869877984717402,0.6022722615041168
Test_383,0.4162954564537679,0.03555564204967846,0.26646708852926193,0.2816818129672916
Test_384,0.13151310204035777,0.04785694486851463,0.7480395696102549,0.07259038348087257
Test_385,0.09729667163901183,0.026993128079838263,0.03295774511031634,0.8427524551708335
Test_386,0.021432240518482214,0.11386226452476277,0.6835244216505723,0.18118107330618272
Test_387,0.10956409475897742,0.09618000875074376,0.043290702427471205,0.7509651940628077
Test_388,0.2904726382008952,0.05135393731322925,0.33921323839137124,0.3189601860945042
Test_389,0.4756037120621929,0.0250045178875846,0.36628813050850745,0.1331036395417151
Test_390,0.2727606398510282,0.035734692207971853,0.1700554348517585,0.5214492330892414
Test_391,0.025501782870854885,0.07387622949920786,0.8133884504884151,0.08723353714152203
Test_392,0.008835830131437898,0.06476922944363031,0.6671679579963007,0.25922698242863107
Test_393,0.056822121175824206,0.00761958519325948,0.005342956028220517,0.9302153376026957
Test_394,0.49531589744857424,0.021059840354005176,0.11929613341374037,0.3643281287836803
Test_395,0.021221092648084434,0.15717735991242415,0.7886576017330911,0.03294394570640042
Test_396,0.15750699391481096,0.04738494372578285,0.265557621173396,0.5295504411860102
Test_397,0.16462143031204401,0.03758118499245222,0.13150955306240827,0.6662878316330956
Test_398,0.028474981499520553,0.1457029036809832,0.5645380677912063,0.26128404702828983
Test_399,0.44622930566373464,0.036501504552818614,0.12837357784252476,0.388895611940922
Test_400,0.0001537667041297411,0.007658697671889524,0.991124943917636,0.0010625917063448425
Test_401,0.013681797038868513,0.07820896389076738,0.8635933925830297,0.044515846487334414
Test_402,0.06454001636090634,0.009758513049042381,0.013992876166193243,0.9117085944238579
Test_403,0.06356931248299441,0.04892612188984923,0.8452589085845764,0.04224565704258002
Test_404,0.5063784199837484,0.07429595025593289,0.10184984025178694,0.31747578950853184
Test_405,0.006379146383427055,0.010581609605531665,0.0035976896458204135,0.9794415543652208
Test_406,0.0025214810300630505,0.0097032110946904,0.005924028908142508,0.981851278967104
Test_407,0.030774373481823224,0.03263533592537941,0.0403983973858897,0.8961918932069077
Test_408,0.007782853936385629,0.006342375040561985,0.004493066807653656,0.9813817042153987
Test_409,0.008212655913840808,0.12926596570240897,0.5191933453163226,0.34332803306742765
Test_410,0.006767983687524837,0.007316911874658695,0.0029031865367145204,0.9830119179011019
Test_411,0.922572804845963,0.004138919927205163,0.027720240433965943,0.04556803479286585
Test_412,0.01452982226777337,0.4469704212650931,0.4536684608960126,0.084831295571121
Test_413,0.9764755329549414,0.0028354453713229258,0.012625607413380138,0.008063414260355428
Test_414,0.08786424383741426,0.052085732393293775,0.760483254467523,0.09956676930176898
Test_415,0.13550058224502756,0.10009836298535804,0.6103428116030398,0.15405824316657452
Test_416,0.11213375143342423,0.042046558443707194,0.07519467485281821,0.7706250152700503
Test_417,0.05594540877081892,0.03911914184068049,0.8572789636329865,0.04765648575551399
Test_418,0.7823193498569685,0.022482781709861746,0.08848707859004269,0.1067107898431272
Test_419,0.527394112843269,0.021683550649694412,0.3769085990822475,0.07401373742478917
Test_420,0.00654179541570114,0.05130469268701395,0.9299736284439729,0.012179883453311939
Test_421,0.017060427985762624,0.0076498197960778854,0.011763186580202258,0.9635265656379571
Test_422,0.3711743245275655,0.04314020482775156,0.2242616239265013,0.36142384671818156
Test_423,0.032153167689224764,0.13753805338285627,0.5125817356370641,0.31772704329085494
Test_424,0.0005562778042455364,0.05714582310771507,0.9376016448980882,0.004696254189951248
Test_425,0.1406849355921316,0.05903715300408307,0.06832040751358871,0.7319575038901966
Test_426,0.3128057421702589,0.046945518593172406,0.3168518383324376,0.32339690090413103
Test_427,0.012110201064327551,0.007295458734577958,0.0032167547986389866,0.9773775854024555
Test_428,0.027668789594833824,0.03529454692590339,0.05318528342523979,0.883851380054023
Test_429,7.359618199172673e-05,0.007295230349792436,0.9921791246481977,0.00045204882001812993
Test_430,0.021266672543456332,0.06908558397559168,0.8923994553782559,0.017248288102696054
Test_431,0.6606802003899641,0.023366199101024134,0.15078843085988142,0.16516516964913033
Test_432,0.11677387530245445,0.14018403203595628,0.15687863262161553,0.5861634600399738
Test_433,0.03695922778425922,0.020014138904752142,0.027401053525656985,0.9156255797853317
Test_434,0.08450263891264337,0.07657348052949747,0.2250496258614289,0.6138742546964303
Test_435,0.6909526069642771,0.007984246024962565,0.05569124468036872,0.2453719023303916
Test_436,0.1449378834002748,0.09327820538076514,0.22360676134769564,0.5381771498712644
Test_437,0.1725275610314472,0.045153590746892465,0.5893822990177384,0.19293654920392186
Test_438,0.04735697210423775,0.11786709998742595,0.647945514439201,0.18683041346913545
Test_439,0.06327036721799645,0.22004536454144552,0.6703895752538654,0.04629469298669253
Test_440,0.00013591078330648203,0.007206034187363606,0.9921939330800058,0.0004641219493241497
Test_441,0.7571180699262753,0.028670752272835907,0.06641733610177016,0.1477938416991187
Test_442,0.3593709670024588,0.03140369951878477,0.3848593567660437,0.2243659767127127
Test_443,0.021228977376644056,0.11867738985603082,0.08355263854638752,0.7765409942209376
Test_444,0.635990695394486,0.013255271828820971,0.10970693822688353,0.24104709454980958
Test_445,0.09467656802865243,0.0643549473130166,0.5298832312427006,0.3110852534156304
Test_446,0.08508961833935814,0.07842799962034556,0.5852810681937607,0.25120131384653555
Test_447,0.059103611542616966,0.035782768114220105,0.8666586630083354,0.038454957334827546
Test_448,0.048173263354044954,0.04301207562887978,0.8251150357621101,0.08369962525496516
Test_449,0.15182744503494103,0.05144409900889237,0.36972196372084487,0.4270064922353217
Test_450,0.02332655256905725,0.026481554578947294,0.9298048849397033,0.02038700791229221
Test_451,0.01264064730777327,0.10531779807717465,0.8438678493814695,0.03817370523358252
