image_id,healthy,multiple_diseases,rust,scab
Test_0,0.0009086531719543758,0.15148927505216558,0.7313284733258185,0.11627359845006154
Test_1,0.0057633279794844705,0.31729629810233806,0.5905631198570952,0.08637725406108233
Test_2,0.005177612823562877,0.002442212512908331,0.0027488181774022844,0.9896313564861264
Test_3,0.942153742210621,0.00022082345031341382,0.029098108078273663,0.028527326260792036
Test_4,1.7528008030191514e-05,0.0013173264151826187,0.9985791127355548,8.60328412323455e-05
Test_5,0.726535300745526,0.09113693199383723,0.09860410728874382,0.08372365997189296
Test_6,0.627631122002156,0.012700682583499122,0.030022462265910543,0.3296457331484343
Test_7,0.0003661499942636874,0.0014674393554207977,9.541570920149121e-05,0.998070994941114
Test_8,0.2617399684135626,0.2131478746167031,0.15945722324654787,0.36565493372318647
Test_9,0.2794303378712611,0.08135706674351424,0.6091834100941198,0.030029185291104855
Test_10,0.00028520322476615923,0.06250267056285727,0.9367309704102647,0.000481155802111969
Test_11,0.19425770603049786,0.03478283118894488,0.7527516270598025,0.01820783572075474
Test_12,0.30574020100656635,0.05557031023293885,0.021070439568527385,0.6176190491919674
Test_13,0.6743589410271766,0.015247427737651455,0.13480712630310596,0.17558650493206598
Test_14,0.10022766282776377,0.06424831539674188,0.6962750151767741,0.13924900659872017
Test_15,0.19904910024974276,0.005278260117138785,0.7450698742974465,0.05060276533567186
Test_16,0.9332210065877754,0.004698241890175974,0.04801779231492097,0.014062959207127582
Test_17,0.006420607908520026,0.11698675297843433,0.02331015438049289,0.8532824847325526
Test_18,0.4364952611076061,0.008832319839407556,0.0391592517173262,0.51551316733566
Test_19,0.00146272513552656,0.014268382143810624,0.9621902695454874,0.022078623175175296
Test_20,0.016102546693143188,0.010305772179986232,0.015644021034346426,0.9579476600925242
Test_21,0.9106968708483889,0.0017293605998769388,0.016758728138001888,0.0708150404137323
Test_22,0.0005360033462985256,0.045632058448814905,0.9391632907765429,0.014668647428343498
Test_23,0.0007360095932829244,0.007375970101165877,0.0019169301827315418,0.9899710901228196
Test_24,0.1404363932861239,0.01310252851625012,0.22558851663324897,0.6208725615643771
Test_25,0.12703177188685313,0.013720977157287527,0.02030553289785504,0.8389417180580042
Test_26,0.013747397124337386,0.1609567475084064,0.46110263863769857,0.36419321672955757
Test_27,0.008398415319490368,0.16523436686582704,0.7319482993678593,0.09441891844682332
Test_28,0.9746159682170418,0.0009491684607696503,0.00826779137964508,0.0161670719425435
Test_29,0.05738262204398222,0.009864204015184865,0.009541017200716161,0.9232121567401167
Test_30,0.9084062027997113,0.004036146246747144,0.008176534286490839,0.07938111666705089
Test_31,3.7311766219878075e-05,0.52446401837203,0.4663991762060855,0.009099493655664443
Test_32,0.545862681821011,0.004065496736265219,0.11558991126474251,0.33448191017798107
Test_33,0.03192043587274576,0.040369401886904015,0.038446955707599755,0.8892632065327505
Test_34,0.13726301282761863,0.019648508006798866,0.10942559605826531,0.7336628831073173
Test_35,0.0471233800229238,0.002719329207662461,0.0027415302934224567,0.9474157604759914
Test_36,0.0018960110548630641,0.046089279400232934,0.9311119429978979,0.02090276654700619
Test_37,0.016978308465813722,0.02610356370341986,0.002401304605117878,0.9545168232256486
Test_38,7.013418052914979e-05,0.00559842653718139,0.002002123973436966,0.9923293153088525
Test_39,0.008705550732057733,0.0038688604985248126,0.8968640826639427,0.09056150610547477
Test_40,0.001986485589956731,0.03045919962978172,0.9385171382020943,0.029037176578167387
Test_41,0.00029890059294379677,0.05854817619847291,0.9362306584399925,0.0049222647685909365
Test_42,0.0003829268614172573,0.06012375767148882,0.01470372496860741,0.9247895904984865
Test_43,0.9239136989969023,0.000263132353137621,0.07302867697445849,0.002794491675501512
Test_44,0.1748600427679722,0.19871485155719493,0.01852627526544504,0.607898830409388
Test_45,0.2645931622828451,0.181557341345491,0.09383430998804677,0.4600151863836172
Test_46,0.3650624811947156,0.08245436218506068,0.011124250826645676,0.541358905793578
Test_47,0.00012502775382123001,0.008483677878854115,0.9904669670023486,0.0009243273649762164
Test_48,0.002199826739128709,0.05216406098085573,0.7920324087056597,0.15360370357435582
Test_49,0.036041349910992296,0.011815503932219874,0.9417321330297469,0.01041101312704088
Test_50,0.0011487081702375253,0.024904458752865923,0.9596236812347241,0.014323151842172532
Test_51,0.0010233473675531546,0.08504910831638732,0.8604004146938176,0.05352712962224192
Test_52,0.002012976744028259,0.0671563081656308,0.8801957152538435,0.05063499983649747
Test_53,0.003303762343558396,0.000739029329331084,0.995774102868465,0.0001831054586456442
Test_54,0.0012966107609277396,0.6333157493695936,0.3310472412827771,0.03434039858670162
Test_55,0.20912221982020193,0.04355497368864327,0.47174580808396854,0.27557699840718625
Test_56,0.0846010124596192,0.1195173612554727,0.16479395161956376,0.6310876746653443
Test_57,0.595329843766047,0.008796358258014322,0.3488678487605159,0.04700594921542278
Test_58,0.003484963815961037,0.0021086250295392827,0.002167962175237948,0.9922384489792617
Test_59,0.0045676490193310324,0.0874922998228882,0.8957010649596628,0.012238986198117962
Test_60,0.04485982853970325,0.057173884207563065,0.09677392863881117,0.8011923586139226
Test_61,0.6953205087371913,0.08910722672211006,0.08771846264119885,0.1278538018994997
Test_62,0.7941474483546049,0.002663634068196467,0.07422713701500239,0.12896178056219604
Test_63,0.0038564627733587205,0.016492116477496117,0.011397991062764252,0.9682534296863808
Test_64,0.829405528996366,0.004952735837103156,0.11854303578215424,0.0470986993843765
Test_65,0.0006605797067282491,0.45697990831946744,0.5053881761422088,0.036971335831595606
Test_66,0.8649485274739044,0.030637477019275314,0.09804569929754527,0.006368296209275034
Test_67,5.487697342793519e-05,0.05868271854185012,0.9214168362570283,0.01984556822769375
Test_68,0.24275047676385,0.05069230743290117,0.11614081190006136,0.5904164039031875
Test_69,0.0009485078833064343,0.05552059186312809,0.9379414557689741,0.005589444484591339
Test_70,0.058334573230371535,0.1632897474911176,0.226999362711934,0.5513763165665769
Test_71,0.06033713569812089,0.0008416411131143077,0.9353754167127661,0.0034458064759985947
Test_72,0.39608396991346484,0.026216110748629097,0.01478546029247343,0.5629144590454327
Test_73,0.30159273079828963,0.018917765066443767,0.6471664568012656,0.03232304733400102
Test_74,0.47650258792540046,0.016996074283077738,0.028909591143749344,0.47759174664777254
Test_75,0.0009582166118772353,0.06213986789535744,0.43549719975951,0.5014047157332553
Test_76,0.9832089671799661,0.00023937348895640092,0.012034669656815157,0.0045169896742626265
Test_77,0.012167532180957792,0.000902208004728226,0.982675130751721,0.004255129062592967
Test_78,0.0007092634502613073,0.594138729699903,0.014297745945519457,0.39085426090431613
Test_79,0.3705178790908949,0.05721083038378529,0.21731639846141004,0.3549548920639099
Test_80,0.0005735007309353445,0.5647311519739528,0.06723521850973259,0.36746012878537926
Test_81,0.0028562638065536194,0.18830457699185077,0.797138714122193,0.011700445079402641
Test_82,0.005718678221188538,0.5433873318118926,0.21491201980590569,0.2359819701610132
Test_83,9.936190593553807e-05,0.1531955523528715,0.8384990829115727,0.008206002829620185
Test_84,0.28784549116166624,0.008756888779371884,0.021206469039082673,0.6821911510198793
Test_85,0.8339137178866596,0.0006536378515910593,0.05714410837142072,0.10828853589032868
Test_86,0.030518299669293238,0.31410774080099213,0.5203110851752903,0.1350628743544244
Test_87,0.9564699322872217,0.009522697102862767,0.005446238934654516,0.028561131675261288
Test_88,0.10383805561223342,0.11073402284883825,0.06643401674616899,0.7189939047927594
Test_89,0.6698703866896268,0.023467239219518227,0.24889165261763566,0.05777072147321918
Test_90,0.0032695770549993996,0.03323836592679858,0.9592560942466984,0.004235962771503601
Test_91,0.3971154681952159,0.02696889674685994,0.20682649993078023,0.36908913512714375
Test_92,0.8615573557862726,0.0010869445311674911,0.0840713379920843,0.05328436169047576
Test_93,0.0005326749130219746,0.11843161540927567,0.8773494045506819,0.0036863051270205035
Test_94,0.030772009377067467,0.00985610397069417,0.010933945383964529,0.9484379412682739
Test_95,0.4201395793450504,0.0439557384342673,0.40972779316129543,0.12617688905938662
Test_96,0.14813421011637665,0.005252480499651332,0.06116633300540914,0.7854469763785629
Test_97,0.2954036550715031,0.04226952190089433,0.4418149724642335,0.22051185056336914
Test_98,0.013338531497507591,0.1327864333097294,0.009454208417634117,0.8444208267751288
Test_99,0.22435505987476678,0.3602627741372172,0.25744195071535303,0.15794021527266297
Test_100,0.01792792450856646,0.26629646408257934,0.013735850460135656,0.7020397609487186
Test_101,0.7647737404613499,0.010812230708009806,0.09437850604257522,0.13003552278806502
Test_102,0.00881452259471221,0.04957650084604179,0.1800716328724554,0.7615373436867906
Test_103,0.122972053977232,0.10105587753213756,0.552415617438221,0.22355645105240948
Test_104,0.048468271665972965,0.023825552307205327,0.015856594607753995,0.9118495814190678
Test_105,0.42203429507145823,0.004091870880729134,0.040392742432493585,0.533481091615319
Test_106,0.6629093686749803,0.03633601000086625,0.18792689325365164,0.11282772807050172
Test_107,0.0007126835718597832,0.05186232150765058,0.9402287136957939,0.007196281224695695
Test_108,0.014832411154164447,0.0058582005414101425,0.0063061428008434365,0.973003245503582
Test_109,0.10412067191585274,0.04644796034062501,0.17331048583611894,0.6761208819074032
Test_110,0.1831384136461745,0.0527146914751215,0.04955846749631295,0.714588427382391
Test_111,0.7453915103354358,0.017309889738055993,0.08959601480147396,0.14770258512503412
Test_112,0.00019673139435911406,0.009129448972249389,0.9867582195529814,0.003915600080410032
Test_113,0.24753026042602022,0.15088090458873352,0.11633905475895717,0.4852497802262891
Test_114,0.01802208042145124,0.38580293375893904,0.5326134915739575,0.06356149424565216
Test_115,0.0019887605019650516,0.0007727113530894554,0.9946716703022848,0.0025668578426607507
Test_116,0.0018638705990445055,0.427156840061071,0.565542030236424,0.005437259103460499
Test_117,0.0015843750488212006,0.031318424199121134,0.9478336540583847,0.01926354669367298
Test_118,0.00025160539353604497,0.008720563948786205,0.9889806306959165,0.0020471999617612305
Test_119,0.7531104662017973,0.014424675310305174,0.21797364185693072,0.014491216630966754
Test_120,0.0004295590016005077,0.00893108868666673,0.9754726182487942,0.015166734062938659
Test_121,0.48503168546535097,0.02213341331640395,0.31423476104280473,0.17860014017544046
Test_122,0.0008732638194480123,0.03529344318718702,0.9534493012685157,0.01038399172484929
Test_123,0.00022933408674753205,0.1862702266907441,0.8116455897029596,0.0018548495195488334
Test_124,0.0015912657482345268,0.04957508088699716,0.0031692650267139176,0.9456643883380543
Test_125,0.10217028482065739,0.6044380334270272,0.11275182898929133,0.1806398527630242
Test_126,0.9408854883107036,0.0034573950932310967,0.04259684552184624,0.013060271074219152
Test_127,0.5903989362848069,0.017689502819620926,0.19028316054461797,0.20162840035095422
Test_128,0.000682699836908911,0.11883814115128048,0.05972933794878397,0.8207498210630266
Test_129,0.02444342981012203,0.2673559842555633,0.6625774386312172,0.04562314730309766
Test_130,0.03138210546723378,0.013145088925596153,0.00397519413071874,0.9514976114764514
Test_131,0.0003613547974662281,0.0022429229751862465,7.968057335768973e-05,0.9973160416539898
Test_132,0.9402058992915978,0.001172707048764192,0.05508582152960451,0.0035355721300337362
Test_133,0.00633438406436175,0.02609422986858023,0.0038653355078308066,0.9637060505592273
Test_134,0.7489176826937337,0.0020730459765951827,0.0716865299298111,0.17732274139985996
Test_135,0.005522755467621568,0.19317085259419914,0.06499615174114413,0.7363102401970352
Test_136,0.0010289298458687607,0.0060725931724837255,0.012082961231879753,0.9808155157497677
Test_137,0.0006919992474099109,0.019502483234997123,0.9770919010867659,0.002713616430827192
Test_138,0.0001615105076533563,0.005967812035824229,0.9937922446049632,7.84328515591484e-05
Test_139,0.9975900127285244,0.00029055492953806284,0.001456486530435364,0.0006629458115021531
Test_140,0.14424480503243067,0.012872899439738548,0.8159956985434302,0.026886596984400626
Test_141,0.03152848480500972,0.004020406622277046,0.004974178820315307,0.9594769297523978
Test_142,0.0026660443186584475,0.16665537970603977,0.020162713174387604,0.8105158628009141
Test_143,0.013472048193118672,0.009732852088461412,0.008004468788032655,0.9687906309303873
Test_144,0.6096309143601155,0.0035791163013149004,0.04585300332662073,0.3409369660119487
Test_145,0.020742040278523742,0.06154806620482624,0.20451785086837082,0.7131920426482792
Test_146,0.008559646055585924,0.0013410802182012766,0.9795538575259038,0.010545416200308985
Test_147,7.888557785309998e-05,0.06527248618786632,0.9281326544448393,0.006515973789441341
Test_148,0.5541918202488726,0.10535657694223506,0.11646921698045774,0.22398238582843463
Test_149,0.13573077001499298,0.0486225246609529,0.762475650594451,0.05317105472960314
Test_150,0.10779105191508918,0.43819760059045415,0.41683416667677603,0.0371771808176808
Test_151,0.00011159286841411918,0.0005801849235604874,0.9992465563096528,6.166589837262541e-05
Test_152,0.002246745181603053,0.020513695766721886,0.9694440776383344,0.007795481413340628
Test_153,0.2101140885402252,0.03265828941200262,0.07699343773464473,0.6802341843131274
Test_154,0.008756810801902538,0.12266785334239494,0.7945570460703262,0.07401828978537624
Test_155,0.031051064654789726,0.06573214274143008,0.7256527277837195,0.1775640648200608
Test_156,0.058671667688446345,0.1088579727076431,0.014124262104107747,0.8183460974998027
Test_157,0.003010632311524827,0.014435246159192856,0.5522467680843293,0.43030735344495313
Test_158,0.0016860561533414004,0.007641468956907838,0.0030734251156259054,0.9875990497741249
Test_159,0.03631519510437971,0.014036690382991015,0.9061806068928171,0.0434675076198122
Test_160,0.9212201689378859,0.018469588087295943,0.034492019210992604,0.025818223763825542
Test_161,0.005481048061550264,0.08672729370548671,0.8557204201404229,0.05207123809254001
Test_162,0.008793437402867161,0.01524563045250123,0.9582282638234605,0.017732668321171235
Test_163,0.009808532973846663,0.15982951200129797,0.6981454871772764,0.13221646784757896
Test_164,0.5966841611981524,0.08590096086712694,0.047303291697665464,0.2701115862370553
Test_165,0.029696614348762602,0.3703390850951934,0.21100253527730886,0.38896176527873505
Test_166,0.30059510953519886,0.01015315417008323,0.5813389040503156,0.10791283224440222
Test_167,0.004109667761370011,0.003375817883645225,0.9866314776903038,0.005883036664680889
Test_168,0.0028418239588357008,0.19876046311995543,0.5254231221272252,0.2729745907939837
Test_169,0.2363046793270521,0.09125531682512379,0.41798283760116617,0.25445716624665793
Test_170,0.3849020430231916,0.030807247498323323,0.4029160962570827,0.18137461322140228
Test_171,0.011990370360853,0.04012174095764241,0.8773013201382054,0.07058656854329921
Test_172,0.00237349104230253,0.17931804210883753,0.8144502709788954,0.0038581958699645323
Test_173,0.036019037777657664,0.02531065249395708,0.9306106986569841,0.008059611071401062
Test_174,0.43701316329669976,0.011163475334112886,0.03950635608785641,0.5123170052813311
Test_175,0.4578546277585023,0.017496212008151373,0.341185897882252,0.18346326235109434
Test_176,0.00045398867092338283,0.10007927394731617,0.8981716879864322,0.0012950493953282549
Test_177,0.029097676645168616,0.004577668833567055,0.004168269470330816,0.9621563850509335
Test_178,0.006922341373184408,0.0035408315961612427,0.00011920870613538867,0.9894176183245189
Test_179,0.00018577095054683366,0.04753065789504923,0.9495916680978435,0.0026919030565606154
Test_180,0.02693503675703458,0.5294620678374139,0.36931043523881885,0.07429246016673272
Test_181,0.17855627440112995,0.02056308298722796,0.012033190307263169,0.7888474523043789
Test_182,0.021878482707482765,0.051385808834996764,0.8885283169860803,0.03820739147144014
Test_183,0.5567883673013305,0.003602618566995338,0.4203507669994452,0.019258247132229078
Test_184,0.05209024629488117,0.007657532682162196,0.09675718591506237,0.8434950351078943
Test_185,0.3970012958433422,0.015052463712732939,0.09114803429573215,0.4967982061481928
Test_186,0.6758510087545755,0.043098470691212,0.14424804509868047,0.13680247545553215
Test_187,0.013910660531709182,0.010762480793113935,0.9705614277712078,0.004765430903969166
Test_188,0.1088602301787055,0.0008598221415560491,0.8548336577369593,0.035446289942779104
Test_189,0.3342323323954872,0.08877864131668041,0.0932056441763922,0.48378338211144023
Test_190,0.13587835092627873,0.5477537200251795,0.17555108705194383,0.1408168419965979
Test_191,0.0047983625160307915,0.00863229710995893,0.9519301711094605,0.03463916926454958
Test_192,0.47092712973778383,0.045895180133145384,0.38779155245076063,0.09538613767831008
Test_193,0.0184833487455004,0.03982687342567688,0.9297389709395304,0.011950806889292415
Test_194,8.509011033075674e-05,0.2365883418588236,0.7627192740882954,0.0006072939425500532
Test_195,0.34764646261652343,0.4003839567253324,0.1146559535910011,0.13731362706714317
Test_196,0.041990432959928076,0.3302812825355578,0.12459772155941568,0.5031305629450985
Test_197,0.00021655461894231305,0.08650684016195109,0.9129327715219437,0.00034383369716285407
Test_198,0.022481714105888242,0.04860353796014315,0.0033254381020683993,0.9255893098319001
Test_199,0.3466787319561499,0.00999249873753679,0.2266729673081256,0.41665580199818764
Test_200,0.0019057713847562942,0.011664686546831352,0.9848097611812147,0.0016197808871976623
Test_201,0.1304535690884095,0.036123719249271054,0.03358819528847033,0.7998345163738492
Test_202,0.00288350571932274,0.0395419279885161,0.6461783379342568,0.31139622835790437
Test_203,0.004001833313262511,0.18414127787613863,0.7960397367799537,0.015817152030645213
Test_204,0.17445298112083102,0.041224106244152625,0.3031188936195504,0.48120401901546594
Test_205,0.09495203020142562,0.0033578124713334392,0.0025457370933036584,0.8991444202339373
Test_206,0.002896557274567622,0.012528818286857254,0.001590511433530478,0.9829841130050447
Test_207,0.0006221152612495681,0.03216731912575082,0.7539324786276055,0.21327808698539408
Test_208,0.42019936790238543,0.07341004240163072,0.3196531162700008,0.18673747342598299
Test_209,0.00028386436643150357,0.16888466638382946,0.8011320873299917,0.029699381919747365
Test_210,0.03812339690832817,0.048986637603241096,0.329955958053662,0.5829340074347686
Test_211,0.0671605438477256,0.3789107534478313,0.1429241047137882,0.4110045979906549
Test_212,0.005999626552201928,0.027565531977785277,0.9655673403910084,0.0008675010790044252
Test_213,0.0007185492964402584,0.8013501454901051,0.02105675343104118,0.17687455178241343
Test_214,2.1358452079003923e-05,0.0021099224285715755,0.994117313076103,0.0037514060432464985
Test_215,0.8725368732492976,0.05260242948476455,0.005980272793645619,0.06888042447229237
Test_216,0.9450706443066382,0.0007382208681406394,0.04135713312781409,0.012834001697407048
Test_217,0.26241337853410074,0.02446274094816399,0.26871538418809854,0.4444084963296368
Test_218,0.962998986610454,0.00314404888534806,0.011861004400098827,0.021995960104098926
Test_219,0.09492943736771166,0.0004722761551564619,0.8897880109134748,0.014810275563657162
Test_220,0.0019476425535508196,0.14315474182490123,0.011102408263922994,0.843795207357625
Test_221,0.8684514562317627,0.0037252429230309678,0.06726553768520671,0.06055776315999973
Test_222,0.0015510468429774302,0.014915382784915993,0.9742980562148552,0.009235514157251282
Test_223,0.0013908630079403554,0.18768463007062916,0.8077302992175295,0.003194207703901094
Test_224,0.9747798469542129,0.0007283299535833203,0.00986223149147527,0.014629591600728506
Test_225,0.9848434253154895,0.0014680834687734944,0.008709112355017127,0.004979378860719781
Test_226,0.0001728698588162859,0.7292253205395465,0.26776267014815863,0.0028391394534787655
Test_227,0.03137400517304857,0.03087244272345905,0.029383093937607983,0.9083704581658845
Test_228,0.18991084137563605,0.0007154393583601804,0.770866788388733,0.03850693087727076
Test_229,6.248222510986389e-06,0.05767828025585116,0.9380380695572724,0.004277401964365514
Test_230,0.0427185819223138,0.008071556895053785,0.03209473403589138,0.917115127146741
Test_231,0.0032254812181161984,0.008413430001628374,0.007042940329035521,0.9813181484512198
Test_232,0.20988735109456583,0.05310055831260639,0.7159961759054353,0.02101591468739238
Test_233,0.8183627936158233,0.0038920293817327977,0.057879090064351935,0.11986608693809205
Test_234,0.040508354376991615,0.046305579453573796,0.0025577155664744653,0.9106283506029602
Test_235,0.016954994507535008,0.033078673059260905,0.027890518563034573,0.9220758138701696
Test_236,0.12314951124932631,0.08479579939769348,0.5100966855959725,0.2819580037570077
Test_237,0.2032769976264501,0.009399324303912496,0.08370924777499204,0.7036144302946453
Test_238,0.019359497448516377,0.09773116008096575,0.8701849168047973,0.012724425665720634
Test_239,0.5444640106365849,0.03225143323311691,0.39684026633993597,0.026444289790362244
Test_240,0.0006238901121894699,0.2944620887318131,0.7033108217166761,0.0016031994393213484
Test_241,0.000958641049607465,0.4363827494567555,0.445616076029728,0.11704253346390903
Test_242,0.2820454749944411,0.28299447507473413,0.08797677973053056,0.34698327020029424
Test_243,0.8749494125790929,6.632854382825873e-05,0.09286469744338334,0.03211956143369558
Test_244,0.23640574775802595,0.2025092836462846,0.12676891973779386,0.4343160488578956
Test_245,0.005700627254179179,0.7808231739745018,0.11986638828068868,0.09360981049063025
Test_246,0.024694831955911465,0.12619888928191944,0.017637883882072675,0.8314683948800964
Test_247,0.0006594053602204883,0.003112463575233836,0.00021666961150622026,0.9960114614530394
Test_248,0.5412106191660728,0.11749397348141648,0.014117630202149156,0.32717777715036156
Test_249,0.022569164522594394,0.0817048897311226,0.01707017981203503,0.878655765934248
Test_250,0.9545245766653683,0.0009591320669782943,0.0351916591849487,0.00932463208270454
Test_251,0.2457571220370164,0.04175233705086195,0.009865651944143478,0.7026248889679781
Test_252,0.021037415025054167,0.4389740273982661,0.430956483855152,0.10903207372152773
Test_253,0.0007701847612877806,0.6718286262120814,0.014444056685086045,0.3129571323415449
Test_254,0.06313641224942622,0.04710459886002286,0.008916636325139142,0.8808423525654119
Test_255,0.5690942837371454,0.006964112628620574,0.010647915146208178,0.41329368848802583
Test_256,0.0001268476707230997,0.10950938409045963,0.02438833164630536,0.8659754365925119
Test_257,0.00015729491038197073,0.025136057578714725,0.9743589947869024,0.0003476527240012064
Test_258,0.003194704680964582,0.28499535946132126,0.28440668865098284,0.4274032472067314
Test_259,0.2590065030851138,0.023421419325416953,0.70065364756898,0.016918430020489254
Test_260,0.5248711890016446,0.0011641331357819535,0.022232059032149913,0.4517326188304234
Test_261,0.00013720552864567858,0.003700952418123215,0.9956332727465192,0.0005285693067118138
Test_262,0.03738122185362411,0.15349444437848886,0.659470267531339,0.14965406623654817
Test_263,0.47739454646052915,0.01770306140948723,0.07183388261938567,0.433068509510598
Test_264,0.8192762549900297,0.012999730737475849,0.08111301868048729,0.08661099559200727
Test_265,0.059298598453303826,0.1815786518942382,0.7372925727574705,0.021830176894987507
Test_266,0.0008766512783598223,0.0013812689033712155,0.0012905293774148321,0.9964515504408541
Test_267,0.9707222153830846,0.00012177436108267078,0.026366755012921912,0.0027892552429110676
Test_268,0.00012996646111924519,0.18872822388056676,0.8069349849796534,0.0042068246786606525
Test_269,0.6562863731835018,0.005598084356301154,0.03264160933240945,0.3054739331277877
Test_270,0.06239176268800416,0.007310396754313988,0.006275592413006097,0.9240222481446757
Test_271,0.17188334307143466,0.14224030349935146,0.08593732805161157,0.5999390253776022
Test_272,0.0005022807748406237,0.39245898835234744,0.5768819120032891,0.03015681886952278
Test_273,0.16693860804751812,0.13753135666402594,0.22436902646353699,0.4711610088249189
Test_274,0.008063521756304256,0.0022902225452158757,0.9836537434414515,0.005992512257028437
Test_275,0.009523776344966522,0.3281322508701453,0.5559907030181983,0.10635326976668982
Test_276,0.0007592075875338345,0.09656936651336255,0.043721854344063005,0.8589495715550405
Test_277,0.39649894201506214,0.23128378810104483,0.03248632811942142,0.3397309417644717
Test_278,0.004495351033407319,0.512741823766026,0.14183447032582727,0.3409283548747394
Test_279,0.001789437581368675,0.015842097442064856,0.9801714172059911,0.002197047770575524
Test_280,0.002298152354795563,0.006327722951412352,0.003291132179790426,0.9880829925140016
Test_281,0.1765458447915741,0.02084400680915676,0.14183815049139364,0.6607719979078756
Test_282,0.0012247813059373402,0.9123515411746163,0.026973089040902287,0.05945058847854409
Test_283,0.00692929836921853,0.43712084332082846,0.533375012339557,0.022574845970396055
Test_284,0.015288563129516338,0.20078438771485224,0.7580743642860733,0.025852684869558024
Test_285,0.2736311619248918,0.04217291947194937,0.03729846987407035,0.6468974487290885
Test_286,0.38906937393663016,0.0021802988870564814,0.02734605701289643,0.5814042701634168
Test_287,0.47091657041397184,0.03636882863206343,0.28300654718571555,0.20970805376824905
Test_288,0.000565976325101423,0.004835561456785723,0.0004367102366239093,0.9941617519814889
Test_289,0.001847211616654544,0.002103962656615237,0.00046655498271751196,0.9955822707440127
Test_290,0.017720313037236753,0.10856109953921513,0.8615351530786329,0.012183434344915263
Test_291,0.46500688821649777,0.001806376606712648,0.42549788202321576,0.10768885315357381
Test_292,0.9581926166310979,0.000620484067397311,0.01708104318382374,0.02410585611768113
Test_293,0.0016253658120295052,0.04863741612760607,0.9454318813158755,0.00430533674448889
Test_294,0.0031954028321127407,0.2210260950906321,0.762825727853478,0.012952774223777127
Test_295,0.062372233340634554,0.251440019777012,0.28679987074990543,0.39938787613244797
Test_296,0.3471727560751746,0.003144721731129196,0.5023164039116353,0.14736611828206095
Test_297,0.006794591086071664,0.08958971375247887,0.08827867367476422,0.8153370214866852
Test_298,0.001738206893202634,0.15583761514334613,0.7547757825179295,0.08764839544552179
Test_299,0.0005545125011465452,0.1035193494020969,0.007462333531400031,0.8884638045653566
Test_300,0.8629043772389888,0.0016002971658962647,0.07631914429151242,0.05917618130360246
Test_301,0.876360232092337,0.0034492155164688766,0.06644604412658292,0.05374450826461094
Test_302,0.0020851936159043717,0.8217109187317689,0.030024259041400974,0.14617962861092576
Test_303,0.36827861646303134,0.05910106453028681,0.15946678479008347,0.4131535342165984
Test_304,0.8546885804727938,0.013145204659188583,0.047426141607010336,0.0847400732610071
Test_305,0.8713025972701535,0.011413107957086076,0.010864533885251838,0.1064197608875084
Test_306,0.023213548875856523,0.01706311798230734,0.2258890014990363,0.7338343316427999
Test_307,0.48219072462183765,0.017040359259974276,0.2978802426261397,0.20288867349204828
Test_308,0.03284200037162693,0.07787676418247604,0.2796194766230341,0.609661758822863
Test_309,0.000400893328597347,0.0847979804430943,0.8077319136523918,0.10706921257591663
Test_310,0.0004314087978410588,0.440756203408395,0.5222632884464047,0.036549099347359316
Test_311,0.003572479071950705,0.253840579051376,0.6939682310959904,0.04861871078068298
Test_312,0.0004000241550731384,0.0009019721487115017,0.0006515675259760251,0.9980464361702394
Test_313,0.0003246822468788054,0.0023720902311509633,0.00016499614034901685,0.9971382313816212
Test_314,0.007249527898790421,0.024762759673278727,0.0017680099617490201,0.9662197024661818
Test_315,0.0004940223069339172,0.00039136714391441814,0.0001222489889411107,0.9989923615602107
Test_316,0.8356804331388761,0.005921413228204262,0.13520972809379525,0.02318842553912436
Test_317,0.005557159844017292,0.005603799341421532,0.9748265606815921,0.014012480132969005
Test_318,0.5285147954011741,0.08076268246343417,0.035335474258828034,0.35538704787656367
Test_319,0.0007500228991028178,0.18134356365850338,0.7674444473240583,0.05046196611833555
Test_320,0.08678034708148227,0.14248464890063403,0.6881879810527639,0.08254702296511969
Test_321,0.6409178891521676,0.06010584946437311,0.2542862059426211,0.04469005544083812
Test_322,0.42409565483121137,0.03905296824909488,0.45457829935705935,0.08227307756263443
Test_323,0.058425940892990295,0.19243974528862415,0.7117005461065209,0.03743376771186453
Test_324,4.454663121975251e-05,0.009971450203917303,0.9898470134275044,0.0001369897373585654
Test_325,0.01133046394065676,0.04444057536157109,0.005807850881534845,0.9384211098162374
Test_326,0.00018081851277616874,0.006042080280600491,0.9907442569970232,0.003032844209600169
Test_327,0.1539575137355966,0.01948337578572725,0.04724747824803878,0.7793116322306374
Test_328,0.00042208894645394315,0.0049589194937776785,0.9940536203676186,0.0005653711921498522
Test_329,0.01587044791969193,0.13574044943769578,0.8454562283153109,0.00293287432730152
Test_330,0.0007628414407535486,0.17793775190659794,0.8150760870255205,0.006223319627127875
Test_331,0.505312513556556,0.29091726552415464,0.10022409846329328,0.10354612245599606
Test_332,0.9463779358278157,0.008520631738304993,0.0073113550108185104,0.03779007742306088
Test_333,0.003314644110954641,0.090906130280289,0.8978861996448165,0.007893025963939981
Test_334,0.0009122725627380228,0.004783833663525049,0.9939953679927975,0.000308525780939569
Test_335,0.39305902595229,0.06480805102880052,0.23252077846741034,0.30961214455149927
Test_336,0.3295168902570935,0.02802486965083844,0.49598414822912057,0.14647409186294746
Test_337,0.8667425340369231,0.03878695219916761,0.047396278411299446,0.047074235352609635
Test_338,0.982425034776677,0.0006481232971545187,0.0072814648702673925,0.009645377055901102
Test_339,0.04998493556677457,0.39422960391230444,0.5277719257636365,0.0280135347572845
Test_340,0.5662808711549623,0.035748841143749564,0.20654877520102458,0.1914215125002635
Test_341,0.34811824032612027,0.3369163857091374,0.0128181323999224,0.3021472415648199
Test_342,0.9004590682892247,0.0005755418306060468,0.08794339296968479,0.01102199691048446
Test_343,0.03706712872022131,0.0030196361285427914,0.01676244427252626,0.9431507908787097
Test_344,0.0001908742829738592,0.03850387910163496,0.961194237706429,0.000111008908962251
Test_345,2.3200622736632353e-05,0.034089535081181004,0.9646207786366972,0.0012664856593852163
Test_346,0.0008751459594171938,0.03517370464168061,0.9597717156292433,0.004179433769658833
Test_347,0.0014696075474358405,0.0037381948515835244,0.9853838096249143,0.009408387976066215
Test_348,0.009848179555301482,0.0010825757062770743,0.007273226932537027,0.9817960178058844
Test_349,0.13899074637377926,0.2292821124831088,0.2657203018837933,0.36600683925931854
Test_350,0.004056538340836543,0.0649655753063848,0.028825853743867542,0.9021520326089112
Test_351,0.0013727232661105077,0.07037252271183884,0.9091532614986199,0.019101492523430828
Test_352,0.43414498209015423,0.07392864600099923,0.08711501381030812,0.40481135809853835
Test_353,0.2628391721180983,0.1705290478321958,0.11854409909768544,0.4480876809520205
Test_354,0.018222465486403914,0.013547335735784151,0.9629928507259765,0.005237348051835467
Test_355,0.8788426263798631,0.07069029967416901,0.008327989337087935,0.04213908460888001
Test_356,0.5912121597858003,0.0067771109873120215,0.3556599994103065,0.046350729816581095
Test_357,0.8641416983367577,0.002124660636729469,0.129736773131938,0.00399686789457485
Test_358,0.13710642149587476,0.1872644986363176,0.3609321110271186,0.3146969688406891
Test_359,0.02118332509081361,0.00773256515372883,0.06492442792536803,0.9061596818300895
Test_360,0.009950692090154693,0.027270169075615955,0.005153931777747587,0.9576252070564818
Test_361,0.8262866600930481,0.01054342175382709,0.017594188823799463,0.14557572932932517
Test_362,0.857100502988386,0.0008935740402239288,0.013178286764906164,0.12882763620648383
Test_363,0.0004359696188441476,0.018708039137397027,0.973501859088936,0.00735413215482268
Test_364,0.00016878477177924338,0.0032775679316694854,0.9963620933725728,0.00019155392397852356
Test_365,0.022837509605308472,0.08947325232123007,0.877692933982612,0.009996304090849535
Test_366,0.00138064972567193,0.029027174157400047,0.9290863086495909,0.04050586746733716
Test_367,0.15858127092091198,0.017804752518191858,0.12949865403933852,0.6941153225215576
Test_368,0.8564238636786763,0.002862275313810955,0.11469929353937978,0.02601456746813298
Test_369,0.0005413422876349729,0.002328731058520955,0.001429137665926265,0.9957007889879177
Test_370,0.025319822022018566,0.005135149286926958,0.9248842584363663,0.044660770254688203
Test_371,0.0002460471509922479,0.0593494937657881,0.9400489693885966,0.0003554896946230149
Test_372,0.00976819224886022,0.013205987445797792,0.008462910601559775,0.9685629097037823
Test_373,0.006946282900707449,0.03366498273884784,0.9507211034028319,0.008667630957612669
Test_374,0.021277955660820146,0.0537178481248788,0.9178707679183084,0.007133428295992735
Test_375,0.016318559158344747,0.04248853446872803,0.0010236380896955354,0.9401692682832317
Test_376,0.955945772628929,0.008747345685855324,0.021013345919510134,0.01429353576570557
Test_377,0.3174051090406579,0.03164083035709967,0.44353035214079833,0.20742370846144415
Test_378,0.005025396414908275,0.055715514397886884,0.933296809496594,0.005962279690610951
Test_379,0.10447701311110905,0.15500028047954403,0.5790627448781631,0.1614599615311839
Test_380,0.1437950500760981,0.10597305891271244,0.10988538175362246,0.640346509257567
Test_381,0.26953984823945953,0.2975438735442212,0.010089577075764153,0.4228267011405551
Test_382,0.09841775435055401,0.009144325678689908,0.016367967731396184,0.87606995223936
Test_383,0.8378795227985181,0.030798287645736267,0.017606996677821236,0.11371519287792436
Test_384,0.10617729411783293,0.011033576051006848,0.8140663435970162,0.06872278623414403
Test_385,0.12178524257658502,0.007622597512320409,0.03861998342520097,0.8319721764858937
Test_386,0.00300748882094647,0.22393769193745913,0.6756778472023576,0.09737697203923679
Test_387,0.09929001979956599,0.01824087628787585,0.019298221544635792,0.8631708823679223
Test_388,0.4234830061185952,0.013808128105307401,0.19831228706130893,0.36439657871478837
Test_389,0.8923202229269618,0.001099818572490301,0.076054759946138,0.03052519855440971
Test_390,0.46750359908054806,0.0034790624477970614,0.02077388144401944,0.5082434570276355
Test_391,1.649234252802578e-05,0.09039839638697235,0.9088836719587529,0.0007014393117465868
Test_392,0.036545328597971063,0.032469211894141904,0.6583061302407518,0.2726793292671353
Test_393,0.03395691415180066,0.0013222523199397493,0.001212467759085932,0.9635083657691735
Test_394,0.8123146076174858,0.001044454968980769,0.0066205018722237325,0.18002043554130978
Test_395,0.00705077229943535,0.7216114267834065,0.26776235360958595,0.0035754473075722036
Test_396,0.03012664442679882,0.008528208791306469,0.052434856073213985,0.9089102907086808
Test_397,0.22351574231616564,0.06573955640343772,0.17187472078901758,0.538869980491379
Test_398,0.0018098178066224683,0.609290534927424,0.3197346820592203,0.06916496520673326
Test_399,0.8128592765706187,0.018496396194394842,0.003186786014703997,0.1654575412202824
Test_400,0.00048524720684688143,0.022908582810006697,0.9754629495837936,0.0011432203993528528
Test_401,0.0007951105011991068,0.08961694597243391,0.9062226717630693,0.003365271763297707
Test_402,0.12866529365560392,0.00942602902901194,0.0624753184983299,0.7994333588170544
Test_403,0.019026972654404464,0.010501645944565605,0.9687422578050122,0.0017291235960175634
Test_404,0.5042912409139998,0.041939202875856,0.04021584807871247,0.41355370813143166
Test_405,0.002875845094050234,0.011593452010999308,0.0008461015622692387,0.9846846013326813
Test_406,0.00021687099454316186,0.0039801624991974505,0.000846885013505418,0.9949560814927539
Test_407,0.0002654962064903244,0.026783139022544453,0.0005790693519143218,0.9723722954190508
Test_408,0.005914072122009181,0.018799086243881394,0.020802729064350843,0.9544841125697585
Test_409,0.0029297668315095052,0.05406038001706784,0.1498845811539585,0.7931252719974641
Test_410,0.02371097810130703,0.008826168443993641,0.008465591282125257,0.9589972621725742
Test_411,0.9940777771848411,0.00026054036273155966,0.0037609625100719747,0.0019007199423553378
Test_412,0.0027934640409397046,0.8174825984679123,0.1621554408442066,0.01756849664694154
Test_413,0.9459964117751534,0.002381940768542044,0.046073330077628746,0.005548317378675891
Test_414,0.015747615096226585,0.011522441685932595,0.9562328029812095,0.016497140236631208
Test_415,0.02016296406667749,0.07454432025474718,0.8865858203201199,0.018706895358455388
Test_416,0.02140666684216914,0.01117737468221491,0.029912592715963176,0.9375033657596529
Test_417,0.0026495544032363494,0.014430194939851966,0.9824404231034775,0.0004798275534341422
Test_418,0.9321287124635986,0.010108391712295226,0.013557319427867106,0.04420557639623899
Test_419,0.920179420385152,0.0017490686033844898,0.056253912043522016,0.021817598967941738
Test_420,0.0003384759500875814,0.15524196315212027,0.8434487336101839,0.0009708272876081784
Test_421,0.005324335219957246,0.012819662084463938,0.008204561208489907,0.9736514414870888
Test_422,0.6762275750400968,0.12011904764235488,0.10625209057118189,0.09740128674636643
Test_423,0.0002294781372496933,0.6415713183607421,0.25570547796938037,0.1024937255326278
Test_424,0.00040190548852081124,0.25725589445392566,0.7398990296971526,0.00244317036040099
Test_425,0.26055655038259357,0.14766092525644656,0.21144696735119303,0.3803355570097668
Test_426,0.46839939371548833,0.045819435435403504,0.40883344482163053,0.07694772602747756
Test_427,0.002320792371067118,0.02185444080008281,0.000536555352608143,0.975288211476242
Test_428,0.004389036883782982,0.009510736009027906,0.005102138742829917,0.9809980883643592
Test_429,5.217209229676094e-05,0.025575690401975194,0.9741520744742272,0.00022006303150060009
Test_430,0.0143925814038151,0.380243181519026,0.600643826266628,0.004720410810530864
Test_431,0.8949375440453546,0.004908836327341325,0.02119636062292669,0.07895725900437743
Test_432,0.32674093115135633,0.26589649298597096,0.044159231381100957,0.3632033444815717
Test_433,0.006698179360132693,0.011310539747688036,0.002946957870042617,0.9790443230221367
Test_434,0.004794712315250533,0.22266236049469734,0.06111089158827251,0.7114320356017796
Test_435,0.9545238351655149,0.0028485154938714045,0.014368751285463718,0.028258898055149997
Test_436,0.04073512328267872,0.08157209722477525,0.3306037793423098,0.5470890001502363
Test_437,0.0006554298457376336,0.019873385739497193,0.9670075703216703,0.012463614093094872
Test_438,0.0004758657042327788,0.4575163661461187,0.5241917810598851,0.017815987089763587
Test_439,0.051500000702904856,0.3837201817578191,0.5571093595067731,0.00767045803250301
Test_440,0.00011764953007709776,0.01875417905447789,0.9807892933095881,0.00033887810585675547
Test_441,0.6860918855041164,0.03136868616305995,0.18886207258182705,0.09367735575099663
Test_442,0.419947486084187,0.018219681708514214,0.4548800012961489,0.10695283091114989
Test_443,0.0032327441328682477,0.6881042112221807,0.005941432589420252,0.30272161205553083
Test_444,0.7196343019245579,0.0016740093119051998,0.2348659508209418,0.04382573794259493
Test_445,0.0016964780269765525,0.007776986108226025,0.970860756989248,0.019665778875549364
