image_id,healthy,multiple_diseases,rust,scab
Test_0,0.0024969823521194673,0.38975264287558303,0.5646669942989453,0.04308338047335206
Test_1,0.0003184026923762524,0.13927039365139474,0.8572598288139495,0.003151374842279431
Test_2,0.07519888648394434,0.06439406207976132,0.027273768387559332,0.8331332830487348
Test_3,0.8609869622313822,0.0026487999559839416,0.08457907522693087,0.05178516258570327
Test_4,0.0017873598355134894,0.03775028443345225,0.9580408194516095,0.0024215362794248493
Test_5,0.8973758677136718,0.014602660376255721,0.07931719540025388,0.008704276509818433
Test_6,0.4935924165043649,0.036798242027467634,0.2418290380186254,0.2277803034495421
Test_7,0.022789019233310552,0.02319894428517876,0.02179304998436651,0.9322189864971443
Test_8,0.06928172182186149,0.12499348714376267,0.20793636194415793,0.597788429090218
Test_9,0.09982612912981345,0.05703614925770892,0.8324849730826618,0.010652748529816007
Test_10,0.0007879258632043987,0.0748135416336075,0.9188155064051952,0.005583026097993011
Test_11,0.26086548881087546,0.02487712754573339,0.7088988930809175,0.005358490562473921
Test_12,0.05712684065344414,0.013363320286342573,0.0014056961205560028,0.9281041429396574
Test_13,0.6924381476480055,0.011770992826876547,0.2873924446717189,0.008398414853398695
Test_14,0.023578107004089407,0.016577607126133678,0.9514997038156245,0.008344582054152233
Test_15,0.1095792055389346,0.04340662305156356,0.7724736792638989,0.07454049214560284
Test_16,0.8379855821207824,0.017499513739739427,0.05662335130746381,0.08789155283201437
Test_17,0.007118840483860524,0.11971438644261234,0.054578046721978905,0.8185887263515481
Test_18,0.471097534935232,0.011505345037478054,0.019645307966220302,0.4977518120610699
Test_19,0.005447293943092484,0.06444373095639575,0.9238214159183368,0.006287559182174688
Test_20,0.07186679702814609,0.027453278048135826,0.03836769954086594,0.8623122253828521
Test_21,0.8109745259444149,0.003949998755309048,0.0714597429368965,0.11361573236337935
Test_22,0.0004078894488510076,0.03465610411746128,0.9613878043087882,0.003548202124899468
Test_23,4.08694725112224e-05,0.003273803204824735,0.0003256263293561851,0.996359700993308
Test_24,0.7348542980810462,0.027383919686001068,0.10645327091490496,0.1313085113180481
Test_25,0.10978943173828232,0.0022631685101021847,0.0017609961286188332,0.8861864036229968
Test_26,0.06606826362260902,0.08730863412218762,0.40210139761076047,0.4445217046444432
Test_27,0.0028641855140685013,0.13577700980047633,0.8439143927394394,0.01744441194601571
Test_28,0.9916257508968767,0.0008466488616631428,0.0060707383993858915,0.0014568618420742153
Test_29,0.04483281676581164,0.24424558177246133,0.3674842895606332,0.3434373119010941
Test_30,0.3777208669102716,0.08419259414973114,0.4954718904256624,0.04261464851433497
Test_31,0.004723792638016721,0.255113032690436,0.7112045278612932,0.02895864681025418
Test_32,0.026642345235329257,0.2614212649148125,0.14105735091196803,0.5708790389378904
Test_33,0.06967717748058373,0.056734947118054345,0.03977964925282143,0.8338082261485407
Test_34,0.22923958330917762,0.05134520611551494,0.35716295606810283,0.36225225450720455
Test_35,0.02463698580592358,0.010558738490609794,0.01931480241882633,0.9454894732846404
Test_36,0.0008716095297885276,0.051973189507282955,0.945722417415645,0.0014327835472834566
Test_37,0.05814251515001141,0.028356487260904218,0.003721459072620147,0.9097795385164641
Test_38,0.0010250046051546225,0.01926856409904279,0.0016417746569126876,0.9780646566388895
Test_39,0.036911667274375316,0.025358726615128835,0.8910561909176887,0.04667341519280715
Test_40,0.0005340914191071057,0.04194383886034143,0.9555218391984442,0.0020002305221072676
Test_41,0.0013694936227692932,0.14542763991572621,0.8451389991149693,0.008063867346534935
Test_42,0.002005013585264816,0.007624421797762483,0.002038468858605498,0.9883320957583671
Test_43,0.8986261466024339,0.0055717364652865435,0.09077847743435476,0.005023639497924753
Test_44,0.059603926660517365,0.03259516581738121,0.007078267297219487,0.9007226402248821
Test_45,0.21813696454789872,0.1539305374323602,0.12972262097146478,0.49820987704827646
Test_46,0.30264292675027726,0.23084966979167598,0.12433044806997949,0.34217695538806725
Test_47,0.0006953367489606899,0.01567136825368679,0.9807678888746617,0.002865406122690896
Test_48,0.024588461945648035,0.10028037502002406,0.8341273481038065,0.04100381493052154
Test_49,0.014070495319991671,0.013240475391075486,0.9606174479281183,0.012071581360814293
Test_50,0.00019194751525967635,0.11817549164737357,0.878799981514965,0.0028325793224020434
Test_51,0.0019447439151957671,0.1640231733512014,0.8148218112460978,0.019210271487504777
Test_52,0.0024694541287448033,0.16887752957439947,0.8191109123606259,0.009542103936229738
Test_53,0.030502146863199325,0.03488656380107893,0.9245775979101453,0.01003369142557586
Test_54,0.0007706423560822293,0.4535847208015419,0.5228050769463887,0.02283955989598717
Test_55,0.0068573479405794275,0.04370991578394156,0.9122890069844971,0.037143729290981684
Test_56,0.0437586830560099,0.49701706912728666,0.02945057127454961,0.42977367654215376
Test_57,0.041419549469520874,0.03356482666345015,0.9064470186257797,0.01856860524124913
Test_58,0.00010142766589327279,0.0012585591775272117,0.00018621535385754338,0.998453797802722
Test_59,0.01700791257462345,0.10453077659000903,0.860470142267261,0.017991168568106456
Test_60,0.0011234372654451456,0.2525372354753831,0.020745729660247344,0.7255935975989245
Test_61,0.5517928876086579,0.03415378709966674,0.3793888625562699,0.034664462735405174
Test_62,0.6297149328903187,0.037676090286099695,0.2806756324130907,0.05193334441049087
Test_63,0.01479442974890949,0.21713935527948947,0.1470674936627978,0.6209987213088036
Test_64,0.9394330817207387,0.005483400914124724,0.04807101019058606,0.007012507174550574
Test_65,0.004434047893498748,0.23499545862907362,0.7241867160416133,0.03638377743581442
Test_66,0.6922282549761074,0.07737456239323316,0.19055533290211082,0.039841849728548664
Test_67,0.0023993683790265513,0.08551489217434416,0.8964178311434277,0.015667908303201944
Test_68,0.025133101893003034,0.0431326000169372,0.012111887958150021,0.9196224101319099
Test_69,2.031030519899863e-05,0.004276580894909282,0.9947928334464711,0.0009102753534206636
Test_70,0.014775888452843167,0.08555341935922618,0.1755869738128128,0.7240837183751176
Test_71,0.004903319786354711,0.010306142661286417,0.9827721066767753,0.0020184308755837673
Test_72,0.10669247875250185,0.053011758361281865,0.005765588168268321,0.8345301747179479
Test_73,0.2530759740612484,0.003624616683024206,0.7398367138245802,0.003462695431147268
Test_74,0.40597426488607113,0.09148548228310271,0.2967101665529445,0.20583008627788155
Test_75,0.02145165765746717,0.05856228428533091,0.6171222465805543,0.3028638114766475
Test_76,0.9480165349527162,0.0002884284494337288,0.018249078625188,0.03344595797266207
Test_77,0.01181049123524446,0.02903131708349716,0.9503290955674754,0.00882909611378305
Test_78,0.009611627942299894,0.42767626406436826,0.15855835542680205,0.40415375256652963
Test_79,0.3767766523707679,0.12208895748882165,0.28264710941472226,0.2184872807256882
Test_80,0.00938186098458299,0.4250293713574904,0.3712522627626517,0.194336504895275
Test_81,9.169296744531063e-05,0.16454350330528836,0.8330916691699916,0.002273134557275008
Test_82,0.015742110747978284,0.1917199074848611,0.7497682526693837,0.04276972909777687
Test_83,8.784534073996978e-05,0.21384499409267388,0.7830336134459838,0.0030335471206024514
Test_84,0.06109268647928535,0.01124541670843037,0.022538305463926867,0.9051235913483571
Test_85,0.4666883263031707,0.06363891761848801,0.26971091223799487,0.19996184384034632
Test_86,0.05601290011131532,0.29431464609956753,0.5760013344071415,0.07367111938197553
Test_87,0.6091878043025243,0.05986199247891398,0.12374902413518593,0.20720117908337582
Test_88,0.10068975759568714,0.17387818266670793,0.322984167411746,0.40244789232585926
Test_89,0.33193891279420407,0.015247410050735422,0.6408244734451821,0.011989203709878353
Test_90,0.0010901088124509136,0.018656492041027012,0.9793570602403511,0.0008963389061711821
Test_91,0.15450657508678609,0.052393316856687966,0.7177412345434105,0.07535887351311545
Test_92,0.9814845920313592,0.0002788336196600023,0.01424619202773001,0.003990382321250548
Test_93,0.0002030432463816037,0.05782629665540846,0.9415968977677374,0.00037376233047256395
Test_94,0.0021664371501871043,0.004310480549329838,0.000806438849424516,0.9927166434510584
Test_95,0.10774684894113437,0.08421634340371077,0.7396925113704023,0.06834429628475241
Test_96,0.15025588484067223,0.04147645563416195,0.1186967339564408,0.6895709255687251
Test_97,0.6677312649908902,0.07134970355829408,0.114603802015859,0.1463152294349567
Test_98,0.015570260813650134,0.03492827955762021,0.013445236987443659,0.9360562226412861
Test_99,0.09856460675289334,0.054057224371798385,0.7395857534137996,0.10779241546150858
Test_100,0.004200533404259059,0.14760180838858256,0.006734266759649478,0.841463391447509
Test_101,0.5568320374471819,0.020548501567615264,0.39818745380407866,0.024432007181124083
Test_102,0.008917880890050708,0.02973378754993627,0.006072650717366651,0.9552756808426465
Test_103,0.0876994265856046,0.05418728859322658,0.8433063887030564,0.014806896118112327
Test_104,0.04819209790291678,0.12595886806761056,0.07685058791384575,0.7489984461156269
Test_105,0.12266133269000107,0.032619967529905466,0.05633150357603864,0.7883871962040551
Test_106,0.6565513270026501,0.01754193536346117,0.29877339047235735,0.027133347161531363
Test_107,0.005790923262033542,0.049896343541748545,0.9381727289050015,0.0061400042912163385
Test_108,0.0008416499792327552,0.0044794315303264744,0.00034341989503339833,0.9943354985954076
Test_109,0.0689313646487834,0.10505138568905249,0.20934467327452047,0.6166725763876434
Test_110,0.029242822091115183,0.020469413811332073,0.005804119866989052,0.9444836442305637
Test_111,0.41018905222061985,0.0657655976072595,0.24191781143461763,0.2821275387375028
Test_112,0.004920713621756367,0.10605968720646948,0.8705156982492083,0.018503900922565885
Test_113,0.29402214684984423,0.10504170494562247,0.2721869923008444,0.3287491559036889
Test_114,0.009955718961904541,0.2413423721794798,0.709330965352214,0.039370943506401655
Test_115,0.0014833538053005614,0.01557560377583473,0.9795740206917349,0.0033670217271298116
Test_116,0.004886216290919349,0.06791290129928525,0.9232962844577629,0.003904597952032607
Test_117,0.00042230068993038335,0.03325262838871057,0.9630762695815585,0.003248801339800561
Test_118,0.01491478782006797,0.09181608098174768,0.8804658883663277,0.012803242831856469
Test_119,0.30707819970386535,0.04976018046930547,0.6286673013455129,0.014494318481316052
Test_120,0.00025123301267248097,0.026482616754670785,0.9723831085759179,0.0008830416567389718
Test_121,0.015325538631135368,0.06401898238524727,0.8863063198305347,0.03434915915308296
Test_122,0.01843552049598285,0.063476620466015,0.8890657503111074,0.02902210872689513
Test_123,0.0011929755410033172,0.14610495466467321,0.8486030050036616,0.004099064790661999
Test_124,0.001160196851004014,0.021470734012467414,0.0006063184186064883,0.976762750717922
Test_125,0.10256234412867221,0.34263495466307226,0.30571588355648005,0.24908681765177548
Test_126,0.8551801481236959,0.007353035224286848,0.13500825774906608,0.002458558902951099
Test_127,0.9588628022994307,0.007636878273215197,0.01348482791861704,0.020015491508737302
Test_128,0.01241164765960025,0.3216776663627656,0.5564236947521765,0.10948699122545748
Test_129,0.20699235269427355,0.2116690867594734,0.505366962863963,0.07597159768229021
Test_130,0.0738568116884157,0.047633505381783764,0.012141910549993928,0.8663677723798068
Test_131,0.0007347990867765357,0.011706377862681099,0.0013914019752990646,0.9861674210752434
Test_132,0.984277645366315,0.003085335489394411,0.011035589869567024,0.0016014292747236409
Test_133,0.001905300217271513,0.006876107266314253,0.0013633449551522904,0.9898552475612621
Test_134,0.44501699691978264,0.05187224986517504,0.26242076401088904,0.24068998920415344
Test_135,0.057683259675522326,0.16534823781670752,0.2003749691328093,0.5765935333749609
Test_136,0.0009858681491945668,0.005501393002997979,0.003207779800582052,0.9903049590472255
Test_137,0.00042919520190475127,0.0941837619544117,0.9007196794345652,0.0046673634091187665
Test_138,1.3073653923887585e-05,0.004720367409521527,0.9947348471540873,0.0005317117824671415
Test_139,0.8452769344835769,0.023468509442885352,0.11453948245955878,0.01671507361397908
Test_140,0.29616711674972884,0.07768233836999167,0.46843568627619103,0.1577148586040887
Test_141,0.036102201103322316,0.00921308901532908,0.01453928875386876,0.9401454211274798
Test_142,0.008233145550131596,0.5108810999235401,0.19103187273003708,0.28985388179629135
Test_143,0.014909109292870898,0.04072298179006578,0.005219419090506403,0.939148489826557
Test_144,0.8404513154752677,0.006837401407523075,0.08441141226781305,0.06829987084939598
Test_145,0.16446944636464356,0.11721308383106016,0.5100590362497209,0.2082584335545749
Test_146,0.0066300583238712765,0.017523597663770523,0.9729093008028674,0.0029370432094906907
Test_147,0.0020982013548096292,0.23067214804833652,0.749101506258055,0.01812814433879848
Test_148,0.7113122948425743,0.14156259535480076,0.034282376261924784,0.1128427335407002
Test_149,0.02971335997250464,0.035804498103237006,0.9281002761823763,0.006381865741882455
Test_150,0.06422632728606564,0.18060469452548686,0.7035104950814424,0.0516584831070051
Test_151,0.0023196288973187243,0.022214754107388365,0.9732078196764673,0.0022577973188261905
Test_152,0.003216398090146974,0.13802659084239988,0.8448870383539177,0.013869972713535324
Test_153,0.3405554135126915,0.019421553021066223,0.0527567878792492,0.5872662455869926
Test_154,0.005148196294057294,0.1310906973945627,0.8489914289888072,0.01476967732257297
Test_155,0.003753143222323905,0.08249556152878597,0.8980921735708294,0.015659121678060346
Test_156,0.07583359836376166,0.0499676935184616,0.034584890985538075,0.8396138171322388
Test_157,0.01589603185706801,0.04113877916580296,0.8767400485521658,0.06622514042496318
Test_158,0.010711466032608776,0.022545559229202997,0.008140186134791179,0.9586027886033973
Test_159,0.1192662971251713,0.08478837226284469,0.6944079797858674,0.10153735082611658
Test_160,0.6083864481738707,0.06702810010693182,0.28881507321821653,0.03577037850098111
Test_161,0.008961951245731707,0.07937013066026345,0.8859226059222802,0.0257453121717245
Test_162,0.0028323562846872246,0.004035001870175005,0.9923211442633136,0.0008114975818240866
Test_163,0.0011434928499025616,0.5437228453121925,0.4427018744697489,0.012431787368155842
Test_164,0.569282751963879,0.12636689443482418,0.07214725346263816,0.23220310013865905
Test_165,0.007962268406945154,0.14723237458868516,0.14002933598955014,0.7047760210148195
Test_166,0.2653647166006315,0.007692781972670634,0.7185598288098545,0.008382672616843263
Test_167,0.010265085710454598,0.05146263048447886,0.9325596496876978,0.005712634117368971
Test_168,0.0016759718620576157,0.1261981310828571,0.8596138109514494,0.012512086103635873
Test_169,0.040389866359684314,0.025965558290560718,0.9143253083975347,0.01931926695222017
Test_170,0.5944389162322694,0.04060987725271774,0.28610935687213435,0.07884184964287858
Test_171,0.0036693212222447215,0.03971037455573347,0.9451477560339969,0.011472548188024824
Test_172,0.0030288585549177764,0.2248195639038784,0.7586756142051609,0.013475963336043041
Test_173,0.00013684559072041857,0.005178406946051927,0.9941898589115072,0.0004948885517205161
Test_174,0.25218155503365675,0.009478122622150875,0.007421861423740655,0.7309184609204515
Test_175,0.7460835549607082,0.03175549908378981,0.17254622280045673,0.04961472315504516
Test_176,7.28668798419017e-05,0.07867260229682815,0.9208717760081631,0.0003827548151670108
Test_177,0.026789459125268908,0.008599942553979662,0.00414636998829726,0.960464228332454
Test_178,0.000412588718891967,0.0009658585613090074,0.000159182862283163,0.9984623698575157
Test_179,0.002451256650754762,0.0860451965490738,0.9065369075246872,0.004966639275483907
Test_180,0.02195977706650521,0.2922160918117285,0.537155603808882,0.14866852731288452
Test_181,0.1619907818599881,0.01997156089628998,0.0032184537798773593,0.8148192034638446
Test_182,0.04728482069383598,0.09931361641458658,0.8169528328774921,0.03644873001408543
Test_183,0.6392865793662513,0.004755017491012225,0.34441902797484825,0.011539375167887975
Test_184,0.2109302576553163,0.061263618376362405,0.336427585578381,0.3913785383899401
Test_185,0.3466877583462272,0.09304969574842248,0.18792279542779633,0.37233975047755385
Test_186,0.43713427036503794,0.13725618140706325,0.19521506582868955,0.23039448239920948
Test_187,0.0012890227584018419,0.013747150774589819,0.9841043407888851,0.0008594856781232841
Test_188,0.29927468987808054,0.04854222529713212,0.5956206707449709,0.05656241407981649
Test_189,0.5258005973015109,0.10304976810705943,0.26997912784046796,0.10117050675096195
Test_190,0.1739452385185006,0.11539429835041634,0.5615897927821129,0.1490706703489701
Test_191,0.004931595417914843,0.06764342482362888,0.8888309790072682,0.0385940007511881
Test_192,0.6932822937724564,0.03736328732965848,0.25828175858766783,0.0110726603102171
Test_193,0.0020501989271812697,0.009236440784909919,0.9868166592733916,0.0018967010145173487
Test_194,0.0008081667506413318,0.13268162347985196,0.8643103026302951,0.002199907139211893
Test_195,0.7095014407359382,0.09513651832173081,0.1434531377216318,0.05190890322069895
Test_196,0.1757557460193695,0.09918928525724802,0.10896513607929574,0.6160898326440868
Test_197,0.0011261171635762084,0.12571242692449996,0.8665492028600926,0.006612253051831103
Test_198,0.0693797341888687,0.07762125784842931,0.05279512555386275,0.8002038824088396
Test_199,0.20541312838483927,0.012508055342666392,0.49713230923506846,0.28494650703742647
Test_200,0.0027394300164181123,0.042335158945019574,0.9516346828766488,0.0032907281619133956
Test_201,0.060725173994559546,0.06869204653908018,0.5287124344969755,0.3418703449693849
Test_202,0.0021623016283210186,0.05807523460927065,0.8904140043660572,0.04934845939635095
Test_203,0.0025286562098264793,0.11366511752396723,0.8705699938806442,0.013236232385562131
Test_204,0.23061361150850504,0.039230505907810846,0.05732710678100154,0.6728287758026827
Test_205,0.047717727018190235,0.004352048538088061,0.009173940850800396,0.9387562835929213
Test_206,0.00013242405928035544,0.0016651934900862892,7.68480840654461e-05,0.9981255343665679
Test_207,0.020014927660776092,0.11569183153831356,0.7764719304988369,0.08782131030207363
Test_208,0.3851718324259609,0.060871953689980864,0.21128819250278816,0.3426680213812699
Test_209,0.0033961571757091607,0.4725714041975228,0.4696558597570581,0.05437657886970987
Test_210,0.011083153551440036,0.036780553601778385,0.7381408328524468,0.21399545999433453
Test_211,0.03572299486712611,0.1850115598722163,0.1644158628362783,0.6148495824243793
Test_212,0.00027694948891178586,0.0046968569216332195,0.9949486568975406,7.753669191433275e-05
Test_213,0.004950988696413528,0.528295909331123,0.04421975737061859,0.42253334460184455
Test_214,0.015251330600020046,0.08794458804074128,0.8616034775866472,0.035200603772591495
Test_215,0.7677186062472354,0.14495318229635984,0.008779325288520233,0.07854888616788429
Test_216,0.5643820648247806,0.03865941363817763,0.35099122264677296,0.04596729889026846
Test_217,0.2508450060317937,0.05972406773162194,0.07308965420648962,0.6163412720300946
Test_218,0.9138932316811699,0.0342211591574648,0.043554711559317186,0.008330897602047931
Test_219,0.07847934742405756,0.0036737699865623578,0.9165080492085845,0.001338833380795655
Test_220,0.0011233509516618621,0.0566674885862187,0.008922786356355487,0.9332863741057641
Test_221,0.363345787717508,0.07304552572906216,0.3991331728198906,0.16447551373353958
Test_222,0.08595317874160574,0.0617662864726707,0.792766554182189,0.05951398060353471
Test_223,0.007392071517256478,0.09014687121890867,0.8832023176162704,0.019258739647564534
Test_224,0.46740096144520604,0.06015833841901001,0.3052276490749265,0.16721305106085763
Test_225,0.24152882358739045,0.007388915131135657,0.7478394461147072,0.0032428151667665325
Test_226,0.005755992677731084,0.26566953488493794,0.6992301791519476,0.029344293285383256
Test_227,0.12522534434863442,0.07376971044995556,0.04147605811575092,0.7595288870856591
Test_228,0.18202524913854712,0.06400459023787136,0.6721829965515336,0.08178716407204789
Test_229,0.011434479982237823,0.1872065787887152,0.7675250918689847,0.03383384936006234
Test_230,0.04845652083345829,0.010500546096286992,0.006552870577975702,0.9344900624922792
Test_231,0.000656867716421518,0.003660972394802945,0.0010925000796262665,0.9945896598091493
Test_232,0.0958872817733082,0.06173278341044781,0.8226986037607273,0.019681331055516445
Test_233,0.9469510936119121,0.0012475816138289226,0.013676430479671198,0.038124894294587874
Test_234,0.05441323580591289,0.02848859932881647,0.005013121821395174,0.9120850430438752
Test_235,0.01075557549157327,0.027162193664552976,0.00713963456979233,0.9549425962740813
Test_236,0.08298919284939801,0.11149869025694584,0.7669766344967682,0.038535482396888164
Test_237,0.140612780951283,0.07098824366305659,0.5178817616350052,0.27051721375065524
Test_238,0.0005310277519746408,0.06432645396630171,0.9333479098806076,0.0017946084011162676
Test_239,0.04824754393478721,0.01611374544077858,0.9286989222460037,0.006939788378430732
Test_240,0.00025990111940234857,0.19510949787729262,0.8026637104731977,0.001966890530107411
Test_241,0.035948164858016274,0.19607589046752946,0.6254691745019423,0.14250677017251173
Test_242,0.29289091076363216,0.09079442266741668,0.23500566347463822,0.381309003094313
Test_243,0.9221394398545183,0.006882188024715812,0.057557405138525086,0.013420966982240781
Test_244,0.06308311413584225,0.4597627933031529,0.30521927192559434,0.17193482063541046
Test_245,0.01499555697022531,0.5861602797470882,0.3127093244768374,0.08613483880584907
Test_246,0.00797397457855349,0.03580138462621129,0.012112515332698234,0.944112125462537
Test_247,7.56512338560318e-05,0.008080958210458664,0.0004867840796762413,0.9913566064760091
Test_248,0.3376586998256111,0.2201383406362675,0.09639566467375212,0.3458072948643691
Test_249,0.009297138465984553,0.12852786369378558,0.06640994073190322,0.7957650571083266
Test_250,0.8907136131438502,0.016916037385223646,0.07496994169452949,0.0174004077763965
Test_251,0.4032936443798217,0.0359206190262162,0.018571186387791833,0.5422145502061702
Test_252,0.023033647175647442,0.13942707042785366,0.8003069987419196,0.03723228365457929
Test_253,0.0021204402366419477,0.19003886911369525,0.017372198228707485,0.7904684924209551
Test_254,0.031341713643707976,0.06531144314085364,0.005975726752010142,0.8973711164634283
Test_255,0.15136767957691646,0.04346386676302769,0.05620425011075471,0.748964203549301
Test_256,3.298578077817982e-05,0.008504083998014547,0.0006971545607952814,0.990765775660412
Test_257,0.0016663976200661725,0.04416486038198272,0.9512259102007806,0.0029428317971706276
Test_258,0.0031306338392284726,0.5420278369491941,0.2463836702119359,0.20845785899964128
Test_259,0.08078593174729147,0.017794910490720198,0.8871194163036634,0.014299741458325082
Test_260,0.060013906311229194,0.0014722887083525944,0.003593493865423626,0.9349203111149947
Test_261,3.224336459414616e-05,0.008660955139295462,0.9907717193592827,0.0005350821368277764
Test_262,0.003138260390627189,0.020386726875064473,0.9649643621054783,0.011510650628830044
Test_263,0.6529826665117707,0.03638961626602547,0.12490258563102351,0.18572513159118015
Test_264,0.39152035722157746,0.03313687856497587,0.3891163728903342,0.18622639132311244
Test_265,0.10822414812055889,0.0864125055058276,0.7706859419482507,0.034677404425362705
Test_266,0.00021649872557222947,0.002752558339854722,0.00042896214390448486,0.9966019807906688
Test_267,0.9745739859229406,0.0006282168163298672,0.022475425203898503,0.002322372056831056
Test_268,0.0008735009011245143,0.6654842777663156,0.3211424937077965,0.012499727624763672
Test_269,0.494265134172241,0.052939919066250354,0.2573950468373149,0.1953998999241941
Test_270,0.1518902424847847,0.05913064642035047,0.0764824570213178,0.7124966540735468
Test_271,0.034040409591133844,0.0935906882416493,0.16429518778292185,0.7080737143842951
Test_272,0.0035769797536863044,0.16046070423162206,0.8283863493289632,0.007575966685728463
Test_273,0.10298600780920084,0.17475811867925373,0.4958516717427138,0.22640420176883158
Test_274,0.09116805067690027,0.05448504877468125,0.8182940812088464,0.03605281933957218
Test_275,0.03007647022255237,0.14012431345762744,0.7797358638907539,0.05006335242906603
Test_276,0.013077852503131156,0.2767982660219969,0.3064862834150722,0.40363759805979993
Test_277,0.2919181112825853,0.12568451532283756,0.28227512265813864,0.3001222507364382
Test_278,0.0010868686811386485,0.05582773336373193,0.1369923532426137,0.8060930447125157
Test_279,0.0007941451965357964,0.011813446320628413,0.9861621909158521,0.0012302175669838987
Test_280,2.3495961421523453e-05,0.0009372427150419392,0.00015102334568740648,0.9988882379778489
Test_281,0.05514502650591252,0.1372782408026272,0.05607279807145046,0.7515039346200094
Test_282,0.01072406763755096,0.4738497442032384,0.13841803528172145,0.3770081528774892
Test_283,0.011628109599073028,0.3322230725084228,0.6067590487313484,0.04938976916115585
Test_284,0.0047677181457859525,0.3216594519181619,0.6637020167783215,0.009870813157730434
Test_285,0.07916036742285738,0.2826499802687755,0.32531438004572627,0.3128752722626408
Test_286,0.5657147867971831,0.008977912171305485,0.07437497961669778,0.35093232141481334
Test_287,0.17226661165655846,0.01708157059242255,0.5939928312849985,0.21665898646602022
Test_288,5.0346132962769466e-05,0.001667765644750091,0.00019397467088597798,0.998087913551401
Test_289,1.2551650654150267e-06,7.598054882167502e-07,7.242563438738871e-07,0.9999972607731026
Test_290,0.007113066882018275,0.2349191603055073,0.7310562837206604,0.026911489091813807
Test_291,0.005871992232549508,0.005693820736854429,0.9850772594950947,0.0033569275355012345
Test_292,0.8463230456521649,0.020427234168988867,0.12052214406253739,0.012727576116308727
Test_293,0.0010915931436281479,0.18930282877130114,0.8056008657305718,0.004004712354498891
Test_294,0.0016462349611667156,0.07432414394989637,0.9199342686856611,0.004095352403275881
Test_295,0.15965221659296747,0.08669125813353565,0.6503324020828625,0.10332412319063453
Test_296,0.32104259842505023,0.06900887992062614,0.48057542386507934,0.12937309778924405
Test_297,0.00670799662610201,0.03207654183303118,0.03432136540720692,0.92689409613366
Test_298,0.002431565374415628,0.1450285196564384,0.8225294378291362,0.030010477140009723
Test_299,0.07675664954971462,0.15194633716021552,0.1575821460848923,0.6137148672051778
Test_300,0.5851838990712152,0.04653301648940618,0.1138715737859816,0.2544115106533967
Test_301,0.8858666230833747,0.0036740454186855527,0.095807901032114,0.014651430465825902
Test_302,0.0032177798921069886,0.4548156455761775,0.1768197733641196,0.3651468011675957
Test_303,0.9311407761411348,0.021714664080997172,0.01564461938388034,0.03149994039398798
Test_304,0.7862696614811707,0.04705630604550684,0.11124900017634322,0.05542503229697931
Test_305,0.7017120666301192,0.034767143721086316,0.008329695984618087,0.25519109366417625
Test_306,0.08249110247176493,0.06592993708807336,0.6647840986619895,0.18679486177817256
Test_307,0.4079483908678325,0.08439688768840932,0.41344685452766855,0.09420786691608932
Test_308,0.005728989878749956,0.145218574461974,0.6993348909446023,0.14971754471467355
Test_309,0.011759113854194063,0.2623529583783403,0.5864206692067828,0.1394672585606831
Test_310,0.002823686922499948,0.358548328768883,0.5903660747350062,0.04826190957361051
Test_311,0.027138378590106055,0.15064550669756224,0.7687820122730706,0.05343410243926078
Test_312,1.5551977059767114e-06,1.0633999308789254e-06,8.591675332479208e-07,0.9999965222348299
Test_313,3.993283507261616e-05,0.004642351620823227,0.0005975109660692114,0.994720204578035
Test_314,0.08485844276889887,0.07338648522024152,0.27338510346849765,0.5683699685423621
Test_315,1.358554311266956e-06,1.460823884215087e-06,7.253689143875703e-07,0.9999964552528902
Test_316,0.8039518406396203,0.0265754552931552,0.1503949196810014,0.019077784386222867
Test_317,0.004420639541648866,0.024671970084863576,0.9596045124183123,0.01130287795517531
Test_318,0.33687924143486536,0.08529587527923224,0.3276454231127251,0.25017946017317744
Test_319,0.0001398385370285822,0.020854596586812067,0.9784268183320882,0.0005787465440710137
Test_320,0.010329422557264541,0.031139118944680386,0.9505061795463622,0.008025278951693589
Test_321,0.836552432693232,0.03377062852386578,0.11643169075490865,0.01324524802799335
Test_322,0.07660659783089752,0.07801243000423909,0.633924343322267,0.21145662884259653
Test_323,0.047052582694088775,0.11270800567290257,0.804898751411896,0.03534066022111213
Test_324,0.004007144358749132,0.05499879409195162,0.938407758833014,0.002586302716285347
Test_325,0.002993760862859898,0.009958617412275857,0.002146618943886213,0.9849010027809776
Test_326,0.0009158497383092339,0.052552887244013996,0.9436588437418555,0.0028724192758210515
Test_327,0.02149488065104474,0.0029730091456731263,0.00648109479307763,0.9690510154102044
Test_328,0.0011634093301288657,0.03676808759654301,0.9605021072836935,0.001566395789634796
Test_329,0.0024545835724196913,0.04970786162419921,0.9470013132325554,0.0008362415708255044
Test_330,0.00018182065809554588,0.19175452709095298,0.8060816427642711,0.0019820094866802394
Test_331,0.23629002206601077,0.2139576133701237,0.24459074839800538,0.3051616161658602
Test_332,0.945906768563785,0.006822821448525406,0.007457493111439863,0.03981291687624973
Test_333,0.0030621801824440415,0.17503993399483558,0.8161704336470804,0.005727452175639752
Test_334,1.7129599715200868e-05,0.0064941111461242085,0.9933822712614122,0.00010648799274860157
Test_335,0.2674584178366114,0.12344102808474798,0.41644607792808763,0.19265447615055306
Test_336,0.011766822366406289,0.007055708398765194,0.9784103171214072,0.0027671521134212678
Test_337,0.9205590278374001,0.01141642732583945,0.030526585121731124,0.0374979597150294
Test_338,0.7821317061265111,0.010724150829962592,0.16607223147294584,0.041071911570580676
Test_339,0.0036316536564099423,0.2638178289288552,0.7261561636493776,0.00639435376535744
Test_340,0.29948457124996086,0.04707380268452473,0.4641410273631124,0.1893005987024019
Test_341,0.4361899727159459,0.08288485086952448,0.005740904957069285,0.4751842714574602
Test_342,0.7221917978243189,0.005731733185315014,0.27122848609034733,0.0008479829000188396
Test_343,0.22746688771195836,0.07111059924336639,0.18475659164468872,0.5166659213999862
Test_344,0.0001507699692478122,0.01925068494098363,0.9792761068680573,0.001322438221711125
Test_345,0.006155677593374401,0.12005811099159872,0.8618657608310165,0.011920450584010474
Test_346,0.0013592404661745665,0.076510259180686,0.9179154637506886,0.004215036602450701
Test_347,0.14248208476139873,0.07964920281551577,0.5978800539278272,0.17998865849525805
Test_348,0.02005519712309671,0.02966655479431423,0.024304475694823247,0.9259737723877659
Test_349,0.012946233073735762,0.38471579264683764,0.23615921259921274,0.36617876168021407
Test_350,0.0024043496055191423,0.05483351057417837,0.01756826624556435,0.9251938735747381
Test_351,0.0015095424381996853,0.062209743855578356,0.9339259519097638,0.00235476179645848
Test_352,0.17432230276396704,0.11861714537125759,0.16674424879496053,0.5403163030698145
Test_353,0.460770478773528,0.1573560880662184,0.08680543490982164,0.2950679982504321
Test_354,0.20291473405951668,0.06227418497415743,0.6904015783212198,0.04440950264510595
Test_355,0.7943633708621555,0.08229087910338036,0.010836859096007389,0.11250889093845656
Test_356,0.4767148075452061,0.06105192424355404,0.2711949618108409,0.19103830640039887
Test_357,0.8462796516449378,0.006456164181320995,0.14121499734284157,0.006049186830899651
Test_358,0.042894574480054244,0.0486943273578424,0.8407122964442857,0.06769880171781786
Test_359,0.03228822296646486,0.04541856643800484,0.08660146098213391,0.8356917496133964
Test_360,0.004981965505998053,0.01728589932227764,0.017841624020773866,0.9598905111509503
Test_361,0.9289326028468818,0.013239745614217993,0.05131525247557845,0.006512399063321613
Test_362,0.3345207013431598,0.055964676986199516,0.3808875471943973,0.2286270744762434
Test_363,0.0012880013050805361,0.15870417976028273,0.8334347800130486,0.006573038921588034
Test_364,0.003109605279972184,0.020038389637424422,0.9743897050253941,0.0024623000572092167
Test_365,0.027629830231799202,0.04500761261138529,0.9207785498701572,0.006584007286658186
Test_366,0.023342510212195494,0.07740619053148357,0.8675163206846903,0.031734978571630816
Test_367,0.10683864098919583,0.004704299815091613,0.03841372374760683,0.8500433354481055
Test_368,0.273934423004764,0.050666248728402884,0.6001133971829338,0.07528593108389936
Test_369,0.0017010463446634706,0.008578428847687166,0.0019532141536658483,0.9877673106539837
Test_370,0.006235800654552875,0.01870820966480311,0.9690403263822946,0.006015663298349304
Test_371,1.75095922278936e-05,0.006816983157639993,0.9930741946607605,9.131258937152283e-05
Test_372,0.002171015256216991,0.013954850255272865,0.003101996906733911,0.9807721375817762
Test_373,0.003382953086347539,0.06084161031039347,0.9275126829100973,0.008262753693161772
Test_374,0.05520226568114405,0.05611776796566421,0.8729848714346801,0.015695094918511607
Test_375,0.0022184693521965023,0.013924687444453262,0.00039833399852732437,0.9834585092048228
Test_376,0.8392867027274276,0.03347705928454285,0.07408200418319824,0.0531542338048316
Test_377,0.07465979042925164,0.007855446130585112,0.9118761978523936,0.005608565587769739
Test_378,0.0013368216984172834,0.022505048260965155,0.9746437413579153,0.0015143886827024867
Test_379,0.09186476711784644,0.11846233938695978,0.7141449815498133,0.07552791194538043
Test_380,0.1069353563849256,0.11444081410272815,0.09151689211123097,0.6871069374011154
Test_381,0.34823723742860574,0.12587492655299326,0.0513188399318387,0.47456899608656206
Test_382,0.1963741787903801,0.10767175537115767,0.08778043102495159,0.6081736348135105
Test_383,0.5371215065674848,0.07607164384444631,0.22518740252501965,0.16161944706304904
Test_384,0.03823124281838864,0.02145776015426135,0.9341512765587591,0.0061597204685909825
Test_385,0.09100805595819517,0.005209954679976569,0.007765896706661392,0.8960160926551668
Test_386,0.0021749705715313873,0.20635802529090785,0.7754506326422603,0.016016371495300614
Test_387,0.11655115439686527,0.08645977478219519,0.05029302027608844,0.7466960505448512
Test_388,0.24413203959459007,0.09903092803562684,0.4922948797817942,0.16454215258798896
Test_389,0.4725531068792681,0.03984864206262649,0.46750639736202787,0.02009185369607757
Test_390,0.19307550741280485,0.05085078286161913,0.12545905447461606,0.6306146552509602
Test_391,0.004376255374642121,0.1357995426189843,0.8485146665569177,0.011309535449456181
Test_392,0.0038272879560522664,0.11118507796135269,0.84182262207465,0.0431650120079451
Test_393,0.021306672566063303,0.008341356076857289,0.0006360549723527345,0.9697159163847268
Test_394,0.7696074859285318,0.01980264650730517,0.03423663850404332,0.1763532290601197
Test_395,0.002664697057647914,0.2352420145454369,0.7470322517025174,0.015061036694397598
Test_396,0.1062057493288777,0.15981002368719016,0.3302953511099326,0.4036888758739996
Test_397,0.04795481851032248,0.02734914662094551,0.052614010361864104,0.872082024506868
Test_398,0.007369450471257199,0.21362530886709571,0.7212221950427635,0.05778304561888304
Test_399,0.6080915278619585,0.04452359984475943,0.08353067422085379,0.26385419807242844
Test_400,7.85561121783868e-05,0.014952816669218359,0.9842448590121177,0.0007237682064856136
Test_401,0.002388863068448021,0.08637621912053811,0.9079311786965525,0.0033037391144612577
Test_402,0.020756998759258034,0.001094486184073026,0.0028413589609930577,0.9753071560956759
Test_403,0.008702771198042292,0.028957538711202217,0.9582732356314663,0.004066454459289006
Test_404,0.38978422120666567,0.05752225995579893,0.09160846179137686,0.46108505704615843
Test_405,0.00035178806030631936,0.004229378273436781,0.0007979546585654396,0.9946208790076917
Test_406,5.473880604883695e-05,0.00865220127332642,0.00035697061150951796,0.990936089309115
Test_407,0.006315364960395066,0.02159879723396708,0.00768644018142024,0.9643993976242176
Test_408,0.0008475964149971744,0.0025553348719862183,0.0005246247176526209,0.9960724439953641
Test_409,0.011286704203953979,0.282487847634531,0.5657515505485696,0.14047389761294515
Test_410,0.001607881083516724,0.004321204656391604,0.0006294375148316696,0.9934414767452601
Test_411,0.9918926538404007,0.0010124699842032493,0.0053953021752545325,0.0016995740001414384
Test_412,0.0020577852565682327,0.6921875349358607,0.2700762592972308,0.035678420510340085
Test_413,0.9972751044305858,0.00015744637618172303,0.0022928926307723124,0.0002745565624604543
Test_414,0.007516414754463931,0.023184347188767114,0.9647651204948902,0.004534117561879033
Test_415,0.017098748475782244,0.042575872245934704,0.9277032317152967,0.012622147562986413
Test_416,0.06261005790860039,0.04756183439706924,0.17865587431137075,0.7111722333829595
Test_417,0.008859361725439168,0.059601598932131475,0.9276374186666163,0.0039016206758135208
Test_418,0.8290057798041536,0.04068624249340014,0.09753696681859958,0.032771010883846735
Test_419,0.4794081729004377,0.022241037612382965,0.4895339584273662,0.008816831059813006
Test_420,0.00041506547714389964,0.03328711741677087,0.9653965508543041,0.0009012662517811131
Test_421,0.0017121955951652536,0.0025797538146416586,0.001009176990671501,0.9946988735995215
Test_422,0.4512084297826297,0.10569322112857717,0.16345316489103037,0.2796451841977625
Test_423,0.009990374493623682,0.2831922565329136,0.6282546770667631,0.07856269190669954
Test_424,0.0004174268885529404,0.20414196955701003,0.7911200952786176,0.004320508275819482
Test_425,0.07762505362776495,0.030606411315493763,0.03084973565543294,0.8609187994013083
Test_426,0.2595473944084625,0.020727753325525112,0.5329647664296923,0.1867600858363202
Test_427,0.0008771093162858331,0.0037033640224124033,0.0002316310933606625,0.9951878955679411
Test_428,0.0042131135692066776,0.01862519723736399,0.006996506207816044,0.9701651829856136
Test_429,6.756085407433618e-05,0.014382963526486898,0.9853457727616255,0.00020370285781316205
Test_430,0.0072332882300855765,0.10349582938110198,0.886834313389168,0.0024365689996444723
Test_431,0.9290592558647133,0.00704250510846874,0.04411004916680057,0.01978818986001711
Test_432,0.04483555362323554,0.20617572700825595,0.15911663362965223,0.5898720857388563
Test_433,0.005631399585171023,0.006357124241547894,0.004422706912085553,0.9835887692611957
Test_434,0.025726131699123692,0.1515026701250624,0.16716865923970778,0.6556025389361062
Test_435,0.9520541711811831,0.0005824799145928119,0.019547195658444438,0.02781615324577962
Test_436,0.07057554977522686,0.0747421552833947,0.6996734509598085,0.1550088439815703
Test_437,0.05283558689083733,0.08720743563424162,0.8239096801345892,0.03604729734033227
Test_438,0.006788981352950622,0.23843645854755158,0.7174556675887085,0.03731889251078895
Test_439,0.008774517680886036,0.22130892215289819,0.7554821201610877,0.014434440005128
Test_440,3.8989428262112326e-05,0.010557799120131583,0.988947867041629,0.0004553444099774274
Test_441,0.8969244485808892,0.017361225176392634,0.05775444885098282,0.0279598773917351
Test_442,0.29457973122117476,0.056664182937556117,0.5545837293567628,0.09417235648450661
Test_443,0.002867033629078526,0.26474057266776313,0.04072582653765183,0.6916665671655068
Test_444,0.9569173354170251,0.0015456701905464953,0.01708512253313953,0.024451871859288776
Test_445,0.027838366616431204,0.0931723672273133,0.8001962453771242,0.07879302077913158
Test_446,0.014689980509083506,0.12724551837180018,0.787640627227184,0.07042387389193241
