image_id,healthy,multiple_diseases,rust,scab
Test_0,0.0006213517886072357,0.03680001582227678,0.9389162247249631,0.02366240766415295
Test_1,0.004187699122290823,0.3830400420924006,0.5412880980007773,0.07148416078453096
Test_2,0.024790902493396962,0.0562383404684673,0.03161084226958332,0.8873599147685524
Test_3,0.9824091888700911,0.0006041233055703989,0.010683787027384869,0.006302900796953519
Test_4,1.088474612808706e-05,0.0054252722720903555,0.9943860953371342,0.000177747644647065
Test_5,0.9584408894278035,0.009270982651964542,0.02471823917002282,0.007569888750209078
Test_6,0.9002807533516541,0.007355019232555754,0.01646022120746386,0.07590400620832606
Test_7,0.0003997777668540893,0.0031734453332445092,0.00043672708493284275,0.9959900498149684
Test_8,0.01327183191299484,0.03198941373310886,0.03602210044950017,0.9187166539043959
Test_9,0.4467800479170597,0.04632820918461528,0.45038868468063253,0.05650305821769266
Test_10,0.008471451102273563,0.09445998075215438,0.8908604711852552,0.006208096960316717
Test_11,0.5600705987272881,0.10796003281825126,0.2088008793019899,0.1231684891524707
Test_12,0.10599423093394635,0.05096871430540452,0.01212269232437548,0.8309143624362737
Test_13,0.9757855969748181,0.004390128190789542,0.012849140112060948,0.006975134722331328
Test_14,0.0006871057583583086,0.004597957108682157,0.9942170813100579,0.0004978558229015817
Test_15,0.032521893815850134,0.0030663951917598987,0.9283297375109152,0.03608197348147477
Test_16,0.8882706257502131,0.004328537073287326,0.09778455660647647,0.00961628057002337
Test_17,0.019869271878127384,0.07566160396551153,0.005686439068828342,0.8987826850875325
Test_18,0.09836712117555708,0.07087249385350759,0.04929014232415655,0.7814702426467786
Test_19,0.0003916605562218836,0.021867648864299094,0.969481929606597,0.008258760972882103
Test_20,0.019300109321589137,0.004099559915622618,0.0047689060873679495,0.9718314246754202
Test_21,0.970628626456197,0.0003427220936763296,0.0010804200131753138,0.027948231436951333
Test_22,0.001487912282628619,0.13941075855409063,0.8519123287812811,0.007189000381999594
Test_23,0.0016143626021527192,0.00754610438641909,0.00860914448479367,0.9822303885266348
Test_24,0.29589111626180636,0.009645681798249154,0.2026937668942782,0.4917694350456662
Test_25,0.47765291562229995,0.026820394310931382,0.045800726741353756,0.44972596332541454
Test_26,0.007908181995441365,0.20786939409078029,0.2943002397302657,0.4899221841835126
Test_27,0.004764842365704089,0.10363693440677473,0.865439572960453,0.026158650267068036
Test_28,0.9738593756536115,0.008404759058605283,0.0037321482551105796,0.014003717032672645
Test_29,0.015527012050516447,0.07263446939482807,0.29873464417647383,0.6131038743781814
Test_30,0.6904291351112886,0.01828212152069546,0.010598917177881993,0.28068982619013383
Test_31,4.9508345452971995e-05,0.9504123431789128,0.040545120991002714,0.008993027484631301
Test_32,0.508138239283864,0.0277684125640949,0.03718510877983562,0.42690823937220507
Test_33,0.011872758544040622,0.09388313099695776,0.013931848251473365,0.8803122622075285
Test_34,0.08074924859197269,0.021343520274180704,0.061417199909905705,0.8364900312239407
Test_35,0.0014002781503020356,0.005550016073833968,0.0016414352373072714,0.9914082705385567
Test_36,1.312865012907663e-05,0.0031731921622927804,0.9962210723272634,0.0005926068603149445
Test_37,0.004820142592639388,0.011073720937238943,0.001328123789009189,0.9827780126811122
Test_38,6.732927329504555e-05,0.012159431645946756,0.00038409061853447214,0.987389148462224
Test_39,0.0854439836472906,0.02605635130033008,0.7772455946064918,0.1112540704458875
Test_40,0.00012437367034428263,0.003415142409810439,0.9924299230329852,0.004030560886860045
Test_41,0.0014010625078727502,0.0326138715853991,0.9608196797935246,0.005165386113203271
Test_42,0.0007829264994637707,0.1841438453228217,0.007881793732583305,0.8071914344451314
Test_43,0.9762265612500248,0.00014236304887448918,0.017903666982611515,0.0057274087184891005
Test_44,0.08374994663385876,0.13270037814980498,0.03696262474634006,0.7465870504699962
Test_45,0.24425554893689258,0.21950618496554875,0.05758525521689769,0.4786530108806611
Test_46,0.11938426823649484,0.11425876091375936,0.008100489889827448,0.7582564809599184
Test_47,0.00012870019557416693,0.003992638683699207,0.99409180814698,0.0017868529737464895
Test_48,0.0006604114170333059,0.01112621195407587,0.9790900329279411,0.00912334370094951
Test_49,0.007477015682032978,0.003782751156142895,0.9874911874289234,0.0012490457329007592
Test_50,0.0002332892867773736,0.004581971105277051,0.9889490723410882,0.006235667266857451
Test_51,0.0019557111304539295,0.06787240367430505,0.8994569897987192,0.030714895396521828
Test_52,0.0005871217512792664,0.040231685435503595,0.9515023393496567,0.0076788534635606484
Test_53,0.004196089819100673,0.001144674227548863,0.9944494683922589,0.00020976756109169383
Test_54,0.001238324257939427,0.3842294248026244,0.5620276298281416,0.052504621111295155
Test_55,0.027495837979936832,0.18721191419028863,0.24865294346181732,0.5366393043679576
Test_56,0.03392564947699835,0.6390911596125048,0.03433454024179018,0.29264865066870643
Test_57,0.23715491363314098,0.14475246325173394,0.5320297357992024,0.08606288731592275
Test_58,0.001907557065929389,0.028891236030880903,0.0057383712081349545,0.9634628356950545
Test_59,0.00200375280344354,0.04144441069975578,0.9340938064559143,0.022458030040886506
Test_60,0.005564895513426758,0.12463380134573254,0.1288727214765155,0.7409285816643248
Test_61,0.5562603895097973,0.07601358911716324,0.032972463406429786,0.33475355796660966
Test_62,0.45347742445696415,0.035753331700442315,0.4525140616645106,0.058255182178082565
Test_63,0.0020971743893399048,0.1635332837077614,0.021307229281127053,0.8130623126217714
Test_64,0.9548706341710692,0.0015617863169179642,0.03225105152222747,0.011316527989785469
Test_65,0.006488779476775099,0.2048998414986551,0.7192222192964572,0.06938915972811247
Test_66,0.9484162824347642,0.039272417065986255,0.009084022689274274,0.003227277809975342
Test_67,8.795788784615768e-05,0.008630087983966821,0.9880677453300469,0.003214208798140082
Test_68,0.17049357623910577,0.2897413776633176,0.011841603793287046,0.5279234423042894
Test_69,0.00015135419337636774,0.02050734194891311,0.9774906927892648,0.0018506110684457424
Test_70,0.013346157261293547,0.061753153537387515,0.12855333148421086,0.7963473577171082
Test_71,0.0440792114962232,0.007189455984927583,0.9456185984907332,0.003112734028115906
Test_72,0.1801229393872626,0.05320837482388751,0.009188210362896005,0.7574804754259538
Test_73,0.783380101584214,0.04933728545316393,0.13044769534426479,0.0368349176183571
Test_74,0.9327089698218937,0.01935615200909257,0.019687604038501533,0.02824727413051241
Test_75,0.0034536613312949973,0.03362736436896319,0.6471651148274646,0.3157538594722772
Test_76,0.986246628661205,2.4332819590375876e-05,0.0028241869979739177,0.010904851521230458
Test_77,0.014654566768942511,0.014745069961105153,0.9548140084529659,0.015786354816986516
Test_78,0.001066285285958989,0.5505339194417078,0.010759100069932265,0.4376406952024012
Test_79,0.21059736492122852,0.3217670524205891,0.07356694470980099,0.3940686379483814
Test_80,0.00044313974203208026,0.7582241287290062,0.00641143006530625,0.23492130146365564
Test_81,0.0011534205776592946,0.34010193589461346,0.647199266008422,0.01154537751930484
Test_82,0.004013279313667042,0.09102444204245999,0.7148600362026496,0.19010224244122342
Test_83,0.0011736151804602813,0.44454842693911756,0.5046420952037891,0.04963586267663314
Test_84,0.03800980792932567,0.00855791688405615,0.002326351353590485,0.9511059238330278
Test_85,0.8554570133148656,0.021017864345199685,0.06589011710482234,0.057635005235112516
Test_86,0.06399814181653994,0.27851199555878503,0.4008064880992127,0.2566833745254623
Test_87,0.7395741589719744,0.002881623955561217,0.008249071961830163,0.2492951451106343
Test_88,0.04439431601381605,0.032932529033166756,0.09366562202737476,0.8290075329256426
Test_89,0.8802162983846634,0.004286637800090108,0.10736016422715823,0.008136899588088395
Test_90,0.003343656829028463,0.03316211681583164,0.9586050546500542,0.004889171705085849
Test_91,0.2328381532728377,0.06892646690551359,0.34597716074501483,0.3522582190766337
Test_92,0.9672196880906981,0.000705807457727545,0.019179873994645515,0.012894630456928584
Test_93,0.0005327099869607461,0.03855604602789914,0.9595408190185029,0.0013704249666370235
Test_94,0.004931378618921498,0.016821673353801057,0.006123074322319526,0.9721238737049579
Test_95,0.5786684888621331,0.0782630148694957,0.31157346361439564,0.03149503265397545
Test_96,0.04233545546856324,0.0025759227114567833,0.03219002213830475,0.9228985996816752
Test_97,0.921133210885332,0.0326681876629492,0.018273575692108374,0.02792502575961008
Test_98,0.05347995337326177,0.39444596572240487,0.01818739356820667,0.5338866873361267
Test_99,0.4464542995976487,0.08939706953587814,0.20665650637430755,0.2574921244921656
Test_100,0.013781248488803542,0.48013922340134374,0.006588764490657386,0.4994907636191956
Test_101,0.9090130335582022,0.0133216793344729,0.019908225684575044,0.05775706142274985
Test_102,0.02837084442270914,0.02927224487495782,0.023109778838367588,0.9192471318639656
Test_103,0.05731274136039734,0.07973764091255635,0.818301036993677,0.04464858073336971
Test_104,0.011340387540967492,0.010700152999903225,0.06741617587376299,0.9105432835853665
Test_105,0.16374409706351872,0.03658152593902186,0.09984977540672872,0.6998246015907306
Test_106,0.7489840554516073,0.02463519754230881,0.16181943850903002,0.06456130849705369
Test_107,0.00014733441138885107,0.014083193227934655,0.9819963888086711,0.003773083552005374
Test_108,0.004615295447110212,0.008692920557515655,0.0021564628920430645,0.9845353211033306
Test_109,0.04658059309507099,0.1235292568162978,0.030690517862692376,0.7991996322259389
Test_110,0.09029433538237383,0.006795102127944253,0.008608176871648452,0.8943023856180334
Test_111,0.9202859377703219,0.0014081801191049527,0.0031874645158735484,0.07511841759469988
Test_112,0.0007208448752777265,0.06574336040029748,0.9205385197061826,0.01299727501824232
Test_113,0.043752553526192534,0.07521311168730818,0.026061604958321476,0.8549727298281776
Test_114,0.05328533461741995,0.31829907593128764,0.2844078971712211,0.34400769228007116
Test_115,0.0018949069452755588,0.024506478300241476,0.9680008522686475,0.005597762485835505
Test_116,0.017044864839362496,0.31289669032311557,0.6578863646694753,0.012172080168047076
Test_117,0.0016924355105164138,0.04509026037375416,0.9429955004059107,0.010221803709818865
Test_118,1.1537907378424574e-05,0.0012098441682976897,0.9982681445455086,0.0005104733788150187
Test_119,0.700662386181404,0.022875661356992257,0.260216969955567,0.016244982506036766
Test_120,0.0002089590114371495,0.12667438137546694,0.86800959807249,0.005107061540606033
Test_121,0.2099304518526588,0.019258464470385282,0.6700277992387653,0.10078328443819083
Test_122,0.0014910742664259408,0.01692580528434374,0.9794272937700427,0.002155826679187665
Test_123,0.0004294865273764449,0.030212078323931867,0.9678926408364803,0.0014657943122110984
Test_124,0.008968121893094646,0.09419341403435288,0.005198956485325023,0.8916395075872275
Test_125,0.20769393984697956,0.33973501724076,0.10540445292661679,0.34716658998564354
Test_126,0.9479688230419847,0.002495092243234058,0.03910040018198315,0.010435684532798141
Test_127,0.5242966951603122,0.03238238558137876,0.09388125962961952,0.34943965962868967
Test_128,0.003051762122959189,0.09402320742753206,0.24354922034990906,0.6593758100995996
Test_129,0.056015819517916475,0.5955341457656275,0.1198787751538548,0.22857125956260105
Test_130,0.06339505179190723,0.08510524513790499,0.00404856842509637,0.8474511346450917
Test_131,0.0016914577318572525,0.012637636572708236,0.0002862013364010437,0.9853847043590335
Test_132,0.9739761342758442,0.0003210626083727196,0.01839905596941579,0.007303747146367253
Test_133,0.004459425888341009,0.004350394227736845,0.0004654151049813993,0.9907247647789407
Test_134,0.43215717181349433,0.008835447935093492,0.0900074208298865,0.46899995942152556
Test_135,0.01726394883672038,0.08785738222709313,0.16372520443090433,0.7311534645052822
Test_136,0.0004835088584437861,0.022136382954306658,0.009765480719394154,0.9676146274678555
Test_137,0.0019650812043610533,0.09818592349400909,0.8964827999893769,0.003366195312252851
Test_138,5.2857988787432445e-05,0.008127017802717592,0.9917123289370998,0.0001077952713950173
Test_139,0.9978223394230912,0.0001272772838817671,0.001270581459853798,0.0007798018331732335
Test_140,0.022819621975665533,0.025640421025550274,0.8940171341578276,0.05752282284095647
Test_141,0.014932239273115959,0.002946546916898661,0.002285965394754835,0.979835248415231
Test_142,0.0013286866523566738,0.3041168798084945,0.028245195649015245,0.6663092378901336
Test_143,0.002997452538948751,0.013003903684791214,0.001499255098086028,0.9824993886781739
Test_144,0.9452846649548484,0.00547927883083554,0.005664165038804812,0.04357189117551076
Test_145,0.05909136913938628,0.05555159796607086,0.124220263419166,0.7611367694753767
Test_146,0.0014843513416461355,0.004583228043764799,0.9922303275987925,0.0017020930157965975
Test_147,0.00018386038436661204,0.08846889400664099,0.9082463917819419,0.003100853827050692
Test_148,0.8870854651175257,0.04366539940039151,0.029769223021385023,0.03947991246069763
Test_149,0.05545004398267584,0.05195830806971817,0.7920486017138936,0.10054304623371242
Test_150,0.042737890492808184,0.17294843942817142,0.6166469088122624,0.16766676126675817
Test_151,3.966049484096512e-05,0.0022247292069031634,0.9974183843709111,0.0003172259273449007
Test_152,5.431443872641791e-05,0.0036348018477595587,0.9919001588910041,0.004410724822509776
Test_153,0.1673226376815459,0.04003608488481354,0.011611276064744535,0.7810300013688962
Test_154,0.0027872875898232773,0.013682333955762536,0.9430200810278212,0.040510297426592956
Test_155,0.0007721531019418008,0.01141076274627864,0.9574923579394897,0.030324726212289693
Test_156,0.02707978007763053,0.016678684353405908,0.017237958904326747,0.9390035766646362
Test_157,0.01739682234138214,0.06512009241609673,0.5389844864043423,0.3784985988381787
Test_158,0.006259058225603337,0.03707433583896331,0.0164691657289015,0.9401974402065321
Test_159,0.04358750396067679,0.10644837189577906,0.7389266541021978,0.11103747004134631
Test_160,0.8845507973092412,0.055246722514862664,0.04626475965592646,0.013937720519969563
Test_161,0.013180305662362515,0.1195555831084717,0.8343455069998644,0.03291860422930136
Test_162,0.006636640442484142,0.004628849026876445,0.9825568702770351,0.006177640253604237
Test_163,0.0033208482817235776,0.2920928469884458,0.6749062524124577,0.029680052317373057
Test_164,0.43638633324792386,0.27537562006263555,0.01697161763362094,0.2712664290558198
Test_165,0.008132217161074392,0.3754358409142562,0.029589718474294813,0.5868422234503746
Test_166,0.2594487356732563,0.0170777005703728,0.6698991398184566,0.05357442393791422
Test_167,1.668527316558717e-06,1.7561012958045449e-06,0.9992823406407095,0.0007142347306781748
Test_168,0.0017377127509983538,0.025860948775960686,0.953273762488639,0.01912757598440177
Test_169,0.12079104033260146,0.05120145469416357,0.5346059473682677,0.2934015576049677
Test_170,0.6666655766980086,0.13216214549703048,0.13458038970215658,0.0665918881028043
Test_171,0.006085738949300325,0.05115896915661416,0.9185424352754035,0.024212856618681868
Test_172,0.002052541141457651,0.7151641844479288,0.2710057911264413,0.011777483284172477
Test_173,0.0058356873586199245,0.009571130004732836,0.9836458329389764,0.0009473496976707437
Test_174,0.6986283104102036,0.017618978599459562,0.023374041977823286,0.26037866901251366
Test_175,0.44381656662940716,0.06625525504895145,0.19464731005156774,0.2952808682700737
Test_176,0.0006362218030098586,0.04229680122909659,0.9551021290005114,0.001964847967382279
Test_177,0.009977122000757467,0.001388827839429729,0.0016585009758852843,0.9869755491839276
Test_178,0.0008251234852521173,0.0015230672472628473,0.00019733494161708708,0.997454474325868
Test_179,0.0020953215094059374,0.45436132944188773,0.5317711451304654,0.011772203918240723
Test_180,0.02210563027820131,0.46231815654345654,0.3641722173203234,0.1514039958580188
Test_181,0.1314263343591773,0.01517558271593799,0.004460531625911416,0.8489375512989733
Test_182,0.0031801152184368084,0.017164343172178017,0.8820211591480955,0.09763438246128948
Test_183,0.3562409222706027,0.031133313524174106,0.522530277634232,0.09009548657099127
Test_184,0.0138771928195642,0.06310350769545102,0.28921241890783206,0.6338068805771528
Test_185,0.12783727928404223,0.24591248389579828,0.1092875930465987,0.5169626437735609
Test_186,0.24017720252448374,0.3093205303238677,0.12494887026133303,0.3255533968903155
Test_187,0.0013671097718481763,0.02143333543711134,0.9765935221974404,0.0006060325935996117
Test_188,0.08136450875661205,0.008698094269364078,0.8944006658315887,0.015536731142435247
Test_189,0.4185995400420118,0.025980060104808956,0.07698073569495877,0.47843966415822065
Test_190,0.07077076716858399,0.0210514696012388,0.7765922407768245,0.13158552245335245
Test_191,0.011521379441151175,0.014350281077221513,0.8319879146361915,0.14214042484543563
Test_192,0.8357570075563593,0.021082549725493213,0.03112433029494166,0.11203611242320585
Test_193,0.0032492649276721236,0.010713698663289643,0.9843204856755877,0.0017165507334503814
Test_194,0.001267233581051857,0.22668115693995272,0.767961636165769,0.004089973313226377
Test_195,0.3890550013710048,0.3566954744267694,0.12154338352597396,0.13270614067625175
Test_196,0.05660471587389238,0.09611287629424341,0.054088292297235205,0.7931941155346292
Test_197,0.00013777045456929296,0.12320453358354011,0.8712844152703075,0.005373280691582979
Test_198,0.0065294696001591945,0.10011300689697429,0.0035402607768145024,0.889817262726052
Test_199,0.12445925088279607,0.023401640214053155,0.6492099083830057,0.2029292005201451
Test_200,0.0011255718613001474,0.05449660359014804,0.9397947682346826,0.004583056313869432
Test_201,0.06465156473567803,0.04505258277124815,0.048478971405425716,0.8418168810876483
Test_202,0.005048457265232797,0.18052379870364066,0.5447203297607335,0.26970741427039296
Test_203,0.0009209099619330597,0.3166405424482353,0.6572906364059286,0.025147911183902864
Test_204,0.20027505946917354,0.05317281714143359,0.07161454580937117,0.6749375775800218
Test_205,0.06906663230475697,0.0014230243030895916,0.0022656858374365944,0.9272446575547166
Test_206,0.011998640123236998,0.04804180560440771,0.0035089669822770107,0.9364505872900785
Test_207,8.516556367072067e-05,0.007999901147079139,0.9825437643471732,0.00937116894207687
Test_208,0.7907478637580511,0.014614812312876597,0.05417246949976713,0.14046485442930545
Test_209,0.0028890460674804866,0.311721673236579,0.5979725800675518,0.08741670062838844
Test_210,0.01399807967687182,0.023540834867500516,0.06358664979925112,0.8988744356563769
Test_211,0.019242169193694324,0.36028324746035917,0.09259954501515454,0.5278750383307921
Test_212,0.0009297017919549466,0.0020514368263529438,0.996504617684602,0.0005142436970902498
Test_213,0.0006691700663541077,0.5793567383781262,0.023968614997877745,0.39600547655764207
Test_214,2.050852111931237e-06,0.0009594353568521869,0.9972378983771029,0.0018006154139329701
Test_215,0.5191341503247803,0.3061976214430959,0.038063870875866164,0.13660435735625792
Test_216,0.9428524921023644,0.011026269834925368,0.04113939888069673,0.0049818391820140575
Test_217,0.25161278535846066,0.026467603589707282,0.1238238119438729,0.5980957991079594
Test_218,0.833315597132932,0.11456149717408821,0.009643176451364059,0.042479729241615666
Test_219,0.12070996538802659,0.0011106338097016004,0.8741045171304872,0.0040748836717844975
Test_220,0.0028753120331268794,0.25790336497736777,0.026377967978734432,0.712843355010771
Test_221,0.7943584254305149,0.09121200252083406,0.07391594401946582,0.040513628029185116
Test_222,0.0003292403459874956,0.0014297614317022526,0.9967095689867939,0.0015314292355166105
Test_223,0.000488546009192013,0.21390469584738594,0.7782776307013811,0.007329127442041067
Test_224,0.9630801319884817,0.004518660204089769,0.009469480995013133,0.022931726812415225
Test_225,0.9356540771937915,0.00798856935116091,0.04980582642961227,0.006551527025435437
Test_226,0.0002563172130182247,0.395786400244804,0.5974818208090211,0.006475461733156797
Test_227,0.009528132993394596,0.0389078483940714,0.004488983744424467,0.9470750348681097
Test_228,0.12134191715480659,0.003284521419253482,0.8401460507859703,0.03522751063996954
Test_229,0.00020363968295138013,0.12175814208865865,0.8707690192530161,0.007269198975373602
Test_230,0.06756929864615689,0.014179581820731417,0.02281512122112229,0.8954359983119895
Test_231,0.001577801207708211,0.010348792717844588,0.0032650898859946744,0.9848083161884523
Test_232,0.037370073738608386,0.007035704050356664,0.9531855077590937,0.002408714451941114
Test_233,0.7904906647982305,0.00857451491116733,0.0853973160657206,0.11553750422488133
Test_234,0.020092627137106016,0.015384437985123102,0.0023856730493306143,0.9621372618284404
Test_235,0.003274974833903065,0.011261742390066451,0.0023664682551242434,0.9830968145209065
Test_236,0.05958003232518371,0.26976719140594474,0.5636294410909627,0.10702333517790848
Test_237,0.038896430271011084,0.04562008083429018,0.12756343387276856,0.7879200550219302
Test_238,0.0011778106512020854,0.03470430331595255,0.9597705619960266,0.004347324036818838
Test_239,0.018130864789957814,0.13601816072995285,0.8390810032021719,0.0067699712779175315
Test_240,0.0006646705175494358,0.8212192366724448,0.17252473124222256,0.005591361567783328
Test_241,0.0009341045504287854,0.1754179870619414,0.440946065934795,0.38270184245283484
Test_242,0.5211411276076895,0.13425111307286808,0.03383708711420312,0.3107706722052392
Test_243,0.6945840017420106,0.004649524031246092,0.2738198625065757,0.026946611720167567
Test_244,0.3454695111124411,0.16836207308988158,0.04395204345676659,0.44221637234091055
Test_245,0.004252336594369933,0.7553754612564405,0.13122079670051578,0.10915140544867405
Test_246,0.03885661091198635,0.10968491063258645,0.010791544057754433,0.8406669343976726
Test_247,5.4347244565823166e-05,0.005875209154790515,0.0016116815065651744,0.9924587620940784
Test_248,0.15027199412146025,0.08837942039200404,0.025856686337513465,0.735491899149022
Test_249,0.035368820075171434,0.021899607591320563,0.11092954982174599,0.8318020225117619
Test_250,0.9757028884581939,0.0016046224222679363,0.003889747845670411,0.01880274127386766
Test_251,0.587084988688841,0.04942300263112657,0.012973402591844853,0.35051860608818747
Test_252,0.007693339368395664,0.126673982382785,0.8303843987711502,0.03524827947766875
Test_253,0.001364302224656,0.49853554769153685,0.019399338561597135,0.4807008115222097
Test_254,0.03615765925876553,0.12416932292316434,0.009612730855519372,0.8300602869625505
Test_255,0.19161341853817557,0.03481062905240451,0.09084688837961433,0.6827290640298055
Test_256,0.0003313327676512154,0.015609147958970669,0.016109832301706296,0.9679496869716717
Test_257,9.468213347177203e-06,0.0025307169786111974,0.9973418404288437,0.00011797437919815841
Test_258,0.004260058858737757,0.6509293285983027,0.22384155349139506,0.12096905905156449
Test_259,0.05164566374103897,0.028860421865141112,0.8917540678657447,0.027739846528075172
Test_260,0.05399540863216287,0.025433142701666377,0.035844941488162994,0.8847265071780082
Test_261,1.7390728979834018e-05,0.0063130173032215,0.992995245267638,0.0006743467001609487
Test_262,0.03711767811612075,0.43622993188458015,0.4364691441668779,0.09018324583242124
Test_263,0.4265646795889314,0.03885054112383849,0.022935898072972978,0.5116488812142572
Test_264,0.8891746290523371,0.018024095778023958,0.05657869746742573,0.03622257770221341
Test_265,0.017136978139016212,0.0637014095205581,0.9070507443981664,0.012110867942259485
Test_266,0.0003583145413488838,0.003103897645694562,0.0005215518924238033,0.9960162359205328
Test_267,0.8847264978684157,0.004380599364966667,0.0984422397208901,0.012450663045727449
Test_268,0.0063781134693071334,0.661969180852106,0.2510495954725891,0.08060311020599796
Test_269,0.5528559795863669,0.0722136631316217,0.07039896875799402,0.3045313885240172
Test_270,0.001741858904229175,0.0009755216269269371,0.000393373842880545,0.9968892456259633
Test_271,0.027844358890627533,0.2029372385583255,0.08805331872516574,0.6811650838258814
Test_272,0.000755623336240822,0.1730199952491834,0.8054617365087733,0.020762644905802527
Test_273,0.3675905605862308,0.2828244013850431,0.08781343042556213,0.2617716076031641
Test_274,0.0008031064807008747,0.002887582806323589,0.9934767305854728,0.002832580127502537
Test_275,0.004267176812291257,0.028674441122743755,0.9506704382643221,0.01638794380064266
Test_276,0.005046270017424692,0.2093255725665884,0.14460482076954778,0.6410233366464391
Test_277,0.09352875857469331,0.034364068079320874,0.023180324463710777,0.8489268488822753
Test_278,0.0015276490229256911,0.38540723994750425,0.01792618817293087,0.5951389228566396
Test_279,0.0014775771363707939,0.009219053780112552,0.9866177851393092,0.002685583944207047
Test_280,0.002746707525691359,0.022814796810569207,0.002793214155967329,0.971645281507772
Test_281,0.14392153832038618,0.025781661746538634,0.06820544060796498,0.7620913593251102
Test_282,0.0010418120339821897,0.894282978140798,0.007327836604153373,0.09734737322106654
Test_283,0.006704756522732378,0.09723672569436544,0.8092969669186575,0.08676155086424445
Test_284,0.0017939629842559693,0.0906299685819187,0.8898560641905428,0.01772000424328257
Test_285,0.7141537793244479,0.04085698876296549,0.04122996878459942,0.2037592631279871
Test_286,0.6475120464949894,0.0008229460482297566,0.0008077885017284018,0.3508572189550524
Test_287,0.34237877538400036,0.03930766078714514,0.11875440346137763,0.4995591603674768
Test_288,0.00014137683671638384,0.007229099577612765,0.0009039997345581513,0.9917255238511129
Test_289,0.004107263000353324,0.009405983907154233,0.0004824319229917949,0.9860043211695004
Test_290,0.0066285538288304085,0.01951104782806541,0.9556865025764658,0.018173895766638474
Test_291,0.24338288591716753,0.02277093254795611,0.6382876489512286,0.09555853258364767
Test_292,0.8404521919454347,0.003060429744951744,0.07956620893103637,0.07692116937857733
Test_293,0.007335821369204019,0.2798228220564855,0.6497329287669859,0.0631084278073249
Test_294,0.002208570461047281,0.18278954038357378,0.805384894421029,0.009616994734349746
Test_295,0.028057649183371426,0.14419106463417752,0.7818188488447708,0.04593243733767976
Test_296,0.27732989747004966,0.02147946124056373,0.1124691172995437,0.588721523989843
Test_297,0.004829190781817932,0.02320519919442645,0.04018273906549044,0.931782870958265
Test_298,0.00025989978856138287,0.0185504721617416,0.9509216823064105,0.030267945743286662
Test_299,0.0017956740185299976,0.13774098275654154,0.04072541952681878,0.8197379236981096
Test_300,0.9282856215359633,0.0014504573768320608,0.007976615087312872,0.0622873059998915
Test_301,0.8584636977147663,0.008372965912364418,0.09359910673129086,0.03956422964157855
Test_302,0.003546672619550116,0.6207265075408039,0.030728550083310647,0.3449982697563352
Test_303,0.567901395700215,0.2308970459365466,0.07011565549677819,0.13108590286645988
Test_304,0.678537728601002,0.1101763570262,0.061764390343137424,0.1495215240296606
Test_305,0.876966198512862,0.001880460450404233,0.0025555303950542353,0.11859781064167968
Test_306,0.03234704853302849,0.056327247964817875,0.2108844530293635,0.70044125047279
Test_307,0.5534292465837907,0.027339761107670568,0.3496082044715906,0.06962278783694817
Test_308,0.015072163202171111,0.1368767642777219,0.5010824774302566,0.3469685950898507
Test_309,0.0012661996960433852,0.06349789567923121,0.8460204230476474,0.08921548157707804
Test_310,0.0020435996075975718,0.3105169817144672,0.6248338356263768,0.06260558305155846
Test_311,0.0009552962380627844,0.2854382858611548,0.5820908531122331,0.131515564788549
Test_312,0.00026398373453678255,0.0009761999093159151,0.0004825409564084063,0.9982772753997387
Test_313,0.00033721449556336705,0.023824803160753753,0.0009080577645022732,0.9749299245791806
Test_314,0.004236962516737454,0.12351075413629299,0.001953290183064242,0.8702989931639055
Test_315,0.0009666094586868745,0.00508708833218176,0.0005206183952550412,0.9934256838138762
Test_316,0.9080399733626543,0.031579671146056414,0.05337019822869868,0.0070101572625904125
Test_317,0.0015698841208557452,0.004062290514716302,0.9832675348935649,0.01110029047086275
Test_318,0.5608958983646091,0.291863966539459,0.01926364105240173,0.12797649404353045
Test_319,0.00029631699679036935,0.02868631929983884,0.9661061591927673,0.004911204510603273
Test_320,0.0847969037605966,0.05879011744509515,0.813396731364733,0.04301624742957548
Test_321,0.6105320237555462,0.17648321887572466,0.06523574271578415,0.1477490146529449
Test_322,0.13139076164017044,0.13292681010540566,0.6833811327593632,0.05230129549506052
Test_323,0.003765064035008517,0.11141911197415902,0.8755420126228238,0.009273811368008688
Test_324,0.00014903464893279586,0.017295079338052667,0.9821914374066247,0.00036444860638987204
Test_325,0.007379819609958597,0.057291944436616164,0.001566393651046487,0.933761842302379
Test_326,5.773411851948407e-05,0.007953351554772657,0.9899386520015824,0.0020502623251254025
Test_327,0.006699840232566789,0.02772480117424723,0.010967723722676995,0.9546076348705087
Test_328,5.730964133145794e-07,1.0175254772007671e-06,0.9999525690606137,4.584031749558399e-05
Test_329,0.002418805990850159,0.030379009368269032,0.9661481674099978,0.0010540172308832832
Test_330,0.003126714087028454,0.2970094609716456,0.6791198390443747,0.02074398589695124
Test_331,0.4137093740649436,0.23480242837955984,0.08303265712453985,0.2684555404309569
Test_332,0.9630827623702137,0.01616923646603932,0.011908070541211952,0.008839930622535139
Test_333,0.015034129308794223,0.2601008050077539,0.704815522314709,0.02004954336874298
Test_334,0.0001686455946563843,0.015637314434878376,0.9838544894136628,0.0003395505568022378
Test_335,0.6413400231600296,0.11209467709379801,0.1768712613160552,0.06969403843011718
Test_336,0.31316371055892095,0.01835449335253707,0.43258583711165294,0.23589595897688928
Test_337,0.9331259191645308,0.004259748605124651,0.033659887546937904,0.02895444468340671
Test_338,0.9831495333459863,0.00012070443718854267,0.011354331463910159,0.005375430752914988
Test_339,0.012819048930025586,0.664009578656682,0.309550484575162,0.013620887838130634
Test_340,0.12194715231130505,0.09893919889436223,0.32222893374615585,0.4568847150481769
Test_341,0.5012055577838798,0.13195085933845505,0.015098350097819107,0.3517452327798461
Test_342,0.9883758156993935,0.00047298313979696183,0.010157180308449296,0.0009940208523603177
Test_343,0.026406739387480792,0.005800778427903879,0.005902038919272386,0.9618904432653428
Test_344,5.6670113598942364e-05,0.010409577942987037,0.9895143216759932,1.9430267420503173e-05
Test_345,0.00032372586509669574,0.03209184567306841,0.9644087095700963,0.0031757188917386665
Test_346,0.00011765068639886312,0.018643639857964894,0.9803138785711416,0.0009248308844945515
Test_347,0.0001240582484250144,0.009704534790411707,0.9877758061540041,0.0023956008071592586
Test_348,0.001005444868547649,0.0007720746251044321,0.0004469911641845047,0.9977754893421633
Test_349,0.024656371606487114,0.4751945032519627,0.09441156311051915,0.4057375620310308
Test_350,0.010037656326386863,0.01515348273852123,0.017878433661502286,0.9569304272735896
Test_351,0.0009526110626077867,0.007668444702492619,0.988629041376205,0.0027499028586944426
Test_352,0.028811830386955572,0.018122461436486423,0.004263589278364349,0.9488021188981937
Test_353,0.18865690548891928,0.027654058780705024,0.017822553546496922,0.7658664821838789
Test_354,0.0059532418294725815,0.012935801716394133,0.9761886279902496,0.004922328463883705
Test_355,0.9782257044245831,0.006579645832359898,0.0006054170672795228,0.014589232675777579
Test_356,0.6835692514397423,0.0428240212700533,0.14809626002369916,0.1255104672665051
Test_357,0.9575757850829211,0.005617295085735837,0.032872971988605594,0.0039339478427374815
Test_358,0.07992213805637866,0.10493927028601006,0.406197647493525,0.40894094416408633
Test_359,0.00943004670828188,0.008645171202845182,0.023966295951439474,0.9579584861374333
Test_360,0.010538423695160743,0.042564095563690445,0.005536773121576307,0.9413607076195724
Test_361,0.8732683919114335,0.04319736917558347,0.01094658031527505,0.07258765859770808
Test_362,0.6761397235649601,0.0015507917616103227,0.05207100201246161,0.2702384826609677
Test_363,0.0010864933182691424,0.24321790273097782,0.7421268926318714,0.013568711318881745
Test_364,6.224484893701462e-05,0.004431159182477742,0.9950204552018483,0.0004861407667368436
Test_365,0.00512322854010192,0.011878778883430962,0.9793257869202815,0.003672205656185659
Test_366,0.006016557361307069,0.12694182671463958,0.7947388166453164,0.07230279927873716
Test_367,0.07986706875341693,0.02184662041634371,0.06914583856792711,0.8291404722623122
Test_368,0.4887949300261514,0.0062806833548713845,0.4068099113469795,0.09811447527199786
Test_369,0.0008290728088648862,0.007382623575886236,0.0007733930228493481,0.9910149105923995
Test_370,0.031108867336015922,0.013796434887766905,0.932722277333286,0.0223724204429313
Test_371,0.00014797271006394496,0.01679431737416471,0.982917112940651,0.0001405969751206542
Test_372,0.002786948125230236,0.008370261636730892,0.005113846307181548,0.9837289439308575
Test_373,0.010936810188443367,0.05700789650517761,0.9198439616497952,0.01221133165658395
Test_374,0.008912493139330607,0.05047999723064272,0.9268793504593862,0.013728159170640453
Test_375,0.0044487585295977785,0.017131556527918475,0.0002664070731826845,0.978153277869301
Test_376,0.9388672371991617,0.015908076529469888,0.011103856850132378,0.0341208294212362
Test_377,0.18181551414767955,0.07952722559178274,0.4669759194762656,0.27168134078427203
Test_378,0.004844410414313474,0.024105383618895623,0.96813299498519,0.002917210981600847
Test_379,0.03937719788500162,0.5986549598506614,0.2251511603315245,0.13681668193281246
Test_380,0.05456522189145244,0.0818754982034384,0.07563727824655476,0.7879220016585543
Test_381,0.17148239343174085,0.4162570614199629,0.015571789033268932,0.3966887561150271
Test_382,0.18260759401410112,0.07061508434095892,0.010264696059698902,0.7365126255852409
Test_383,0.8022506683454309,0.05008265955616244,0.03457270590816993,0.11309396619023641
Test_384,0.08988029348962416,0.02657248185455109,0.8630554451833851,0.02049177947243979
Test_385,0.5051080039200726,0.023034892647795933,0.016571081228843976,0.4552860222032877
Test_386,0.005619023999325991,0.43176275929791547,0.44139298943416894,0.12122522726858954
Test_387,0.03639058897604039,0.00915066428374587,0.0025706711799504947,0.9518880755602634
Test_388,0.4312505624412847,0.01804961763413515,0.012473302993582602,0.5382265169309978
Test_389,0.8350541263969421,0.0012015528847221524,0.1607156952169824,0.003028625501353195
Test_390,0.40840221250476977,0.006460443814471658,0.019469807054014684,0.5656675366267442
Test_391,0.000129196695020433,0.2610306849687429,0.7331918223848208,0.005648295951415697
Test_392,0.012823704120224318,0.07630972337016535,0.7551288014400164,0.15573777106959402
Test_393,0.009845288262230413,0.0033021211120665356,0.00013802865483458242,0.9867145619708687
Test_394,0.7146951513157239,0.00022935864320318083,0.0010608995572052172,0.28401459048386757
Test_395,0.0020318885758992297,0.8691719757850628,0.11815395185415377,0.010642183784884525
Test_396,0.012165343412032941,0.029579244459204207,0.009301581686068518,0.9489538304426938
Test_397,0.09219157982465266,0.04395067226970338,0.12499605929388097,0.7388616886117629
Test_398,0.0016734835497458575,0.14290913121926616,0.8201456173454741,0.03527176788551405
Test_399,0.412112011140068,0.010591254592251602,0.0034658800989569192,0.5738308541687236
Test_400,6.968019052486461e-05,0.008603957690462998,0.9906012158529842,0.0007251462660278739
Test_401,0.0033678585040891463,0.16178526417123545,0.8114700833102195,0.02337679401445589
Test_402,0.0970028686087164,0.004575920275735675,0.0030579006333435357,0.8953633104822044
Test_403,0.008764384211324739,0.02589998713628678,0.9604356417622049,0.004899986890183976
Test_404,0.23252531771898968,0.06355407873182078,0.06151516059373514,0.6424054429554543
Test_405,2.1703348360838532e-06,1.7378322373400391e-06,1.143688039918427e-06,0.9999949481448867
Test_406,7.661909506495125e-05,0.0038600263872937586,0.001092305057966509,0.9949710494596749
Test_407,3.856012719146061e-05,0.006070289559863041,0.00032502759065413376,0.9935661227222914
Test_408,0.023760431451379353,0.08597317144382391,0.042021884706644794,0.848244512398152
Test_409,0.003204299661025545,0.07881748977349878,0.49391658261533816,0.42406162795013735
Test_410,0.007472188181794595,0.007244689891293129,0.001579360746898056,0.9837037611800142
Test_411,0.992681002902693,0.00034405680573121984,0.0003004551171904402,0.006674485174385332
Test_412,0.005099842038977354,0.6939579458323621,0.2705767411637495,0.030365470964910848
Test_413,0.9979321143830532,0.0004566030782802424,0.0012995884258687508,0.0003116941127978777
Test_414,0.0095767741824644,0.005266468212867406,0.9815489674962242,0.003607790108444149
Test_415,0.05820683787547134,0.19131664174138815,0.7115615887200508,0.038914931663089625
Test_416,0.017353193171516918,0.011222810677189658,0.013587578654125763,0.9578364174971677
Test_417,0.0012709939045726156,0.038365466754332375,0.9566612948982639,0.0037022444428312603
Test_418,0.9835667350264627,0.0050237011703273835,0.00695236576915428,0.0044571980340556185
Test_419,0.8681030421158609,0.002927227579381362,0.11664643888033324,0.012323291424424322
Test_420,0.00087862696407093,0.08527022952970274,0.9076202029772129,0.006230940529013653
Test_421,0.002776788531678731,0.019780815801941253,0.0060202383079708925,0.9714221573584091
Test_422,0.2528479848267669,0.03572931843573121,0.09086260862249274,0.6205600881150091
Test_423,0.0023446502206212094,0.221458519815837,0.7357975949730913,0.0403992349904506
Test_424,0.000422996469776529,0.33870454219002827,0.6502871860867111,0.010585275253484041
Test_425,0.12555698824944614,0.08814486713429327,0.08917232961370015,0.6971258150025608
Test_426,0.5887857825503823,0.013885656379927586,0.29775683118844753,0.09957172988124256
Test_427,0.0011820357042536525,0.01606898186104728,0.0012906274819870823,0.9814583549527122
Test_428,0.0022260029842552497,0.012958076598378806,0.012274397609763402,0.9725415228076025
Test_429,3.552904405326488e-05,0.007383744432791707,0.9923588231862106,0.00022190333694455816
Test_430,0.017105225644070115,0.07898338406446606,0.9030339577885214,0.0008774325029425421
Test_431,0.9564833420793641,0.00048296908644042646,0.011868195748862716,0.031165493085332743
Test_432,0.02392968502563276,0.3338113163170059,0.02402963795993169,0.6182293606974296
Test_433,5.505877440144356e-07,1.9633221358674146e-07,3.190600371310578e-07,0.9999989340200053
Test_434,0.003187549008998152,0.13150220914819014,0.028261037862798856,0.837049203980013
Test_435,0.9160175595647005,0.0017057404442565502,0.01287582107205782,0.06940087891898507
Test_436,0.061536472836373805,0.2940297020116283,0.07940663350629838,0.5650271916456995
Test_437,0.0007993663793092515,0.042941207874326204,0.9529418237615409,0.003317601984823641
Test_438,0.0007718368646134775,0.7062615430726407,0.25796275607254465,0.03500386399020125
Test_439,0.08588900838364186,0.32711413502219033,0.577810525172142,0.00918633142202564
Test_440,0.0007074818655800894,0.05907905743458116,0.9397080137612023,0.000505446938636641
Test_441,0.6902794831495122,0.1474600590462369,0.07813076212390496,0.08412969568034585
Test_442,0.021115098114618504,0.007372212765624814,0.9486253980201155,0.022887291099641223
Test_443,0.0009027850176358854,0.6488168963672206,0.0036345145040672395,0.3466458041110765
Test_444,0.8632599994708502,0.009400381433169328,0.0764712927786901,0.0508683263172904
