image_id,healthy,multiple_diseases,rust,scab
Test_0,0.03745260941186042,0.09048297918627861,0.7414645371261012,0.1305998742757603
Test_1,0.2992188186538059,0.14482070709068198,0.3727741264468177,0.18318634780869442
Test_2,0.06877907038599225,0.009800898848848749,0.04346034913330682,0.877959681631852
Test_3,0.8558429616969352,0.004289419947758861,0.04032227965384906,0.09954533870145667
Test_4,0.09064709241297045,0.05752378050313151,0.8035722657725761,0.048256861311321876
Test_5,0.6297707296036111,0.0691839997825449,0.20286490649913777,0.09818036411470646
Test_6,0.7035933262726607,0.016664375914344286,0.03947211939675697,0.24027017841623782
Test_7,0.023105571092859784,0.014325298227671384,0.024512568064807037,0.9380565626146619
Test_8,0.2155382164308271,0.21545755105190478,0.19890727794018281,0.3700969545770854
Test_9,0.35656880181356654,0.03844997063784796,0.523535336166322,0.08144589138226371
Test_10,0.05483870669085033,0.14580562319316673,0.5804201541377979,0.21893551597818506
Test_11,0.711530207431581,0.019316090944611664,0.23366653311564842,0.03548716850815882
Test_12,0.24570275124289528,0.041217925293769296,0.05835487338085049,0.654724450082485
Test_13,0.6724910963848044,0.04642699692758321,0.11127741418667665,0.16980449250093543
Test_14,0.07486555314328348,0.04742416112013442,0.6871749679356707,0.19053531780091143
Test_15,0.11785836921843187,0.11209224653168265,0.2679061134197553,0.50214327083013
Test_16,0.7047211920007631,0.017263943862764114,0.09296265918285694,0.18505220495361566
Test_17,0.05219137606076038,0.5331931145989824,0.3019611282860706,0.11265438105418671
Test_18,0.44443419053195843,0.012621958459355893,0.26261305483936764,0.2803307961693179
Test_19,0.01679056472842333,0.19527556889214417,0.6639392727984744,0.12399459358095795
Test_20,0.35399532649127813,0.03220733849615617,0.055892108145736995,0.5579052268668284
Test_21,0.9000946959853373,0.005751158909790304,0.024635052638444604,0.06951909246642797
Test_22,0.07133445752354277,0.05745820132338242,0.7389892886684563,0.13221805248461851
Test_23,0.0543347621069762,0.005873734990642123,0.2148664046971431,0.7249250982052388
Test_24,0.7738408423591415,0.025011717121140965,0.08730787314911292,0.11383956737060481
Test_25,0.7454470310607606,0.013507758758856616,0.10408242509299519,0.136962785087388
Test_26,0.1513973313329948,0.032084046065176806,0.29939006637093263,0.5171285562308957
Test_27,0.021999511015744638,0.11260815702286936,0.7342808951312958,0.13111143683009013
Test_28,0.7425837245243054,0.033256894306450346,0.13942331381537812,0.08473606735386627
Test_29,0.12905079722101123,0.2968472409795185,0.19131018534596336,0.38279177645350715
Test_30,0.7984273660062164,0.0189740112857018,0.08691181926384928,0.09568680344423257
Test_31,0.014187130470050798,0.5699851715756601,0.3302270435620833,0.08560065439220574
Test_32,0.7470652271859792,0.007060441745428293,0.1446259245095447,0.10124840655904778
Test_33,0.03493736930684262,0.011284042220369663,0.015845936871175966,0.9379326516016115
Test_34,0.05869956391106614,0.012011897673900363,0.8168797467927353,0.11240879162229825
Test_35,0.025660708251327963,0.05478025086408163,0.08389976576593325,0.8356592751186573
Test_36,0.1832076915414468,0.04187146092761874,0.5878010080819186,0.18711983944901608
Test_37,0.2893144837098021,0.09440751456297365,0.053254425604659636,0.5630235761225649
Test_38,0.12309157309104712,0.07513684142128306,0.02979159355092939,0.7719799919367403
Test_39,0.023611098238863308,0.01701971312118714,0.8492819406808191,0.11008724795913008
Test_40,0.18221708090568228,0.10512718260548445,0.33800942554830904,0.37464631094052436
Test_41,0.2701268457164584,0.06746711526351258,0.5946228781732932,0.06778316084673572
Test_42,0.0335138786761037,0.04833434645953961,0.0304895666187833,0.8876622082455735
Test_43,0.721755086887026,0.019388132436158476,0.24894613236615395,0.009910648310661272
Test_44,0.23448425578171359,0.15662329806193753,0.16686654322333608,0.442025902933013
Test_45,0.07224764460872216,0.17428707718346773,0.23660352260698353,0.5168617556008265
Test_46,0.3618290825302049,0.1473820271636063,0.1702640553858374,0.32052483492035133
Test_47,0.011031314137575632,0.02678007523243612,0.934700234893714,0.027488375736274193
Test_48,0.08613643948999175,0.11437590583447362,0.7272417875670457,0.07224586710848896
Test_49,0.03149420555698934,0.014605398650613308,0.9120418802189758,0.04185851557342136
Test_50,0.02165411493150122,0.17614774988113935,0.7381391061480673,0.06405902903929206
Test_51,0.5241461603337915,0.02919238235840157,0.27823505439090196,0.1684264029169051
Test_52,0.1872729389452774,0.04383800347671969,0.6702234761609392,0.09866558141706364
Test_53,0.09083306933869231,0.06906840176732673,0.8040099027532187,0.0360886261407624
Test_54,0.41547060310007855,0.13539589869785412,0.2767684481371978,0.17236505006486963
Test_55,0.27418777390728,0.014107110416700428,0.32224024779331406,0.38946486788270596
Test_56,0.21349361268464082,0.028157718146112537,0.3023217588399822,0.45602691032926446
Test_57,0.32751265877319613,0.008681393235450523,0.07478438561503542,0.5890215623763176
Test_58,0.14613550404583847,0.0854067857796207,0.07901742019513672,0.6894402899794043
Test_59,0.06134372290099745,0.04496493416532302,0.7981990928233168,0.09549225011036244
Test_60,0.10186885050337674,0.12844686382756895,0.0895503109925743,0.6801339746764798
Test_61,0.36801524796447416,0.05231040244869762,0.29623168035354197,0.2834426692332862
Test_62,0.13472497783350826,0.04668398375911367,0.5493826497857994,0.2692083886215788
Test_63,0.4295363868411426,0.013778962943723504,0.08665375307024124,0.4700308971448929
Test_64,0.26504917154067836,0.05029932590110063,0.4510458712829665,0.23360563127525463
Test_65,0.10445155205875349,0.0387169495929723,0.3507871347543076,0.5060443635939665
Test_66,0.9176561950693883,0.04372004043606984,0.011237409945742788,0.027386354548799233
Test_67,0.1341889026530155,0.02601349833105588,0.22836135779933378,0.611436241216595
Test_68,0.028163534054462553,0.1456191210093489,0.7270935705930309,0.09912377434315751
Test_69,0.02756339746500794,0.13605339387573434,0.5557191150438341,0.2806640936154236
Test_70,0.08639604525385991,0.016849941904241612,0.032253376489485584,0.8645006363524129
Test_71,0.021687723273022038,0.025753429418727943,0.9407616213578107,0.011797225950439267
Test_72,0.10972529464867725,0.08282990386592858,0.3804906402935844,0.4269541611918099
Test_73,0.48968620107405053,0.062215179364014814,0.289638600099349,0.15846001946258564
Test_74,0.7735221071106311,0.05372713947321638,0.10030590529435428,0.07244484812179879
Test_75,0.06281065562780352,0.04590719233427541,0.07810611236883137,0.8131760396690898
Test_76,0.5155252406572592,0.008982350945678839,0.23055642163622778,0.24493598676083425
Test_77,0.8459992184693447,0.004072483017107891,0.1317246216025569,0.01820367691099024
Test_78,0.1354914411644757,0.1792137745040179,0.10209603514516209,0.5831987491863442
Test_79,0.23676028601492125,0.17162261091866585,0.33017728851943867,0.26143981454697435
Test_80,0.0850520127792417,0.1413407250053405,0.2551689479634491,0.518438314251969
Test_81,0.4104650190413456,0.05614372320889454,0.32468970508067874,0.20870155266908094
Test_82,0.29421618857210685,0.0726151573676461,0.5629327236530609,0.07023593040718572
Test_83,0.10025065119166887,0.12836297148357842,0.052880620906351136,0.7185057564184016
Test_84,0.6192815183688709,0.01864583927231339,0.22902172515840347,0.1330509172004123
Test_85,0.563005796533818,0.017437132510885692,0.06317869287915188,0.3563783780761443
Test_86,0.21285519737395586,0.28703841692750837,0.2677785066147748,0.23232787908376118
Test_87,0.6002798467663889,0.03150165089297602,0.04274488806309629,0.3254736142775385
Test_88,0.0809686315640177,0.04183993280857779,0.5428814310702396,0.33431000455716475
Test_89,0.42516113215697265,0.05434058317015716,0.1786286211331149,0.3418696635397553
Test_90,0.32248842205970335,0.10441576919274344,0.2139932395738165,0.35910256917373684
Test_91,0.7577012405330896,0.03310198497028806,0.10251612123082479,0.10668065326579727
Test_92,0.7930505446241005,0.0313453162433493,0.043637007893800046,0.13196713123874992
Test_93,0.04570339658211874,0.15503801495854927,0.7127541846175401,0.086504403841792
Test_94,0.18957828198482268,0.04375317599043476,0.02713495217433537,0.7395335898504072
Test_95,0.5362259078802233,0.01214592962610741,0.19960436360512657,0.25202379888854287
Test_96,0.29777316575887386,0.012132740157781229,0.12798480745958746,0.5621092866237577
Test_97,0.7907830816815369,0.028430602066758338,0.11850584953452968,0.062280466717175
Test_98,0.4918426777908229,0.17450128456926742,0.14028720790433638,0.1933688297355736
Test_99,0.3614578764113846,0.024359777965492043,0.3373412469494531,0.27684109867367035
Test_100,0.0818502453062481,0.02427285525052618,0.01662682554647585,0.8772500738967498
Test_101,0.6685663430712845,0.01986251912048383,0.11871826197929092,0.19285287582894078
Test_102,0.35746899539638477,0.0203254552777853,0.18893920260558658,0.43326634672024344
Test_103,0.036999422068494145,0.22343232438167562,0.6235994929352064,0.1159687606146239
Test_104,0.046467775585638534,0.0893942115093097,0.3145061295648242,0.549631883340228
Test_105,0.3285333553577935,0.05045324945416911,0.05301541203561067,0.5679979831524268
Test_106,0.5612886546005224,0.038930885299833136,0.20062833459598342,0.19915212550366088
Test_107,0.12868883811364115,0.01313067185971048,0.15744253253570284,0.7007379574909458
Test_108,0.1857910800467896,0.024879829113808344,0.07157626819782303,0.7177528226415789
Test_109,0.44792729520499264,0.022427708111908896,0.28845358168935686,0.24119141499374153
Test_110,0.5534942388210681,0.02385090236070959,0.24335247821732695,0.17930238060089554
Test_111,0.6419063466528486,0.055130771092047094,0.09568290525713659,0.20727997699796752
Test_112,0.0520339633530592,0.041006919902998255,0.668552120949402,0.2384069957945403
Test_113,0.06456061750338943,0.1287701619501473,0.06722353242478517,0.739445688121678
Test_114,0.01559710347563672,0.12874426577602952,0.8111356669892434,0.04452296375909033
Test_115,0.2084539631994666,0.05541994904980757,0.4140326187757634,0.32209346897496244
Test_116,0.4671342091198541,0.12316400099703513,0.24632956954422258,0.16337222033888824
Test_117,0.007783605226857849,0.04045493858493386,0.8992683812117022,0.052493074976506
Test_118,0.05133383791034465,0.02007082473645026,0.7591032716031162,0.16949206575008874
Test_119,0.8409756519345485,0.008047650648893848,0.13988516404479706,0.011091533371760616
Test_120,0.08091357299440172,0.06869765611731865,0.7377076106021254,0.11268116028615406
Test_121,0.3030220985863754,0.020581931684062492,0.330382227101316,0.34601374262824586
Test_122,0.7040074513137493,0.025604749624809964,0.21784968266638707,0.052538116395053534
Test_123,0.012889160160720524,0.12769431088326932,0.8081590723585779,0.051257456597431826
Test_124,0.7569821721079301,0.024931538168786564,0.0487335970286074,0.169352692694676
Test_125,0.5857233180359964,0.09400363102597592,0.03377674604355349,0.2864963048944745
Test_126,0.7214356916454779,0.07904939721318245,0.09127479221226992,0.10824011892906957
Test_127,0.6426628026144986,0.026087953754440108,0.036633769919837154,0.2946154737112243
Test_128,0.14007280040504494,0.17352683690050513,0.39316313501124456,0.2932372276832054
Test_129,0.22477061602914603,0.16149748638861114,0.13754016933953794,0.4761917282427051
Test_130,0.01696535257252848,0.023099361018460468,0.011176288867202426,0.9487589975418085
Test_131,0.00999250752614642,0.008365929149014123,0.01926334998069514,0.9623782133441445
Test_132,0.6674774105505017,0.0260805141099066,0.10509213219168352,0.20134994314790797
Test_133,0.020651828314887235,0.05295800146214749,0.07290074943948247,0.8534894207834822
Test_134,0.32998818140116337,0.023638385518548535,0.2553462462431746,0.3910271868371135
Test_135,0.03250003894755718,0.04180712495139612,0.21876055537414654,0.7069322807269002
Test_136,0.15247011697202412,0.019153373394777073,0.20922141540856334,0.6191550942246355
Test_137,0.002723077445204458,0.1339860476668049,0.829359219773507,0.033931655114483115
Test_138,0.13528407522579136,0.040716432487939866,0.7029145322893243,0.12108495999694452
Test_139,0.8213656613870473,0.010955714211019546,0.0889724718818946,0.07870615252003851
Test_140,0.5017741493256783,0.022144528168518803,0.3205201844631903,0.15556113804261246
Test_141,0.4252558502379667,0.0310895260032881,0.31100185061971103,0.23265277313903407
Test_142,0.21417018418047784,0.3119044335645023,0.1517928899951977,0.3221324922598223
Test_143,0.23238869015526095,0.13981101760411205,0.4469459921831542,0.1808543000574729
Test_144,0.7021526299985331,0.03651490503020966,0.22691996003238957,0.034412504938867494
Test_145,0.24366041967423596,0.05504689509094772,0.6132810725003677,0.08801161273444862
Test_146,0.0065978892978181165,0.030885843859999793,0.9600945370099732,0.0024217298322091393
Test_147,0.08330043870238096,0.025045840535679445,0.6881697837301648,0.20348393703177506
Test_148,0.048524972902963495,0.13217268610063931,0.7151075590465739,0.10419478194982311
Test_149,0.4019023273040013,0.02348983245136436,0.5268264852176445,0.047781355026989915
Test_150,0.1291084116006022,0.1095327409888252,0.5070375581107072,0.2543212892998654
Test_151,0.04131175719202668,0.04541502286571654,0.8666073384026284,0.04666588153962829
Test_152,0.031681112926403444,0.12067444660386387,0.7749007456463136,0.07274369482341907
Test_153,0.1878666737801276,0.02180611238657631,0.28567323110185816,0.5046539827314382
Test_154,0.09648754857249674,0.0694881560460505,0.4855014461192585,0.3485228492621945
Test_155,0.023137166035299528,0.19788607108322623,0.6571370651268695,0.12183969775460479
Test_156,0.2911351182582468,0.1990609144813292,0.16814292804768266,0.34166103921274127
Test_157,0.7829287238740638,0.022967996748535495,0.08749034356929145,0.10661293580810924
Test_158,0.11097167900752546,0.004440640585578765,0.005318239140149351,0.8792694412667464
Test_159,0.5861127101934642,0.015254799707145413,0.2874928651502588,0.1111396249491319
Test_160,0.7763696992334402,0.031769656674338016,0.04418160147325738,0.14767904261896472
Test_161,0.1542493076465688,0.03432252505899825,0.5108322734775808,0.30059589381685203
Test_162,0.1770052152357356,0.05207439544587781,0.7112459549248962,0.05967443439349047
Test_163,0.1034897852990235,0.0938179177277723,0.2137379721672968,0.5889543248059076
Test_164,0.7215587979890978,0.027599901048778932,0.08987745471314307,0.16096384624898047
Test_165,0.05499849399932239,0.13884243678528585,0.3109663311495824,0.49519273806580943
Test_166,0.38846893006490935,0.007542790114797909,0.45490860484120277,0.14907967497909003
Test_167,0.6324243716822856,0.011613149623591976,0.22066170621292727,0.13530077248119496
Test_168,0.010045500825685333,0.047990466246828956,0.9235481250217021,0.018415907905783655
Test_169,0.37489716286125785,0.03107107967494998,0.12271151050244049,0.47132024696135166
Test_170,0.16575700978997143,0.012386905799859821,0.45675365693660525,0.36510242747356353
Test_171,0.04557430651457518,0.025712600919892085,0.4674865933384358,0.46122649922709735
Test_172,0.03270532744389673,0.15794846843832502,0.7512599328196049,0.058086271298173585
Test_173,0.01565841449808126,0.0535943392775296,0.8997970171660942,0.030950229058294997
Test_174,0.24257938128157583,0.1483206760435337,0.3307787292940801,0.27832121338081023
Test_175,0.3580852238518711,0.09235961336724222,0.19740440555426572,0.35215075722662104
Test_176,0.06487266713447931,0.15455998383116526,0.7201131132638502,0.060454235770505384
Test_177,0.05831412674471553,0.017344684936756345,0.022211761210271103,0.9021294271082574
Test_178,0.5498048481420295,0.029182652663922667,0.08206153589348114,0.3389509633005666
Test_179,0.002871042475066474,0.03932842218514581,0.9399542291871942,0.017846306152593746
Test_180,0.21776020023660725,0.0479673296866686,0.253509618147622,0.48076285192910206
Test_181,0.0373020058620181,0.06995258583315626,0.07868031925302367,0.8140650890518019
Test_182,0.07644583955553323,0.08016241052491546,0.11891788534466852,0.7244738645748828
Test_183,0.6811484831971191,0.016310856667325326,0.20213343725084454,0.10040722288471084
Test_184,0.2760220572616309,0.09000895681814663,0.2032510229846603,0.4307179629355617
Test_185,0.2401937428928523,0.17892703886304093,0.35658061541792613,0.22429860282618064
Test_186,0.016793268815423142,0.02912280350966893,0.0675549325506021,0.8865289951243054
Test_187,0.09894176507540772,0.0343810485136464,0.7485867676731579,0.11809041873778785
Test_188,0.11912838598186444,0.013932359404013758,0.8370433019204959,0.02989595269362603
Test_189,0.4139130382676264,0.10024190745315473,0.3293189416029022,0.1565261126763169
Test_190,0.023625584751766467,0.0947403379691133,0.7264847926666504,0.15514928461246977
Test_191,0.0032167984618491716,0.14794655514604724,0.8413277437090091,0.007508902683094361
Test_192,0.8356670005460416,0.009247895532681077,0.12407945662883572,0.03100564729244131
Test_193,0.0246373168814248,0.022682470714611075,0.7545925221222732,0.1980876902816904
Test_194,0.005204777861305087,0.31725370432074385,0.650210494314929,0.02733102350302212
Test_195,0.5577639142828029,0.060697191002747765,0.29629729933169885,0.08524159538275046
Test_196,0.15821804755395824,0.024117236740707645,0.06866779614137765,0.7489969195639564
Test_197,0.022947341960699762,0.11898357505106252,0.788653180631071,0.06941590235716649
Test_198,0.04871198892330558,0.10994774529665736,0.2862876514334899,0.5550526143465473
Test_199,0.03542616142757288,0.017142652229264123,0.8897342366216048,0.05769694972155837
Test_200,0.08526103791841717,0.019098029132672917,0.8362478035694487,0.059393129379461417
Test_201,0.02155547311840274,0.005917275280611697,0.11978204894828628,0.8527452026526994
Test_202,0.14504996271684903,0.09028476387150228,0.4593693655850912,0.3052959078265576
Test_203,0.05231752001934302,0.24698801543008153,0.30464437074600365,0.39605009380457196
Test_204,0.2389293038625916,0.0287871165338628,0.2699841182010312,0.4622994614025145
Test_205,0.05530060205591118,0.00838312953377672,0.030882220766416443,0.9054340476438955
Test_206,0.018033788345533694,0.01860096829779595,0.013225548296253378,0.9501396950604171
Test_207,0.12098620097186576,0.04346416569132646,0.36751647157837497,0.4680331617584327
Test_208,0.336016390888835,0.06003786197980761,0.38041870188887045,0.22352704524248698
Test_209,0.02785640257999089,0.3309757544045306,0.6127714267913685,0.028396416224109898
Test_210,0.34343427878135474,0.03252722395854389,0.4947195993085362,0.1293188979515648
Test_211,0.028752876751532545,0.18970783490347162,0.6445065424494771,0.13703274589551895
Test_212,0.5299721623163691,0.03629868219593605,0.42058069183333935,0.013148463654355555
Test_213,0.028947749520311556,0.1938684581961087,0.07108496895160446,0.7060988233319754
Test_214,0.023460472635959052,0.10282718888007741,0.7170747965844634,0.15663754189950022
Test_215,0.8324205628562983,0.04417715656404487,0.08274970082624118,0.040652579753415685
Test_216,0.7571855933731954,0.0899523146705956,0.13198955791595657,0.020872534040252345
Test_217,0.13689006810059998,0.04264713940215683,0.3798756554076588,0.44058713708958475
Test_218,0.8163203674121994,0.015769102642302968,0.14160810682901204,0.02630242311648579
Test_219,0.29959412433403687,0.039609805660867345,0.43047690525924437,0.23031916474585123
Test_220,0.014515733729715439,0.01976394357766122,0.07644628660245673,0.8892740360901665
Test_221,0.18445569750704327,0.03835948173429912,0.259818573739498,0.5173662470191596
Test_222,0.11448077549349764,0.057050251019897295,0.7717892529020126,0.056679720584592586
Test_223,0.013126290738668006,0.016680645655323727,0.7501199104141753,0.22007315319183315
Test_224,0.49089717374792863,0.021861806046388734,0.27823266262813284,0.20900835757754968
Test_225,0.7226062116860871,0.014114791904546661,0.24373175681116072,0.019547239598205573
Test_226,0.027754621682974465,0.7023231363048545,0.1793191652008078,0.09060307681136313
Test_227,0.10485291047720054,0.017415213727753977,0.11182916046243913,0.7659027153326063
Test_228,0.19409144221167096,0.027388306765189836,0.7371492081630074,0.041371042860131414
Test_229,0.3352444876046234,0.09379519163182291,0.3239920735779743,0.2469682471855794
Test_230,0.8294763597141473,0.008404064563911389,0.13991234144765632,0.02220723427428506
Test_231,0.24405186722444672,0.07037656953410767,0.2247518875274297,0.46081967571401616
Test_232,0.46284011329999325,0.013444515617691331,0.49880352366666314,0.02491184741565226
Test_233,0.4891324320653308,0.007892727705823287,0.3160879150793242,0.18688692514952154
Test_234,0.24229316090604355,0.030210159530632656,0.18456124040385624,0.5429354391594677
Test_235,0.08719141617509187,0.05708036131825267,0.42315557043178076,0.43257265207487494
Test_236,0.06151107145217829,0.09912601891509674,0.4501753309814864,0.3891875786512382
Test_237,0.38395697386264005,0.034445096011684995,0.30042381036139904,0.28117411976427614
Test_238,0.0028469284871913848,0.12825023467807584,0.853047952126202,0.01585488470853073
Test_239,0.014825240897206786,0.2007140376964772,0.554887921072651,0.22957280033366484
Test_240,0.0383136013277222,0.4746756193348889,0.4515137980104619,0.03549698132692726
Test_241,0.00968074000211867,0.03506703970945414,0.8841997988074589,0.07105242148096792
Test_242,0.5160143791844342,0.25877936568678217,0.060178106289970223,0.16502814883881334
Test_243,0.9084439151543446,0.00616788515787479,0.055424265646343826,0.029963934041436872
Test_244,0.7765017907976524,0.029526773219217713,0.07272869463972623,0.12124274134340375
Test_245,0.24025460571053944,0.057331968958392814,0.22542244099473174,0.4769909843363361
Test_246,0.012521732621427544,0.06897298748602024,0.46950650809619965,0.4489987717963526
Test_247,0.01127542878933455,0.052261950271045333,0.036952305474616254,0.8995103154650038
Test_248,0.5516831543401179,0.036238546026355574,0.09755638195891433,0.31452191767461224
Test_249,0.044114573264408895,0.07008901185694892,0.8073809182411651,0.07841549663747702
Test_250,0.8971731352881075,0.018352134556424256,0.03154326021519528,0.0529314699402731
Test_251,0.5780323186361157,0.03344014566748609,0.1204763798404946,0.26805115585590317
Test_252,0.2946138461913359,0.06158519728737821,0.49373610734643625,0.15006484917484975
Test_253,0.0456612095014662,0.01906744851370911,0.0718830868355474,0.8633882551492772
Test_254,0.232891241995361,0.05317703408466933,0.16844929437212527,0.5454824295478441
Test_255,0.12818773602877445,0.021558120056093567,0.09304885990630518,0.7572052840088271
Test_256,0.004815426121786302,0.012723807008245271,0.010522166108877263,0.9719386007610914
Test_257,0.18730609563732925,0.02425216763177494,0.7562468237048676,0.03219491302602816
Test_258,0.11988962105234453,0.09287970046420024,0.6777621055772596,0.10946857290619558
Test_259,0.5758534783214398,0.07204452875561448,0.23628614989669425,0.11581584302625106
Test_260,0.21536767963043466,0.016167708599718805,0.025797363080225837,0.7426672486896204
Test_261,0.04087700951676815,0.041988471618626316,0.730565145268693,0.1865693735959128
Test_262,0.12705064492140833,0.13052669545945303,0.28590306854283976,0.456519591076299
Test_263,0.3093509202996339,0.08603773820118377,0.331711224522908,0.27290011697627437
Test_264,0.4047753871241872,0.02818749843122686,0.44244681115212064,0.12459030329246559
Test_265,0.17504626531016812,0.04540244249141495,0.30693707307115425,0.4726142191272625
Test_266,0.023037750471098205,0.01984974165406807,0.09937506529334483,0.8577374425814884
Test_267,0.7017248562079828,0.029748706774010234,0.15947920344921188,0.10904723356879503
Test_268,0.010762759214586127,0.4209270466477204,0.49154445699515803,0.0767657371425354
Test_269,0.7295938388447901,0.012924705034484112,0.1190843228206069,0.13839713330011905
Test_270,0.3691464543096461,0.016554259412419305,0.036510717766021855,0.5777885685119127
Test_271,0.31432146496146735,0.014182937026192645,0.08014205914083289,0.5913535388715073
Test_272,0.009979601321742092,0.06293436206298299,0.12470656815720552,0.8023794684580692
Test_273,0.4185243064324506,0.036626786794424805,0.09582954052110662,0.449019366252018
Test_274,0.060866641043936326,0.09268743067676292,0.7526414213326333,0.09380450694666768
Test_275,0.09754187126498234,0.12867052574812612,0.6599058218812737,0.11388178110561774
Test_276,0.04459668216869519,0.034808538867681524,0.05537305819196461,0.8652217207716586
Test_277,0.09245451163811529,0.05876081410056776,0.16202321939733696,0.6867614548639797
Test_278,0.07046382594929564,0.013858011295765622,0.1682948718097686,0.7473832909451704
Test_279,0.1858109366985355,0.06031440547886998,0.6970443747458163,0.056830283076778114
Test_280,0.2766006364822704,0.015067332441038214,0.045409087800661975,0.6629229432760293
Test_281,0.047044666677796054,0.08361008317439815,0.04639370452396628,0.8229515456238394
Test_282,0.0757320603615065,0.11882419688699464,0.2155033542526619,0.589940388498837
Test_283,0.17639383144043985,0.15559002319912563,0.3063293581088321,0.3616867872516025
Test_284,0.08091178322421229,0.22483297518705767,0.49267421010127427,0.20158103148745607
Test_285,0.9310613501994165,0.003399675258999349,0.030793857635648788,0.03474511690593523
Test_286,0.23011205834290407,0.02287592668395794,0.17264869900937344,0.5743633159637649
Test_287,0.7987154516535516,0.011459992700838448,0.13417803575163198,0.055646519893978036
Test_288,0.016377151155623604,0.030001589129974846,0.011156887271629714,0.9424643724427719
Test_289,0.0272882988287669,0.02805805105659763,0.696696212220393,0.24795743789424257
Test_290,0.09708134191456132,0.05167462359826237,0.4955115736392304,0.35573246084794596
Test_291,0.41271915391864755,0.01835201333567194,0.5339576421529554,0.0349711905927251
Test_292,0.8874711765257425,0.024179072112603586,0.03419801288810517,0.05415173847354879
Test_293,0.11110801570884632,0.09677030996118885,0.422184404403941,0.3699372699260236
Test_294,0.18168688934860971,0.07433941955876888,0.1730831378398857,0.5708905532527357
Test_295,0.32040415404903294,0.02780188597734509,0.5810759717441247,0.07071798822949692
Test_296,0.34352902921456935,0.05850772770045963,0.4104420879881145,0.18752115509685652
Test_297,0.0014029466200483223,0.04736827679279707,0.029966553555946157,0.9212622230312084
Test_298,0.013148274037582152,0.06574246685971476,0.7981477452681329,0.12296151383456988
Test_299,0.04598665120808431,0.2129852102356443,0.2365181994104879,0.5045099391457837
Test_300,0.6116326285496357,0.034929911713612365,0.046184844055369954,0.3072526156813819
Test_301,0.2662091491875998,0.08424677272914205,0.15226351892572731,0.4972805591575311
Test_302,0.01654972345704662,0.051644997085436635,0.4989572102836201,0.4328480691738963
Test_303,0.7788078214327478,0.01115187616430257,0.06656417368872415,0.14347612871422558
Test_304,0.8646598367539601,0.04147592462030553,0.05713662652203945,0.03672761210369489
Test_305,0.4429805917473875,0.21427716050188994,0.07644952869975027,0.2662927190509721
Test_306,0.03309163907296011,0.15475330684011399,0.6536004464387227,0.15855460764820326
Test_307,0.33531100534910746,0.11805843854905768,0.4312434207683176,0.11538713533351765
Test_308,0.6520085744693671,0.03863411725898334,0.22166351484139898,0.08769379343025055
Test_309,0.05554459071936959,0.018232540927074364,0.600960592831613,0.32526227552194314
Test_310,0.005147164094904759,0.2626332762636224,0.6708893926827151,0.061330166958757766
Test_311,0.08769063891295778,0.08026779488069402,0.7323918244416676,0.0996497417646808
Test_312,0.0641813630106584,0.02323336903738832,0.026223057527485733,0.8863622104244677
Test_313,0.0164778384749797,0.007843374299563942,0.02590659340653406,0.9497721938189222
Test_314,0.10062024045406853,0.03775081512320417,0.05104817481217625,0.810580769610551
Test_315,0.2632124473396257,0.010862274665512912,0.13865505051693053,0.5872702274779307
Test_316,0.13627350512293482,0.017565370323537974,0.7551195770720732,0.09104154748145384
Test_317,0.09322385054823094,0.011661623827955565,0.779261544360023,0.11585298126379075
Test_318,0.01977105518105345,0.2952916392872432,0.054049783512018786,0.6308875220196845
Test_319,0.010256478303209825,0.09566028654499899,0.8645196133693972,0.02956362178239392
Test_320,0.13017128066992925,0.08911525796756495,0.6203413019868439,0.16037215937566207
Test_321,0.15193909719966905,0.03750678718632904,0.04239000033607792,0.7681641152779238
Test_322,0.4227784556210716,0.04270125826541685,0.23839760897162282,0.29612267714188883
Test_323,0.20131143445884478,0.019123078738821752,0.06432673587181695,0.7152387509305163
Test_324,0.08085601653428268,0.18335279744640334,0.6502129354071372,0.08557825061217676
Test_325,0.12221192661804961,0.03178008440072572,0.10568146246241651,0.7403265265188083
Test_326,0.6107490745624424,0.015582537420915924,0.17211578214986936,0.201552605866772
Test_327,0.29779936601836526,0.0410373149895578,0.1997683893782149,0.4613949296138619
Test_328,0.03110531464434173,0.016029739229540683,0.7859589369554076,0.16690600917071002
Test_329,0.17688891727816736,0.057346322863275824,0.5760878198128233,0.18967694004573346
Test_330,0.029177092400680144,0.13575224134657848,0.22367480729974498,0.6113958589529966
Test_331,0.13096509412636767,0.03364242812760443,0.09636285588330713,0.7390296218627206
Test_332,0.6442092907645145,0.04306834791645682,0.22643636550849874,0.08628599581052993
Test_333,0.45882682701259936,0.026986740240308314,0.2870330931322705,0.2271533396148216
Test_334,0.0025375828229245653,0.017578266011420353,0.975837203172439,0.004046947993215759
Test_335,0.2830218554502959,0.09733996062649317,0.281679289676079,0.3379588942471322
Test_336,0.3394875817230143,0.03861160200334234,0.2667138316586641,0.35518698461497933
Test_337,0.18936230386000263,0.12384994999249604,0.22936660112916848,0.4574211450183328
Test_338,0.8508584695676055,0.02367430605513533,0.057061593883051785,0.06840563049420749
Test_339,0.2627744518050628,0.23113994192078036,0.36913995202599,0.136945654248167
Test_340,0.1936400254769356,0.017351029120575914,0.6547262395539913,0.13428270584849714
Test_341,0.36055011886814503,0.14898542576379392,0.22167911677967894,0.26878533858838205
Test_342,0.8435918843217344,0.010176358901802084,0.09133383789959962,0.05489791887686375
Test_343,0.7948719625297118,0.06942378194497628,0.01814120506488262,0.11756305046042927
Test_344,0.41136501312423557,0.02981846405854067,0.513697076723188,0.04511944609403591
Test_345,0.07761069815423476,0.022350451261201467,0.8853108438633563,0.014728006721207587
Test_346,0.08620500292463831,0.02252892307056461,0.804525156692711,0.08674091731208612
Test_347,0.056659350831405615,0.011507084643874331,0.8950922728314303,0.03674129169328926
Test_348,0.07883275079921825,0.01895088721917165,0.018449597433989297,0.8837667645476206
Test_349,0.2146521626057174,0.09840737147861377,0.5397490469934779,0.14719141892219076
Test_350,0.025138220053643474,0.12746410010599746,0.12362203231529996,0.7237756475250593
Test_351,0.0015115087148099813,0.06540740020768075,0.921622862062872,0.0114582290146371
Test_352,0.2615296270668849,0.03372355016164122,0.12499391492515204,0.579752907846322
Test_353,0.37755236044495705,0.04012231868700395,0.12231598510796346,0.46000933576007524
Test_354,0.25950018774800176,0.131598212907978,0.40394270338029004,0.2049588959637301
Test_355,0.4028490580762651,0.03790581124527225,0.14278521122161417,0.4164599194568485
Test_356,0.631236799741032,0.051630354914696884,0.09392629548816205,0.22320654985610933
Test_357,0.7360807534094673,0.04054077996378463,0.16973281237209836,0.053645654254649684
Test_358,0.1276659282949958,0.07526987063563474,0.5309550477157459,0.2661091533536239
Test_359,0.019002174895275666,0.006318112592862538,0.05707243613357999,0.9176072763782815
Test_360,0.1754243553518889,0.03423758035270372,0.1211436457089149,0.6691944185864924
Test_361,0.4818116401834724,0.020834020286167407,0.14396833143803922,0.35338600809232096
Test_362,0.8021773325924025,0.06111433405878963,0.061560761297244526,0.07514757205156307
Test_363,0.10161868178577294,0.04760129430098538,0.6661681921235573,0.18461183178968418
Test_364,0.20697244120475877,0.030711332005454558,0.7332920523324449,0.02902417445734167
Test_365,0.062047684396143464,0.10522721914062828,0.8185678844273592,0.014157212035869025
Test_366,0.1174514810196237,0.04260326752391673,0.8004494768155329,0.03949577464092642
Test_367,0.0759097229994555,0.028339490776241004,0.3829271038897856,0.5128236823345176
Test_368,0.6821166296454234,0.0610193358856462,0.14802955324774203,0.10883448122118837
Test_369,0.05050932873817745,0.016535224072383222,0.038504177618565394,0.8944512695708742
Test_370,0.34184598057772536,0.08573452875036042,0.3193299257450716,0.2530895649268427
Test_371,0.2172098570314667,0.022078771047178234,0.40078922225250135,0.35992214966885394
Test_372,0.12135924727241028,0.1332646825169224,0.07757133747005403,0.6678047327406132
Test_373,0.03045953104267817,0.11301546145931365,0.6542388499945746,0.2022861575034334
Test_374,0.09261627607246416,0.05357336021181185,0.21110418431287964,0.6427061794028442
Test_375,0.14286587729008865,0.030734126018586994,0.015502831659868207,0.8108971650314563
Test_376,0.7236282092244041,0.020223570703500914,0.06075653446019481,0.19539168561189993
Test_377,0.4693649248212017,0.09810292790039406,0.14655593138958886,0.2859762158888151
Test_378,0.34882912889112155,0.05361636121247943,0.46388583162059854,0.13366867827580042
Test_379,0.2308299598019542,0.11651975831512422,0.30603374998583144,0.34661653189709046
Test_380,0.17193500754853788,0.12343184388611321,0.20406858985209145,0.5005645587132573
Test_381,0.6341298829573012,0.06934233832398597,0.0582610078342259,0.23826677088448653
Test_382,0.21669178081855608,0.027353917682660413,0.1680945151032262,0.5878597863955575
Test_383,0.34889287593169505,0.15853039912679504,0.12489622904039678,0.367680495901113
Test_384,0.5122712117189202,0.01721376034868851,0.3154507810326399,0.1550642468997514
Test_385,0.5148830795031967,0.030973339148252534,0.17447021198834026,0.27967336936021076
Test_386,0.006918666488775767,0.13985853312608493,0.49035091388799973,0.36287188649713964
Test_387,0.29784717377522213,0.09990275221940177,0.2424833171429706,0.3597667568624056
Test_388,0.2397286468530342,0.0016000741494216412,0.4814909427599279,0.2771803362376163
Test_389,0.6959659378728015,0.023035879641399977,0.2472521734293137,0.03374600905648458
Test_390,0.2923498799652513,0.03460543937675927,0.1558741604666526,0.5171705201913369
Test_391,0.334104963138605,0.33380081110686755,0.13620034792749441,0.19589387782703338
Test_392,0.08235986022439298,0.02793268456874694,0.8128793854253531,0.07682806978150715
Test_393,0.09495911120238523,0.018038433478375304,0.022884016501492282,0.8641184388177472
Test_394,0.6709856948614749,0.023110807437284282,0.16492298941852368,0.14098050828271697
Test_395,0.013829945869200196,0.19494493843246866,0.7417781401425124,0.049446975555818916
Test_396,0.2708422759499703,0.03503222717325198,0.043283545081612106,0.6508419517951654
Test_397,0.010629156915600837,0.008835174430661402,0.03554816058536903,0.9449875080683684
Test_398,0.02046541418381664,0.19032942047209475,0.5555351851785474,0.23366998016554105
Test_399,0.5423654942856031,0.023960938766006204,0.20717310111098305,0.22650046583740735
Test_400,0.10281997849777233,0.04097560700350191,0.7368839310072142,0.11932048349151153
Test_401,0.05844944043548069,0.03733597510523131,0.8334427514458835,0.07077183301340433
Test_402,0.12678961943278855,0.05228539883326258,0.4024248895924555,0.41850009214149325
Test_403,0.02853336929150928,0.022604602801484516,0.9270611112687386,0.021800916638268008
Test_404,0.22397770570904985,0.03139488244895755,0.6248098907963276,0.11981752104566487
Test_405,0.13905028223067478,0.024045313313236717,0.029198227783537027,0.8077061766725512
Test_406,0.003046667138474105,0.018835330933996027,0.006111792017561741,0.9720062099099683
Test_407,0.054827702191778856,0.022551889398176653,0.011914544969723152,0.9107058634403215
Test_408,0.27332415755596756,0.12217120250490729,0.23337259687615108,0.3711320430629741
Test_409,0.19904926727412411,0.025520954374003292,0.18233387633030448,0.5930959020215677
Test_410,0.11517378074535588,0.058446844602705925,0.06340146886413407,0.7629779057878043
Test_411,0.5951717507445838,0.038518172107056554,0.09661434869921151,0.2696957284491486
Test_412,0.031584333483725816,0.2756777237276986,0.509919942087209,0.18281800070136636
Test_413,0.34614976782963036,0.06335111868358272,0.5398931766483877,0.050605936838399604
Test_414,0.0011104653320223752,0.011493047039468528,0.9854964942669048,0.001899993361604179
Test_415,0.38860665975676356,0.04126484126124233,0.23781564800158456,0.33231285098040986
Test_416,0.09958211019654821,0.17569401118569347,0.48665420156712824,0.23806967705062998
Test_417,0.20968738732060602,0.02276953851662048,0.6807234529101631,0.08681962125261043
Test_418,0.2614052926186791,0.09644500614864103,0.6094967010771711,0.03265300015550862
Test_419,0.7769791332320815,0.0042873627686351385,0.18595312435719663,0.03278037964208691
Test_420,0.02932053686218712,0.11390434905643097,0.8284907845169583,0.028284329564423467
Test_421,0.028685413501422743,0.011958017712151216,0.021636030852615177,0.937720537933811
Test_422,0.5359422932385999,0.05942812419602856,0.13086516670304932,0.27376441586232214
Test_423,0.12871502766399853,0.13860778598785573,0.4798998293306256,0.25277735701752024
Test_424,0.0900718355402389,0.11908058789920277,0.524903368271065,0.2659442082894936
Test_425,0.627202935221844,0.026836212432757012,0.05684449245235998,0.2891163598930392
Test_426,0.32332898078489425,0.006446237770952915,0.6081577789694098,0.06206700247474314
Test_427,0.019977487996396558,0.005384830517804426,0.05380761399988118,0.9208300674859179
Test_428,0.021499715601484382,0.05643835860931866,0.018746205829651367,0.9033157199595456
Test_429,0.14692915249844102,0.23659049852384537,0.29529123837106236,0.32118911060665123
Test_430,0.4889194729034433,0.20500844394668666,0.27519245271091075,0.03087963043895932
Test_431,0.29667809507680104,0.15853292685697784,0.3358168986204585,0.20897207944576215
Test_432,0.04272895921605292,0.15490330380154793,0.1362975963550356,0.6660701406273635
Test_433,0.009068345569467449,0.057615352943477256,0.027097104687537503,0.9062191967995173
Test_434,0.016124780619015216,0.027942027907096097,0.19800423843624335,0.7579289530376454
Test_435,0.1176590381848466,0.04267707895632456,0.5471098808260354,0.29255400203279347
Test_436,0.5545644586934285,0.018436180710761335,0.03493303139348795,0.39206632920232226
Test_437,0.5400177911640285,0.1590721764135244,0.20301310878134196,0.09789692364110515
Test_438,0.07995183593389173,0.11169126718464806,0.39895821952678895,0.40939867735467145
Test_439,0.05801892624606447,0.13015255803098869,0.6745570889101533,0.13727142681279333
Test_440,0.02210553859257482,0.16564705281772768,0.7525347907027694,0.059712617886928
Test_441,0.6036276086352551,0.028418329991623893,0.2433318626415787,0.1246221987315424
Test_442,0.007606189034994025,0.00631042922116347,0.9832017176979264,0.0028816640459162104
Test_443,0.008180304932054213,0.06885574133070739,0.12795757557004428,0.795006378167194
Test_444,0.6296665201793624,0.021891019404210944,0.06110327537244641,0.2873391850439801
Test_445,0.05623583462931647,0.00937106617095805,0.29055866373456535,0.6438344354651604
Test_446,0.00884110441841714,0.11387221550315514,0.8144335930156604,0.06285308706276745
Test_447,0.17292014668204997,0.056837043773296535,0.6340233733406171,0.13621943620403607
Test_448,0.06505528417134801,0.08191864493564921,0.7510415513566819,0.10198451953632073
Test_449,0.06776181800546285,0.04894604960361248,0.29186540298880387,0.5914267294021209
Test_450,0.13887085458066697,0.02789414476667147,0.789875315533816,0.04335968511884575
Test_451,0.005181642318625528,0.10569061111980063,0.8674868189766641,0.021640927584909826
Test_452,0.33855793049504795,0.048979784081563435,0.08701618144852899,0.5254461039748597
Test_453,0.17304849831122338,0.03819310461536992,0.08039029430399573,0.7083681027694111
