image_id,healthy,multiple_diseases,rust,scab
Test_0,0.035812605199146946,0.10693378166310628,0.8059239811293588,0.05132963200838811
Test_1,0.02011762555143922,0.3987516398974904,0.5171452705034061,0.0639854640476642
Test_2,0.01920176568377499,0.035347133824664714,0.0752751674175922,0.870175933073968
Test_3,0.794189090824666,0.0014659443856531503,0.03796267511165045,0.1663822896780302
Test_4,0.008543076995270127,0.059747217257151715,0.8987734655336224,0.03293624021395586
Test_5,0.8185178418827675,0.01481820414663687,0.12739877302443808,0.03926518094615757
Test_6,0.5261433699179193,0.015497872182491552,0.06713768661351179,0.3912210712860774
Test_7,0.0033682743786852152,0.03504130499420668,0.002259614577974897,0.9593308060491331
Test_8,0.04292436759067823,0.3605757025546943,0.05147450059614999,0.5450254292584775
Test_9,0.08317139456579666,0.0050046834346717676,0.8893976077857153,0.022426314213816256
Test_10,0.02754469099237492,0.1371969825387592,0.6405044170356586,0.19475390943320722
Test_11,0.7215810987957071,0.008287435729748348,0.25953189117296255,0.010599574301581887
Test_12,0.21382567342972655,0.055353660276334045,0.08246828328570906,0.6483523830082303
Test_13,0.6211704718761712,0.03681195576966564,0.1120351525571378,0.22998241979702522
Test_14,0.04091625610779509,0.04699562343271387,0.7992722885612181,0.11281583189827284
Test_15,0.0707714585472001,0.10794105496053855,0.4151884758903845,0.406099010601877
Test_16,0.5596971698610224,0.00859825647019648,0.25250909548941886,0.17919547817936238
Test_17,0.023231621587395314,0.680001848405001,0.16671510974289444,0.1300514202647093
Test_18,0.4139271015962855,0.014465045153036283,0.2567429799574585,0.31486487329321977
Test_19,0.047414445122071255,0.19830958747272634,0.3994332873478293,0.354842680057373
Test_20,0.12944719411975758,0.005548652806923212,0.01743451597192937,0.8475696371013899
Test_21,0.9023596627283038,0.0005533301489661046,0.0494630029182112,0.04762400420451891
Test_22,0.03934660250968019,0.10622759013187796,0.7177309779917309,0.13669482936671085
Test_23,0.04768546547270932,0.023429360672995905,0.46086850294299064,0.468016670911304
Test_24,0.8144059564089645,0.02277971127128802,0.07849247379390267,0.08432185852584478
Test_25,0.7311567662312293,0.006584108347471866,0.10671762777412021,0.1555414976471787
Test_26,0.2698830304107392,0.016555405386566364,0.06590718242947136,0.6476543817732231
Test_27,0.018852953966419783,0.12986626713211535,0.6925548023699032,0.15872597653156167
Test_28,0.9585702044236344,0.004282008023379624,0.020259921262591317,0.016887866290394776
Test_29,0.10581639226123457,0.33180650668461775,0.16474944875284248,0.3976276523013052
Test_30,0.8989539547620927,0.0023224871550895382,0.0552989622705294,0.04342459581228841
Test_31,0.0006172170968146594,0.6570319090499748,0.330821757898289,0.01152911595492152
Test_32,0.7582142779274081,0.00412697511070994,0.10859094726216836,0.12906779969971358
Test_33,0.02949617133298418,0.021160958045989015,0.0046491109867631795,0.9446937596342637
Test_34,0.2292392311092035,0.004451153293568779,0.2198965060079449,0.5464131095892828
Test_35,0.023259349852721056,0.04491344880628279,0.09864668132977732,0.8331805200112189
Test_36,0.029243552624976164,0.03624409325343989,0.900722893830261,0.033789460291322904
Test_37,0.3242365239921065,0.07779540713774777,0.0271693648739658,0.5707987039961799
Test_38,0.1046901124929437,0.09734524969884824,0.008689531835747975,0.7892751059724602
Test_39,0.016160324161911772,0.009204371909256898,0.9218660381470941,0.05276926578173709
Test_40,0.27631594800520115,0.1113635434382291,0.25261632212439933,0.3597041864321705
Test_41,0.1659379766029911,0.14257247385743052,0.6355933453656685,0.05589620417391001
Test_42,0.008254498317989129,0.02844843981616331,0.0062630997544358405,0.9570339621114118
Test_43,0.5144333229976731,0.004880926486731829,0.4768526029071787,0.003833147608416372
Test_44,0.3546721495430787,0.07487229812480119,0.0521899873551687,0.5182655649769513
Test_45,0.022122551946837706,0.33614532848594736,0.12799181105529048,0.5137403085119244
Test_46,0.31082861382120963,0.22390327375938407,0.15352690964929067,0.31174120277011574
Test_47,0.0025974521020676457,0.02469478573100496,0.9617362959416885,0.010971466225238707
Test_48,0.01719004812464235,0.12658298119549743,0.8206431520733993,0.03558381860646087
Test_49,0.02147327911939431,0.03484603971232832,0.8403109596024733,0.10336972156580417
Test_50,0.0018157290072730028,0.07476708915415622,0.9008953509065973,0.022521830931973498
Test_51,0.4213279206891852,0.03535224484777077,0.39762542050225896,0.1456944139607852
Test_52,0.08045855899444679,0.0223323225140548,0.7312145897907822,0.1659945287007161
Test_53,0.03102822790306034,0.08244413308363666,0.8618899006019407,0.024637738411362516
Test_54,0.4008985727828201,0.11217246248854267,0.19252070851385947,0.2944082562147779
Test_55,0.21096412940324738,0.01566444021175784,0.4418871177058344,0.33148431267916034
Test_56,0.13474859811346643,0.09639232792649875,0.3792807323303985,0.38957834162963634
Test_57,0.18994191005536248,0.008191718001228036,0.050706467326612235,0.7511599046167973
Test_58,0.050113335008259145,0.09022180028739003,0.02378505175819079,0.83587981294616
Test_59,0.013818517764127089,0.11384925489606683,0.7839188938812046,0.08841333345860156
Test_60,0.056915282907396385,0.13252741794680845,0.11633279394336844,0.6942245052024268
Test_61,0.6583429116581975,0.010470909257525026,0.08610771761339635,0.2450784614708812
Test_62,0.15364965886807838,0.03643220796409216,0.5342481271072366,0.27567000606059294
Test_63,0.3198410729039102,0.023153217020094787,0.06136680488517895,0.5956389051908161
Test_64,0.2620542688868303,0.04505215426672155,0.37150533899155175,0.3213882378548964
Test_65,0.0584265854846925,0.09951227295974181,0.48554185444480635,0.3565192871107593
Test_66,0.9186614294581551,0.010758537520165956,0.04284293120194856,0.027737101819730322
Test_67,0.090335397085565,0.09011900720476877,0.48341738212713803,0.3361282135825282
Test_68,0.01087635092688783,0.13941629057908111,0.7273821955259032,0.12232516296812782
Test_69,0.02385188130174281,0.09526441809371815,0.4383646248269002,0.4425190757776388
Test_70,0.05867495922763026,0.008354826452132575,0.007494852542357468,0.9254753617778798
Test_71,0.012492205190609238,0.020661037727084407,0.9563388779837988,0.010507879098507648
Test_72,0.12411438427874788,0.05971470153836109,0.40221729113595917,0.41395362304693195
Test_73,0.5807439302002863,0.0657051569157978,0.22636839490392388,0.12718251797999205
Test_74,0.848715310265788,0.025815549583824444,0.04082437631196769,0.08464476383841993
Test_75,0.03177277269169585,0.09865746276690295,0.0167949226763878,0.8527748418650134
Test_76,0.5511772688092729,0.010114869516824856,0.20264086047979862,0.23606700119410357
Test_77,0.5731486814564265,0.0058225459035119425,0.4034180691485573,0.01761070349150429
Test_78,0.13734747459339472,0.09793789178674758,0.029355440485287963,0.7353591931345698
Test_79,0.20546624990370324,0.17511170259375053,0.37441893103291923,0.2450031164696269
Test_80,0.02145805290847799,0.5984512076947642,0.14201396685568438,0.23807677254107343
Test_81,0.3365593671112451,0.04670735982821263,0.4823856735481572,0.13434759951238517
Test_82,0.19822970711927052,0.052917482127290826,0.7238295946330948,0.025023216120343823
Test_83,0.027512699142045897,0.2909084219027692,0.02503070535895769,0.6565481735962272
Test_84,0.5217486816805287,0.00928228865857095,0.2546760483245773,0.21429298133632302
Test_85,0.4955879087026867,0.009842067533986585,0.036881590763119386,0.4576884330002073
Test_86,0.122292820006093,0.5385516724209242,0.27983973444093024,0.0593157731320525
Test_87,0.6534683743243417,0.006574291150884711,0.015715763549890183,0.3242415709748836
Test_88,0.03778431610637691,0.04837005122709117,0.6840849915338311,0.2297606411327009
Test_89,0.5724933567315528,0.05640543545034386,0.1419934383389651,0.22910776947913836
Test_90,0.24218686187662056,0.1263927374785571,0.21844259700012372,0.41297780364469866
Test_91,0.9143118020942915,0.0020480439705923338,0.05592225951686354,0.027717894418252564
Test_92,0.9148368238143892,0.0005497688984259244,0.006312044424586415,0.07830136286259858
Test_93,0.004469909172944514,0.10949027754464404,0.8599314840442109,0.02610832923820049
Test_94,0.13800398517362927,0.024980537875349478,0.006467551047505591,0.8305479259035157
Test_95,0.6146126467332308,0.004318626275263354,0.26057880224722685,0.12048992474427898
Test_96,0.24182425211927844,0.007179617961156658,0.10018957869404467,0.6508065512255202
Test_97,0.8677118209064658,0.003444267968328264,0.05056636109462222,0.07827755003058379
Test_98,0.8748802929094917,0.027245122651900842,0.019459857940824967,0.07841472649778262
Test_99,0.3698451338345028,0.01720768309149876,0.4288922279765075,0.18405495509749104
Test_100,0.04807693431432009,0.009275517798427077,0.0036713462123272923,0.9389762016749256
Test_101,0.5189595303269773,0.009648669125970547,0.07271449812017974,0.3986773024268723
Test_102,0.206951233692341,0.01794930628114321,0.14397610570231345,0.6311233543242023
Test_103,0.007288529510028283,0.4752417948949723,0.4683679297693203,0.04910174582567901
Test_104,0.04999450114102612,0.07687933267532043,0.17166405567266693,0.7014621105109865
Test_105,0.3240943481105266,0.004748746156317308,0.026418442956358805,0.6447384627767972
Test_106,0.7267679774936607,0.0038799682991008497,0.12662338580687085,0.14272866840036752
Test_107,0.2598737080479485,0.07545970500677744,0.5144563149796902,0.1502102719655838
Test_108,0.1093104848561602,0.011504888239651075,0.08234714560280028,0.7968374813013883
Test_109,0.329203947439715,0.08383844456191798,0.15751161085403564,0.4294459971443315
Test_110,0.584401337393967,0.0049785129349268,0.23883692381634894,0.17178322585475717
Test_111,0.7521171518384625,0.011776808263774724,0.09160633769844265,0.14449970219932012
Test_112,0.023107784051145202,0.12705471097836651,0.696613352742374,0.15322415222811434
Test_113,0.025799674969369236,0.1598284527268073,0.05298873862031211,0.7613831336835113
Test_114,0.006727107802715899,0.24739487701409257,0.711652401416304,0.03422561376688756
Test_115,0.10601844172619232,0.08831397556383774,0.38282556792401623,0.42284201478595373
Test_116,0.5326226724809241,0.10555892859603264,0.2473461255582088,0.11447227336483444
Test_117,0.0012030095963516353,0.03312595707250717,0.9427242275293469,0.022946805801794375
Test_118,0.1580741551042854,0.013885076786939345,0.780145543588961,0.04789522451981412
Test_119,0.6915656989804645,0.00458188412512623,0.2952224127846825,0.008630004109726997
Test_120,0.02271996741469057,0.04059332930139515,0.9100538658564719,0.02663283742744244
Test_121,0.4231487653673209,0.02212963680022064,0.2952453008724042,0.2594762969600543
Test_122,0.7161956374957672,0.03739210281915203,0.20804362071383595,0.038368638971244956
Test_123,0.0012706993568556769,0.15319365138907093,0.8330577648207896,0.01247788443328379
Test_124,0.6043663549298832,0.06170562551144492,0.03483463251314113,0.2990933870455307
Test_125,0.32966777483446175,0.08975076760596222,0.02151205295449213,0.5590694046050839
Test_126,0.7839825142379216,0.06167007280065029,0.09511078413265192,0.05923662882877615
Test_127,0.33356231677725057,0.0029448604210214843,0.007529177756222331,0.6559636450455056
Test_128,0.02033532485854484,0.18415047796799955,0.7230231686714279,0.07249102850202764
Test_129,0.24771078026378165,0.2318429378291164,0.1819285067700923,0.3385177751370097
Test_130,0.00933853507620457,0.024671289444922365,0.0077643516693202096,0.9582258238095529
Test_131,0.009923793618380472,0.006722689270188485,0.007771784997780762,0.9755817321136504
Test_132,0.7917767464645703,0.005997047719561447,0.060888807595083035,0.14133739822078517
Test_133,0.004195278333951546,0.006618355150518449,0.004844970468220856,0.9843413960473093
Test_134,0.12471333604070423,0.05399108568044457,0.22504627148869208,0.5962493067901591
Test_135,0.10267146387476744,0.06165544907183346,0.15565383756633308,0.680019249487066
Test_136,0.11769296078388539,0.010553594174834681,0.19838116013248772,0.6733722849087922
Test_137,0.00010563774874851933,0.04766026466039443,0.9422580799728234,0.009976017618033807
Test_138,0.08638562628072834,0.02360313406804969,0.8592614565993156,0.0307497830519063
Test_139,0.7988092840117604,0.004530514113932451,0.14112067149288396,0.05553953038142335
Test_140,0.32114157579225966,0.006781368264058889,0.6314479783847919,0.04062907755888952
Test_141,0.49569720548533397,0.022383886968522546,0.35414400892357356,0.12777489862256988
Test_142,0.03485544468568488,0.32062808055114156,0.04448371109564004,0.6000327636675336
Test_143,0.16124346153177727,0.23851043702942792,0.4536469465115884,0.14659915492720632
Test_144,0.4546314933905229,0.009692803743415915,0.5183586174621293,0.01731708540393181
Test_145,0.172429672810328,0.11694580565899301,0.6164155369659685,0.0942089845647104
Test_146,0.00043653921715339705,0.014499044920376935,0.9845614924841005,0.0005029233783691476
Test_147,0.0695973152587215,0.046209491144460116,0.763488981475492,0.12070421212132636
Test_148,0.014033141970262772,0.16140768300658426,0.804384731926284,0.020174443096868926
Test_149,0.4143693405503262,0.016264583887191552,0.5524875614197012,0.016878514142781013
Test_150,0.05030106349554516,0.13206342129699095,0.5548476835037099,0.2627878317037539
Test_151,0.028852476467508985,0.0202685406384943,0.9251908986514266,0.025688084242570172
Test_152,0.010018793246601366,0.25789631765808757,0.6799158288298582,0.05216906026545272
Test_153,0.20455367267240043,0.023388817695871342,0.33103558090556406,0.44102192872616414
Test_154,0.04604027290646678,0.03575876941577102,0.881560713391247,0.03664024428651511
Test_155,0.002971264760813226,0.23321179664921374,0.6717586429918426,0.09205829559813047
Test_156,0.20994819002177625,0.2734544346576342,0.22487432064037338,0.2917230546802162
Test_157,0.7168107588237213,0.007239868119995461,0.008734307073426161,0.2672150659828571
Test_158,0.0750866015872553,0.004819729207375559,0.0011642747048115432,0.9189293945005576
Test_159,0.6458247642941453,0.020710685531150543,0.23431362092312208,0.09915092925158212
Test_160,0.8888690330581924,0.0100898814333031,0.015145759823147708,0.08589532568535693
Test_161,0.09985963228325781,0.06412812547997396,0.7518087195027988,0.08420352273396951
Test_162,0.3046790062147409,0.03089996001803124,0.5886107172887936,0.07581031647843423
Test_163,0.07868086321049814,0.15214811887696802,0.277802913025106,0.4913681048874279
Test_164,0.7513851654210653,0.021800834614640004,0.0540305321280335,0.17278346783626117
Test_165,0.02044854360813121,0.26346351495530806,0.14920725361634557,0.5668806878202152
Test_166,0.4442117019044188,0.007173640827259945,0.45540992866413466,0.09320472860418651
Test_167,0.46046091168006453,0.023928418396111286,0.36131541478605134,0.1542952551377728
Test_168,0.001281739550419057,0.11362233766528179,0.8744375803120489,0.010658342472250438
Test_169,0.31097035765337405,0.09269620255693312,0.05515782115603352,0.5411756186336594
Test_170,0.140112322129923,0.017705972465299608,0.5022633744638463,0.3399183309409311
Test_171,0.029741768673547612,0.02855704120619988,0.4042428455729207,0.5374583445473319
Test_172,0.0108252791617245,0.3034382029447245,0.6514049914018366,0.03433152649171441
Test_173,0.003913782316122747,0.02894556256687213,0.9535692448659533,0.013571410251051828
Test_174,0.3418333349821579,0.06928859147383785,0.30613346291929266,0.28274461062471157
Test_175,0.5439517210928198,0.0309143209238387,0.11514084550653443,0.3099931124768071
Test_176,0.019168391261525298,0.0899175347573334,0.8391864603330246,0.0517276136481167
Test_177,0.03842377644342829,0.004094533934928754,0.0037862337478599337,0.953695455873783
Test_178,0.5256178970491419,0.013221003356656097,0.016001267123379185,0.4451598324708229
Test_179,0.0019643816818222114,0.056155966316221925,0.9322723764779257,0.009607275524030057
Test_180,0.19098786649252583,0.04199730203791299,0.2354308572450472,0.5315839742245141
Test_181,0.017903988920881055,0.022732171618439486,0.01367403646060939,0.9456898030000701
Test_182,0.09271200183025888,0.1992857809182103,0.5638359474785973,0.14416626977293354
Test_183,0.9149513334585176,0.0006123337379416833,0.06811677992370997,0.01631955287983081
Test_184,0.31414644396847263,0.10960610705015626,0.17803517011430367,0.3982122788670674
Test_185,0.18117841484199732,0.3322035833071951,0.11709826151578136,0.3695197403350263
Test_186,0.00979180536510804,0.0361678848322164,0.04626379946162857,0.907776510341047
Test_187,0.10447160124349315,0.024810569991296202,0.527614672542198,0.34310315622301263
Test_188,0.059125377769081326,0.01279550213304311,0.8867128041089597,0.04136631598891591
Test_189,0.3866138051662956,0.05501539396271995,0.3605260022601213,0.19784479861086315
Test_190,0.3332213337972952,0.10547164685524016,0.47780366765348425,0.08350335169398045
Test_191,0.0007961237020771469,0.1259352244981464,0.8572593121110494,0.016009339688726937
Test_192,0.8862403074480286,0.0006426937640077914,0.09315812366332178,0.019958875124641832
Test_193,0.014906413328353577,0.06409486774769421,0.5484247753277701,0.3725739435961821
Test_194,0.0002827693223605983,0.21578683265908546,0.7798804967504218,0.004049901268132109
Test_195,0.40109415239195995,0.03795820512542249,0.4815038277812046,0.07944381470141303
Test_196,0.06747405562966304,0.03117998523798906,0.03281541323300236,0.8685305458993455
Test_197,0.011651414803887433,0.1189654660670103,0.8379566735439208,0.03142644558518165
Test_198,0.030972124377109528,0.19990574396834332,0.21825215610450802,0.5508699755500391
Test_199,0.016257812105365598,0.012693344950930625,0.9442212356467125,0.026827607296991126
Test_200,0.019736557904107208,0.0087381801952884,0.955810648378525,0.015714613522079313
Test_201,0.013994619729667047,0.010148201767334157,0.08714213645001523,0.8887150420529836
Test_202,0.09490625010896181,0.13745428921725922,0.5990224665957801,0.16861699407799893
Test_203,0.04111893013428144,0.3108306365853378,0.18414996131491757,0.46390047196546313
Test_204,0.12374720741681669,0.018287567891009764,0.38120263510350144,0.4767625895886721
Test_205,0.028534395137132955,0.006055006200293714,0.008327848598704316,0.957082750063869
Test_206,0.006348726624004978,0.01569992611837565,0.003095290338694439,0.9748560569189249
Test_207,0.030547268310167727,0.10210984458666182,0.4174812620815496,0.44986162502162086
Test_208,0.24257444248044716,0.13299604505568827,0.36491865491730713,0.2595108575465575
Test_209,0.01717199774048145,0.2042010885025724,0.7611641009841982,0.01746281277274789
Test_210,0.24356481688283385,0.013530841579878935,0.6788615554978444,0.06404278603944272
Test_211,0.003491413403756307,0.3154259164102391,0.5963721421913112,0.08471052799469352
Test_212,0.23687599009598406,0.02057557949051044,0.7317690968513216,0.010779333562184005
Test_213,0.013671906305043594,0.47223800146258815,0.09306499007925667,0.4210251021531116
Test_214,0.005660366496386794,0.07423856703742858,0.8152915486222657,0.10480951784391893
Test_215,0.9336478980651269,0.010362708816100581,0.03284971900484847,0.023139674113923973
Test_216,0.6894782548352317,0.010261731079324305,0.29069030650937505,0.009569707576068882
Test_217,0.0990508295541981,0.07620558897409521,0.3285094282336435,0.4962341532380633
Test_218,0.8582005049863025,0.0015428852522935547,0.12590225227228546,0.01435435748911838
Test_219,0.16346684965396283,0.05182919381802361,0.6167621950969149,0.16794176143109862
Test_220,0.008240188425343908,0.03596638887564197,0.0400051083198975,0.9157883143791167
Test_221,0.11448777741006766,0.15131103288807926,0.1910993152533341,0.543101874448519
Test_222,0.06509134305981137,0.014062869237605566,0.9035372201986254,0.017308567503957605
Test_223,0.008470595241561282,0.03141202006967777,0.9096314012081956,0.050485983480565454
Test_224,0.5474618512306783,0.023519185674068032,0.28586117142478956,0.14315779167046414
Test_225,0.6980121634357092,0.01098630536444666,0.276424753588477,0.014576777611367144
Test_226,0.0005364271946228346,0.9276943233694945,0.05700738220845762,0.014761867227424978
Test_227,0.1548091504266973,0.0280938038479021,0.11104382749600937,0.7060532182293912
Test_228,0.0880579724634194,0.014733256611497988,0.875805677871117,0.02140309305396557
Test_229,0.427532419620447,0.1095758400776926,0.27162350008042674,0.19126824022143374
Test_230,0.5349325145414976,0.0054852182514957505,0.4449716059723654,0.014610661234641137
Test_231,0.09462754456715167,0.0620732508446355,0.18376755072352424,0.6595316538646886
Test_232,0.2673111311986505,0.023382172468368618,0.680034772064357,0.02927192426862384
Test_233,0.5961360923147732,0.002006824278911415,0.07386900231700635,0.32798808108930905
Test_234,0.22914593326137508,0.08033002429777757,0.3673901528833166,0.32313388955753075
Test_235,0.08279131324840348,0.07271213278466222,0.35621546990046915,0.4882810840664652
Test_236,0.16605521808200838,0.10928529107638742,0.18834101890570784,0.5363184719358964
Test_237,0.599764715968561,0.018015720195733227,0.08476657969484883,0.297452984140857
Test_238,0.002475867250971327,0.04496805532466024,0.9402994399552655,0.01225663746910298
Test_239,0.002887730943029397,0.1799332826888885,0.6519030769693569,0.1652759093987253
Test_240,0.007186450098915233,0.4101641782997839,0.5610482047943346,0.021601166806966228
Test_241,0.006236506175074226,0.07850026365315213,0.7145210767351122,0.20074215343666152
Test_242,0.21091361586636267,0.5259989102029479,0.07199731246805928,0.19109016146263022
Test_243,0.8759576443004513,0.0023281658953923957,0.10027488607089347,0.02143930373326281
Test_244,0.8663366922377368,0.02121762337538592,0.02986827709955907,0.08257740728731812
Test_245,0.3948205140447908,0.057487749043556406,0.3854027487445088,0.16228898816714407
Test_246,0.009103318350221814,0.1104101657577682,0.2699873150411854,0.6104992008508247
Test_247,0.003696758749582068,0.039395075427147985,0.02131511119419319,0.9355930546290768
Test_248,0.730723847309119,0.019382858009677102,0.026988621203319997,0.22290467347788406
Test_249,0.015826608917487196,0.05040282144241809,0.8715415734697733,0.062228996170321516
Test_250,0.957555235401908,0.0020702646303043045,0.014547453658867672,0.025827046308919997
Test_251,0.6803993127096309,0.008348328414567082,0.030289547432871097,0.2809628114429309
Test_252,0.36912726786893896,0.09677245489873751,0.4559290147036285,0.07817126252869501
Test_253,0.03336018393994339,0.06236869079797638,0.054840763636602764,0.8494303616254775
Test_254,0.26385819429387963,0.035591959684945926,0.25406402341307177,0.4464858226081026
Test_255,0.1368117372464111,0.030508021422362672,0.11508840056418675,0.7175918407670395
Test_256,0.002822269621718956,0.017349418064223583,0.002802636239140487,0.977025676074917
Test_257,0.16044527753408389,0.012172032815281265,0.8071433469116963,0.02023934273893856
Test_258,0.1286495422609323,0.11198080355889663,0.574457694019002,0.18491196016116895
Test_259,0.5577368775741054,0.05045711847584788,0.34247709005890425,0.049328913891142474
Test_260,0.2066836516741464,0.007211242666512304,0.010102260504355058,0.7760028451549863
Test_261,0.020194574761245285,0.053184997671902025,0.6875713829571851,0.2390490446096676
Test_262,0.08495812770086351,0.09372614209234535,0.36719866916362875,0.45411706104316224
Test_263,0.34627301279866285,0.20095746435879291,0.1563039084688109,0.2964656143737333
Test_264,0.22669970688563218,0.012571614900202885,0.6804647620358637,0.08026391617830123
Test_265,0.2822190703265564,0.049095300114873446,0.3331492601052579,0.3355363694533122
Test_266,0.010798614500397938,0.01771341555664901,0.09639751670763973,0.8750904532353133
Test_267,0.8662010909662038,0.005833627214685836,0.07909235090064784,0.04887293091846256
Test_268,0.0004432662959309573,0.5650269634263826,0.40486042201021344,0.02966934826747293
Test_269,0.6788909454778431,0.0041787877280285,0.13375379035613555,0.18317647643799267
Test_270,0.18166965549928452,0.012406983976729206,0.005138011196595016,0.8007853493273912
Test_271,0.2927898390153417,0.02445517263481459,0.11860038324020897,0.5641546051096347
Test_272,0.0055191575354300105,0.1506818436311711,0.10168246347139502,0.7421165353620038
Test_273,0.6617405973336129,0.010808733503351152,0.021857821973068264,0.30559284718996765
Test_274,0.009762871393981108,0.023619523722854967,0.9492521650242906,0.017365439858873316
Test_275,0.05498698799409394,0.2707564023900807,0.5348933427272683,0.13936326688855705
Test_276,0.010492908081015629,0.04419790295091781,0.010761069434295018,0.9345481195337715
Test_277,0.08565015195287963,0.1645848517420927,0.1992937798073431,0.5504712164976846
Test_278,0.07747782450330386,0.026717299862594336,0.09482949184225035,0.8009753837918515
Test_279,0.13394053552360177,0.02581695060140533,0.8266578121919907,0.013584701683002165
Test_280,0.22065527388824066,0.0029419031286928676,0.022025427934121326,0.7543773950489452
Test_281,0.030861388943572616,0.08219249152107261,0.031744219362971615,0.8552019001723832
Test_282,0.022985811674578926,0.5048084323384794,0.10161833748925625,0.37058741849768534
Test_283,0.10874788208287746,0.28228223699601857,0.12820032611398902,0.480769554807115
Test_284,0.031575796058992814,0.3501583874562309,0.5227464079124962,0.09551940857228008
Test_285,0.9188735942582036,0.0018986141946004717,0.044500384943447664,0.03472740660374816
Test_286,0.3573884241043218,0.008864150754782274,0.17997746237307533,0.45376996276782067
Test_287,0.9713486712007243,0.0001963722039361236,0.00844505256835975,0.020009904026979858
Test_288,0.00841832226113859,0.029748343202810678,0.00559781895222227,0.9562355155838285
Test_289,0.011064707307300798,0.0521034932673702,0.5694099427579044,0.36742185666742466
Test_290,0.08199016247376435,0.03800109630708488,0.6372850490185008,0.24272369220065
Test_291,0.2144837712618733,0.014514312344934862,0.7544280344325346,0.016573881960657247
Test_292,0.9714090047919358,0.0015439467560151028,0.0075066579110231214,0.019540390541025836
Test_293,0.09234395442139476,0.10043341652596806,0.46946823120737985,0.3377543978452574
Test_294,0.24782059222113645,0.20765253313795295,0.25388400446959425,0.2906428701713163
Test_295,0.7010851219724281,0.011840275039320865,0.251103979828976,0.035970623159274795
Test_296,0.15065397782992232,0.10604381285856018,0.37306031462051226,0.3702418946910052
Test_297,2.7703039077800263e-05,0.08801682344492102,0.0039199740757223465,0.9080354994402787
Test_298,0.0016793097597327896,0.20148696570237482,0.6954676784586392,0.10136604607925305
Test_299,0.022150944777129068,0.5260217850291082,0.11325896296816036,0.3385683072256024
Test_300,0.9237257317489768,0.002457828300701022,0.007227617998197202,0.06658882195212504
Test_301,0.18155238453733225,0.06743419713617782,0.2996499687806799,0.45136344954581004
Test_302,0.005694582885578201,0.16531654880596353,0.47891759798101025,0.35007127032744795
Test_303,0.7849647005907268,0.0051717195166330185,0.05592860337416961,0.1539349765184705
Test_304,0.7961736623763042,0.06751030651396943,0.09060041666105983,0.04571561444866663
Test_305,0.24312213147167228,0.21066476987554228,0.06567492352928607,0.4805381751234993
Test_306,0.007846887488785205,0.4711939861681044,0.41591126748450147,0.10504785885860907
Test_307,0.26114657198569574,0.08408319968889094,0.6093135914744988,0.04545663685091452
Test_308,0.47974983738186877,0.011032586060338124,0.4426143983807911,0.06660317817700197
Test_309,0.06667643894121444,0.0399959311250015,0.567515153200075,0.3258124767337091
Test_310,0.003092645560568994,0.3656968177444719,0.5352015984436188,0.09600893825134024
Test_311,0.0575580331949085,0.033733296057464404,0.882501086988852,0.026207583758774952
Test_312,0.0462802441250426,0.06724336727444055,0.018360188666353777,0.868116199934163
Test_313,0.023038711426128088,0.018082686870755548,0.03913390864798993,0.9197446930551265
Test_314,0.17368421878168006,0.024489142167432577,0.019927599011969475,0.7818990400389179
Test_315,0.5669235328822195,0.0007337690945496992,0.025917833704855585,0.4064248643183752
Test_316,0.39255642690207565,0.00372882142742667,0.5309365599079773,0.07277819176252046
Test_317,0.032123594882524746,0.004417926113685874,0.9315469721265788,0.03191150687721059
Test_318,0.002255174557547196,0.5001564243293081,0.01997436152677647,0.4776140395863682
Test_319,0.0033272407638209947,0.1167342553710134,0.8523309008919191,0.027607602973246503
Test_320,0.048954201111906306,0.032251063488421196,0.8066523246475279,0.1121424107521447
Test_321,0.21497161338821447,0.06500132574535712,0.08048351757696064,0.6395435432894677
Test_322,0.4104653174726513,0.0466705941919596,0.3076630702131632,0.2352010181222259
Test_323,0.08381406184125821,0.026762549201552466,0.02143140342612918,0.8679919855310602
Test_324,0.033604288648813464,0.08968644344010002,0.8533534382166047,0.023355829694481817
Test_325,0.08561656306532138,0.009865152881246706,0.016408645383764835,0.8881096386696671
Test_326,0.440304856976621,0.013227123136478901,0.40205015848712133,0.14441786139977875
Test_327,0.37280726189333346,0.01601369710192265,0.20528009649265155,0.40589894451209235
Test_328,0.01837073688273947,0.03272798219657243,0.8791781582087403,0.0697231227119476
Test_329,0.2268094676165108,0.028210700998681074,0.6824262243434859,0.06255360704132223
Test_330,0.009081938855296654,0.13032988220248112,0.3494605584974439,0.5111276204447783
Test_331,0.09979796264894217,0.1299688655643129,0.11450197619019513,0.6557311955965498
Test_332,0.6529577622098086,0.06021957545079623,0.18144917634828173,0.10537348599111354
Test_333,0.43396679022923346,0.037831046471204104,0.20339084856509007,0.32481131473447233
Test_334,0.0005030588105064698,0.005678857663409289,0.9928184663923721,0.00099961713371209
Test_335,0.15331913362127517,0.12624529359377307,0.546929337844294,0.17350623494065773
Test_336,0.4421945944365854,0.02188175551192367,0.2800153281279507,0.2559083219235403
Test_337,0.18046385154723685,0.17397102124418823,0.10106919592475833,0.5444959312838166
Test_338,0.8546246633044412,0.0056787888867863715,0.08195980847031467,0.05773673933845791
Test_339,0.1298262770323132,0.38782626220868216,0.3565820193654895,0.1257654413935151
Test_340,0.11614789769331813,0.008379049813246865,0.8151078588908368,0.060365193602598226
Test_341,0.3681934021213942,0.12208401145681871,0.1353390500545278,0.3743835363672593
Test_342,0.9352435954712179,0.002061707534994342,0.03615249200352856,0.02654220499025913
Test_343,0.7166247140792976,0.05470261562656855,0.014975853976724334,0.21369681631740953
Test_344,0.07960089311875705,0.015080143043296405,0.8941908823864787,0.011128081451467957
Test_345,0.09208795936283619,0.0358966582328126,0.854741198448405,0.017274183955946213
Test_346,0.04705313572901115,0.0168627865551241,0.8979756014777993,0.03810847623806529
Test_347,0.04383227409342726,0.004923226773738545,0.9001342694146047,0.05111022971822952
Test_348,0.039493454352556225,0.016241269675756675,0.006834775790156605,0.9374305001815304
Test_349,0.19041621769813244,0.11320583985156023,0.5932915384524762,0.10308640399783134
Test_350,0.006145355004663031,0.3318625636899751,0.11585903694117258,0.5461330443641893
Test_351,0.0001066962774589172,0.10280094197106684,0.888548084581701,0.008544277169773185
Test_352,0.17336608414810514,0.04615621485111357,0.04562914184125858,0.7348485591595227
Test_353,0.37906727171066995,0.07590136315467985,0.10157827042045642,0.4434530947141938
Test_354,0.26672452710772554,0.11552436954963395,0.506545041541611,0.11120606180102953
Test_355,0.44653820015271295,0.06026513635682631,0.14702938599136411,0.34616727749909665
Test_356,0.756484504680374,0.03053410910235829,0.12070450947475672,0.09227687674251088
Test_357,0.9150262831882511,0.006163319480015757,0.06419363286675728,0.014616764464975795
Test_358,0.07719832675203431,0.07847972335524239,0.66919880376001,0.1751231461327133
Test_359,0.02145222741257449,0.009521145550910586,0.03349017525540713,0.9355364517811077
Test_360,0.12060582563161784,0.06854497152659773,0.1404273091293437,0.6704218937124408
Test_361,0.5415504575114333,0.013354818403435633,0.017363553463089633,0.4277311706220415
Test_362,0.9035639848689054,0.00048011585643374665,0.04855674700157261,0.047399152273088344
Test_363,0.09035136627204642,0.15386818497874435,0.6169924622128461,0.1387879865363632
Test_364,0.11492184075345724,0.020218004945535717,0.8322135823696094,0.03264657193139764
Test_365,0.10560669250130608,0.11394938049572047,0.7692116156269949,0.011232311375978474
Test_366,0.09661928185194141,0.040657001220584334,0.833152080273294,0.029571636654180108
Test_367,0.04107126608556775,0.057693070966785345,0.3851941434259127,0.5160415195217343
Test_368,0.6117374402155896,0.039875590190937414,0.21208675406229693,0.136300215531176
Test_369,0.09496065153776696,0.003673814615120721,0.03355174254835801,0.8678137912987544
Test_370,0.32474314303559565,0.06391727096178028,0.4666447719968755,0.14469481400574863
Test_371,0.15194852728448824,0.010836798694335808,0.6156357066218524,0.22157896739932365
Test_372,0.0656249586253725,0.09718901974579842,0.08103009780558275,0.7561559238232464
Test_373,0.032283635373246494,0.11784463826609634,0.5669664824089413,0.2829052439517158
Test_374,0.09399671996486568,0.0668066545083911,0.31241632556378013,0.526780299962963
Test_375,0.051205688474777675,0.017985136798706707,0.0017638095692669427,0.9290453651572486
Test_376,0.7415077489293268,0.009451990493074896,0.050801510072383406,0.198238750505215
Test_377,0.6217597557549471,0.023577582548182555,0.15850032540635717,0.19616233629051297
Test_378,0.3134489262995993,0.020170243620484096,0.5581213797427035,0.10825945033721303
Test_379,0.08660398822475567,0.16291086185675585,0.16825466128574385,0.5822304886327447
Test_380,0.21860927247019296,0.06586051842977346,0.10611742170461205,0.6094127873954215
Test_381,0.42543581334950953,0.02080362606312265,0.013718429814939447,0.5400421307724284
Test_382,0.17742257025892613,0.013570505362323905,0.10101774047570754,0.7079891839030423
Test_383,0.3447051074279907,0.20404380249969123,0.06450847139277732,0.3867426186795408
Test_384,0.630215780101265,0.004655582482063568,0.314282130847713,0.05084650656895848
Test_385,0.41478420071316996,0.01727776756806722,0.229267276730256,0.33867075498850674
Test_386,0.0024343562095517895,0.301231602626334,0.2292181101715893,0.467115930992525
Test_387,0.19092251596858417,0.13544701702563716,0.1351421859133649,0.5384882810924138
Test_388,0.9711599260278233,0.00011708491343861285,0.006575025346879881,0.022147963711858218
Test_389,0.5699593835526636,0.0071614958819176955,0.3976083598575323,0.02527076070788632
Test_390,0.37136619520770725,0.021812694856972768,0.025792716735011087,0.5810283932003089
Test_391,0.07484739772954427,0.561866269868747,0.17029178566071795,0.19299454674099087
Test_392,0.024588293569425664,0.02207228829555455,0.9299487691608371,0.023390648974182613
Test_393,0.08754997667199398,0.002775716933799547,0.0012302828902305799,0.9084440235039759
Test_394,0.7467660794027113,0.004971799522008787,0.0858698855041913,0.16239223557108853
Test_395,0.0010363620912698576,0.06695572692677935,0.9190885897215317,0.012919321260418868
Test_396,0.2533064985493179,0.09142009919549103,0.06476301307661804,0.5905103891785731
Test_397,0.007563814524704738,0.0032917979243322335,0.0066011558798156605,0.9825432316711474
Test_398,0.0025043170356955015,0.1727032099530037,0.5293930947543767,0.2953993782569241
Test_399,0.5177349269795185,0.023564218283115248,0.17495073817662438,0.2837501165607417
Test_400,0.06371920043030646,0.013627503722016435,0.8776542252396834,0.04499907060799371
Test_401,0.02810886070755483,0.10845721018737224,0.7358906580388858,0.1275432710661873
Test_402,0.090376844801219,0.07326523220595813,0.16821202508964525,0.6681458979031777
Test_403,0.009763450406320116,0.02258234139911599,0.9503024619684267,0.017351746226137145
Test_404,0.07481050972269351,0.06767149962682559,0.806763645012852,0.050754345637628935
Test_405,0.039816452496534704,0.01066963809617049,0.006680588736240552,0.9428333206710542
Test_406,0.0006803279599681512,0.018420091387974298,0.0009480293420949482,0.9799515513099625
Test_407,0.008684083733167912,0.01721047387311696,0.0020164609549490234,0.9720889814387662
Test_408,0.20740982365086555,0.09811419713642079,0.07223611767045642,0.6222398615422572
Test_409,0.24667822546274668,0.03269704231912715,0.2150086542536559,0.5056160779644703
Test_410,0.039948997731748856,0.016911387097291133,0.02555125978812643,0.9175883553828336
Test_411,0.7897912681261026,0.011581280483090414,0.05886295924247929,0.1397644921483278
Test_412,0.010234921086029644,0.5849599877260478,0.34247901974280376,0.06232607144511874
Test_413,0.30045110519671764,0.022803271080922224,0.6371251200270136,0.03962050369534659
Test_414,0.00018734122825058284,0.00629835687041361,0.9922515248836601,0.0012627770176758353
Test_415,0.3275408661421316,0.04041496796276665,0.47573058276467733,0.15631358313042437
Test_416,0.06950460674862362,0.09107237675803644,0.6171044622376822,0.22231855425565764
Test_417,0.20182500950506063,0.03644576166201476,0.720937373641044,0.040791855191880506
Test_418,0.06486314078680942,0.047531584391607595,0.8785869787322498,0.009018296089333187
Test_419,0.6682392351806143,0.005644569839404684,0.28482653972166994,0.04128965525831105
Test_420,0.010518961527049776,0.09544328999186971,0.8848400384462748,0.009197710034805804
Test_421,0.0225242194781703,0.004704439791526662,0.008169512338215345,0.9646018283920877
Test_422,0.4285542785477379,0.09379298410790043,0.11681270169791091,0.36084003564645073
Test_423,0.1358906096760211,0.15971348786698344,0.6319298850048375,0.07246601745215796
Test_424,0.04796868448062959,0.21005710846762837,0.3855486709908391,0.356425536060903
Test_425,0.7258232075154419,0.013018557826025649,0.07657791090039624,0.1845803237581362
Test_426,0.04661187090478557,0.0018567123432388383,0.9282251834529583,0.02330623329901713
Test_427,0.01925187858965163,0.006044642653565782,0.044757198356307766,0.9299462804004748
Test_428,0.007307570633148183,0.023381006227803983,0.010959282407079197,0.9583521407319685
Test_429,0.07775252011834927,0.2027897467903978,0.27088849585619124,0.44856923723506176
Test_430,0.35752557177271427,0.3120917016035428,0.3133621736543578,0.017020552969385077
Test_431,0.5747183862576082,0.07621792062652664,0.16317980136560242,0.1858838917502629
Test_432,0.019035093617457612,0.10748324406038698,0.019668319105134197,0.8538133432170212
Test_433,0.004904609457113672,0.016957676526770972,0.005696318601458401,0.972441395414657
Test_434,0.029201447014069324,0.02393607893365849,0.10205164851109101,0.8448108255411813
Test_435,0.07585918819085964,0.03605668863067044,0.37426977343233797,0.5138143497461319
Test_436,0.1992600491109757,0.04263253555542364,0.0054009460685894425,0.7527064692650113
Test_437,0.2214665636888447,0.12402599354120414,0.5897540992052775,0.0647533435646736
Test_438,0.0608820975084774,0.20597590567010793,0.28700153654703725,0.4461404602743775
Test_439,0.14102182585548684,0.10470386024648264,0.6446681112392262,0.10960620265880447
Test_440,0.004063066828788524,0.13971304218007277,0.8137062517851575,0.042517639205981214
Test_441,0.7563525852964107,0.006066192683664787,0.1611575316632929,0.0764236903566317
Test_442,0.0029354932926862237,0.0032925168065478325,0.992651840689576,0.0011201492111898887
Test_443,0.0022986954632547166,0.15168194948731803,0.06075936473949533,0.7852599903099319
Test_444,0.7300680322455999,0.0063849126888928945,0.037724881170041226,0.22582217389546605
Test_445,0.07061463585202309,0.0473570357299419,0.3111752867391017,0.5708530416789332
Test_446,0.003912907316070456,0.2770203172090871,0.5269036134614696,0.19216316201337272
Test_447,0.10462353826920917,0.039368069055363705,0.5321650965327847,0.32384329614264246
Test_448,0.05639873828729424,0.05452682192759749,0.8377407774860774,0.05133366229903071
Test_449,0.04817152927085076,0.05878766182616525,0.1789152735233622,0.7141255353796218
Test_450,0.11725166924290184,0.01856186751067331,0.843560175025152,0.02062628822127277
Test_451,0.0002815013509838583,0.03797344025076928,0.9548153054993458,0.006929752898901085
