image_id,healthy,multiple_diseases,rust,scab
Test_0,0.05247578236963184,0.1121177751091833,0.7632071886406401,0.07219925388054459
Test_1,0.09445401052061943,0.21584444948930023,0.4392857443571168,0.25041579563296334
Test_2,0.08450842218404188,0.041678859969221715,0.05501359041197606,0.8187991274347605
Test_3,0.5593538566088824,0.007598248088087239,0.11175458838779158,0.3212933069152389
Test_4,0.05565935864306121,0.10813179036102824,0.789182112398677,0.047026738597233726
Test_5,0.6940032211531808,0.009742361858008785,0.22120327398963036,0.07505114299918018
Test_6,0.9183215662251505,0.016091034331710823,0.032999818417346415,0.03258758102579229
Test_7,0.009517070004284998,0.05692344124243079,0.030264459992481157,0.9032950287608035
Test_8,0.08298883808838524,0.17228316188165368,0.14951223940315406,0.5952157606268069
Test_9,0.05452664349857826,0.06150983103785167,0.866102189071482,0.01786133639208807
Test_10,0.024325210962829837,0.0697478581379818,0.5635678552064743,0.3423590756927141
Test_11,0.892019275605572,0.009444106544755458,0.06120889248757468,0.03732772536209788
Test_12,0.2793457988219933,0.19982597241266903,0.03448727967259822,0.48634094909273956
Test_13,0.9013831991890126,0.023420799463578928,0.054517002606700386,0.02067899874070825
Test_14,0.028396486465067403,0.06778926002232555,0.8674198554812594,0.036394398031347634
Test_15,0.09804963135688297,0.07779671942339468,0.7415138680641401,0.08263978115558246
Test_16,0.5092754552412314,0.02569641446376416,0.4468062353176791,0.01822189497732538
Test_17,0.1292047858571084,0.31613352631507674,0.37138741587964585,0.18327427194816892
Test_18,0.368173039072554,0.034323897349059274,0.32209701057400375,0.27540605300438314
Test_19,0.006858416861070029,0.2533444850527524,0.7013442864899094,0.03845281159626768
Test_20,0.5137640268973814,0.029648532888213928,0.11363676383842755,0.3429506763759769
Test_21,0.589738699648416,0.005251864401697516,0.03414128744468663,0.37086814850519983
Test_22,0.06743991901291901,0.11616734477956345,0.7195382886709969,0.0968544475365202
Test_23,0.29813117839667136,0.020666071971656704,0.3611362240643907,0.320066525567281
Test_24,0.6917490558418812,0.026799714113704635,0.14028957359783703,0.14116165644657733
Test_25,0.6101505915043365,0.019365872822378852,0.256826374975044,0.1136571606982405
Test_26,0.056852303895785404,0.04064192836724672,0.6768501740428067,0.2256555936941611
Test_27,0.011306864965720188,0.02410840242319384,0.870055502215754,0.09452923039533219
Test_28,0.9395100855015927,0.009777273981808578,0.04674304333112416,0.0039695971854743824
Test_29,0.2644801874822052,0.11058805980448567,0.38622763492476175,0.23870411778854733
Test_30,0.47106588102440267,0.013532632243246065,0.36198139531218,0.15342009142017096
Test_31,0.3033826372222431,0.12453636247887642,0.35521134146558647,0.21686965883329393
Test_32,0.4047502803170544,0.0677246915181137,0.10387348436927467,0.4236515437955573
Test_33,0.011167809046781097,0.03735116274986567,0.004388840583949735,0.9470921876194036
Test_34,0.03432091729978807,0.0069597004718345195,0.027233187475560187,0.9314861947528172
Test_35,0.030742358859825566,0.11383993501601931,0.105564373084261,0.7498533330398941
Test_36,0.021924248528733696,0.05911010700649356,0.8938619410957224,0.025103703369050427
Test_37,0.2310819968905516,0.15606273481065172,0.12892228598465913,0.4839329823141376
Test_38,0.04654896579451249,0.047197459169899494,0.01182875271500497,0.894424822320583
Test_39,0.0046244915291901,0.009469742443369965,0.977960002780536,0.00794576324690391
Test_40,0.15333957304317306,0.08810885187964251,0.24666117521691802,0.5118903998602669
Test_41,0.050857397455224176,0.02319129696159194,0.866455715315293,0.05949559026789079
Test_42,0.026109632544214712,0.04562185231099332,0.04354741581518728,0.8847210993296049
Test_43,0.38075520607328683,0.009718265421999142,0.5978622591228003,0.011664269381913695
Test_44,0.07427064930297206,0.05703088324062561,0.2666508758314573,0.6020475916249453
Test_45,0.032314110527789895,0.17125697380141466,0.32249920324688,0.4739297124239153
Test_46,0.12922622490104457,0.15223651685165174,0.05293976732661183,0.6655974909206919
Test_47,0.02360013913926061,0.02494506528273113,0.9405891618876963,0.010865633690312395
Test_48,0.11061544123356225,0.102117896741643,0.6598523049821042,0.12741435704269047
Test_49,0.007195422306057028,0.03132770232923328,0.7845823409441948,0.17689453442051487
Test_50,0.0017932170200780288,0.06409026142929557,0.9237122663408877,0.010404255209738696
Test_51,0.29213399731744705,0.07574998137905598,0.2716293378036729,0.36048668349982427
Test_52,0.03243804883201294,0.04722196361855445,0.7702167870480394,0.1501232005013931
Test_53,0.06927042963531677,0.11748191365026038,0.7693168816497419,0.04393077506468079
Test_54,0.6677273903938586,0.015054660584437728,0.216670734132343,0.1005472148893606
Test_55,0.07841271261394431,0.046298505869674544,0.36322236270415803,0.5120664188122231
Test_56,0.1040144798995828,0.2238248555456035,0.18729013608795814,0.4848705284668558
Test_57,0.026333015009967146,0.020589253025202887,0.013419579639441893,0.9396581523253883
Test_58,0.01127186308087822,0.023560747103994393,0.010175374351872301,0.9549920154632554
Test_59,0.06924118704534954,0.07570860115849538,0.8226111495671659,0.032439062228989464
Test_60,0.020457254879000755,0.057319514970136404,0.00835189880368222,0.9138713313471809
Test_61,0.5653228571062495,0.060247355314046035,0.16267942678225625,0.21175036079744816
Test_62,0.10314576828510567,0.10469743867203059,0.3620818649788519,0.43007492806401165
Test_63,0.19272464505836065,0.07960332112979113,0.03805406553654458,0.6896179682753036
Test_64,0.1062769588331256,0.013269472143345345,0.1289163515843194,0.7515372174392096
Test_65,0.3140269454981063,0.04048368019886916,0.15167314779256427,0.4938162265104599
Test_66,0.8855904827305875,0.05150788276954774,0.021474126594165404,0.041427507905699205
Test_67,0.08611556134295378,0.061314502839083976,0.6332622297484628,0.21930770606949976
Test_68,0.019705036207786346,0.014061951436237868,0.8818965931440009,0.08433641921197488
Test_69,0.010356271024511797,0.17831317418877482,0.6905268099273586,0.12080374485935459
Test_70,0.033788529834410656,0.03478856898242201,0.005784021182280105,0.9256388800008868
Test_71,0.013924730257740561,0.1894571903538693,0.787521561123978,0.009096518264412082
Test_72,0.2216034731756072,0.07667348702135077,0.22830018100646382,0.47342285879657814
Test_73,0.5686812477998108,0.07186545066556181,0.29764367942729325,0.061809622107334414
Test_74,0.8737444698787051,0.028736282440061753,0.04007635400929081,0.057442893671942385
Test_75,0.057152844420033454,0.09071351190471008,0.1412522750720407,0.7108813686032155
Test_76,0.5537480042130416,0.016566291240577655,0.07391124548279603,0.3557744590635846
Test_77,0.6170909767505054,0.01058367645406472,0.35842292093070643,0.013902425864723547
Test_78,0.059788430635199355,0.11376918281331302,0.14399742229406592,0.6824449642574217
Test_79,0.33240165970008145,0.08911841511969004,0.17007376812142225,0.4084061570588065
Test_80,0.15337590185695057,0.16741929531495806,0.12469779735895484,0.5545070054691367
Test_81,0.3832702163048321,0.048852336966664606,0.3795806920321668,0.18829675469633644
Test_82,0.5499636630390887,0.034266207963310966,0.2831547115856503,0.1326154174119501
Test_83,0.0990310077630556,0.11891077584379951,0.02134943753625428,0.7607087788568907
Test_84,0.2307429204859423,0.012455492975626163,0.361543404396489,0.3952581821419426
Test_85,0.6309858913573233,0.024250280885313537,0.050291975972065465,0.29447185178529794
Test_86,0.1630158515715883,0.3366236074498979,0.17612470124113253,0.3242358397373814
Test_87,0.29005090361652636,0.03388917740818555,0.11778622553973146,0.5582736934355567
Test_88,0.05984340042798257,0.09516595512628859,0.3361174881138536,0.5088731563318751
Test_89,0.3538515723587884,0.01847243136232197,0.3053694947116563,0.32230650156723334
Test_90,0.1115944953839513,0.09083420377985489,0.5394488938653169,0.2581224069708769
Test_91,0.926562762881045,0.0030635843705239603,0.02938471917298133,0.040988933575449714
Test_92,0.8449283180665889,0.02120787657786049,0.023296164615517104,0.11056764074003371
Test_93,0.04698931419949353,0.03817824912272094,0.8652916241880093,0.04954081248977622
Test_94,0.018170111646982033,0.03909930027519532,0.005713844554607632,0.9370167435232153
Test_95,0.725827337448649,0.004055254518346471,0.13710246137124962,0.13301494666175473
Test_96,0.09054255128711912,0.04254613674913397,0.16313307143920983,0.703778240524537
Test_97,0.6365169899513845,0.0037228213620416474,0.3072070822305249,0.052553106456049055
Test_98,0.631330561585396,0.052191761101890055,0.2219506415264802,0.09452703578623375
Test_99,0.25266807761574944,0.03824261888078707,0.19369552532951465,0.5153937781739488
Test_100,0.06620713925887821,0.013361219913238213,0.026907745681444866,0.8935238951464388
Test_101,0.39769675530511495,0.02841079295169613,0.049139215790727324,0.5247532359524617
Test_102,0.25045902599821185,0.14347949314760966,0.07006894766769235,0.535992533186486
Test_103,0.030229833953832316,0.13071717770037983,0.7694718923828383,0.06958109596294933
Test_104,0.04435606682083978,0.2807891172629358,0.26419193399623053,0.410662881919994
Test_105,0.05148419666023734,0.020498122922342717,0.037250832562805675,0.8907668478546138
Test_106,0.7413107120035308,0.006487183067550623,0.17188913552635446,0.08031296940256401
Test_107,0.3951714666487108,0.06145244537986069,0.2770974023920472,0.2662786855793814
Test_108,0.1840761904024148,0.04871392927121505,0.05684345941871536,0.7103664209076545
Test_109,0.3732645089728373,0.08344903859269949,0.3517570885360364,0.19152936389842684
Test_110,0.17812017501798538,0.016560102025984597,0.4295689979599334,0.37575072499609624
Test_111,0.7768477085107797,0.011645802486494718,0.15524164952889144,0.056264839473834094
Test_112,0.13046711078769954,0.03694233504587915,0.6693100558018733,0.163280498364548
Test_113,0.09366295351778356,0.20886215251823323,0.04323630345416179,0.6542385905098215
Test_114,0.05159540054720257,0.04140303659813905,0.7989028062901509,0.10809875656450776
Test_115,0.03620695650966168,0.09136698579477492,0.5573191983238299,0.3151068593717334
Test_116,0.7124343164074497,0.07534213406652457,0.13412480449663522,0.0780987450293903
Test_117,0.004068208731870867,0.02487055056639894,0.9608934351694852,0.01016780553224505
Test_118,0.45848545252749207,0.012054369448555882,0.2575701933132272,0.2718899847107248
Test_119,0.5803733731586924,0.01321941915536753,0.3617874016702659,0.04461980601567423
Test_120,0.12457615550109531,0.022404468207059103,0.8228832757406567,0.03013610055118881
Test_121,0.2653508182732074,0.021317622827696083,0.3943042274685872,0.3190273314305095
Test_122,0.5743944015358846,0.028766234366422186,0.3064475494998657,0.09039181459782764
Test_123,0.008486490632002167,0.06738607975592892,0.8972759465493371,0.0268514830627317
Test_124,0.6858919403279039,0.07117407969699911,0.05512173646412749,0.18781224351096984
Test_125,0.6201679945046467,0.026973749172556086,0.04787904714426815,0.3049792091785294
Test_126,0.8235748195513318,0.07758657791932476,0.05659720341663464,0.042241399112708966
Test_127,0.3647708529770087,0.03555047327676953,0.070873533617603,0.5288051401286186
Test_128,0.12637315704717564,0.04922120731682693,0.3457185148237918,0.4786871208122056
Test_129,0.5460624810470882,0.12750714981638162,0.08903950149087148,0.2373908676456583
Test_130,0.028663692480327595,0.08908684843551529,0.025732332232265932,0.8565171268518914
Test_131,0.007188861832301701,0.007844689621915644,0.01024871882707118,0.9747177297187113
Test_132,0.7955906540189817,0.00814176134036702,0.0815477698457604,0.11471981479489081
Test_133,0.015960128746927222,0.051375920429331465,0.04052269127324136,0.8921412595505003
Test_134,0.04570546922411064,0.04107720957202142,0.5282717651217164,0.38494555608215186
Test_135,0.5129889428298741,0.0368916282540712,0.322716801177046,0.127402627739009
Test_136,0.13677677318081957,0.060843074447196714,0.22169621336073989,0.5806839390112439
Test_137,0.0018850121884208715,0.09173471697044795,0.8912414787337406,0.015138792107390787
Test_138,0.1593820328900808,0.030197635360031116,0.7648764351666691,0.04554389658321871
Test_139,0.6701012244909638,0.008256340488566457,0.27486945269423085,0.04677298232623871
Test_140,0.4649261865146042,0.03816507240476174,0.4457850777183102,0.051123663362323796
Test_141,0.3923212987287898,0.018513635569941435,0.5474829450869252,0.041682120614343975
Test_142,0.1433314639688402,0.15148089535344003,0.11079103002025811,0.5943966106574615
Test_143,0.43731590860135544,0.06483411229083146,0.12713322069575247,0.3707167584120607
Test_144,0.6652181455546856,0.006516325104171941,0.3250872214565702,0.0031783078845720376
Test_145,0.39581485045968,0.033975683482503245,0.48052480340898934,0.08968466264882742
Test_146,0.0266865555676675,0.12768588547338822,0.8130838254715902,0.03254373348735423
Test_147,0.07052625932181616,0.03975100344162658,0.7613155407124572,0.12840719652409988
Test_148,0.11837986341392158,0.07404648877544558,0.7722101666075023,0.03536348120313023
Test_149,0.42489275973173324,0.014294548654407638,0.5324248979853512,0.028387793628507737
Test_150,0.1566704878768719,0.17043302019109394,0.5529064877626311,0.11999000416940321
Test_151,0.09176894075401283,0.1567535203878675,0.5575641158490993,0.1939134230090208
Test_152,0.055136882706540165,0.14173272382795687,0.6844950942332234,0.11863529923227928
Test_153,0.09314757879108297,0.028133609637541017,0.30381574417001533,0.5749030674013608
Test_154,0.22841464996584043,0.03642920965975042,0.525042475077011,0.21011366529739856
Test_155,0.0029035397081189906,0.09785358197817197,0.8718562696668395,0.02738660864686957
Test_156,0.32108811811805216,0.3119684932644074,0.17662655185653942,0.19031683676100145
Test_157,0.7567485009601019,0.053505174201420896,0.1490916269445504,0.04065469789392679
Test_158,0.06316550454083095,0.019308589959668797,0.006121294746231416,0.9114046107532686
Test_159,0.5509999263173695,0.03590845903381129,0.13827571233002822,0.2748159023187906
Test_160,0.8439465738257625,0.008867286429318312,0.09444188504710142,0.05274425469781802
Test_161,0.16825225782649497,0.013834028100413221,0.5133580258885181,0.30455568818457396
Test_162,0.08937521309922322,0.03357950794724838,0.8607957549968358,0.016249523956692453
Test_163,0.07959917033427445,0.08160130580560922,0.24752298283762897,0.5912765410224875
Test_164,0.514072640775185,0.07094666848546137,0.25486378801659015,0.16011690272276358
Test_165,0.02404629769948714,0.1558027488040403,0.13504265539028232,0.6851082981061904
Test_166,0.12447185466761375,0.028669480385351786,0.6013988225094656,0.24545984243756844
Test_167,0.5198064199868027,0.01709761329533286,0.3435393712025789,0.11955659551528575
Test_168,0.022154915932640996,0.13882847927610867,0.7259206291758227,0.11309597561542728
Test_169,0.20815955716310255,0.037756322314117075,0.07288139443267135,0.681202726090109
Test_170,0.11645998457061812,0.026930372925759703,0.18410172255163992,0.6725079199519823
Test_171,0.016330828497213443,0.03564297484404945,0.42175871329841963,0.5262674833603174
Test_172,0.04343592850999593,0.13060435023937608,0.793729521080536,0.03223020017009215
Test_173,0.01780646540243835,0.10568881363048097,0.8379920048558913,0.03851271611118939
Test_174,0.2478655796823217,0.10542089974770534,0.4926678688301724,0.1540456517398004
Test_175,0.485831402356593,0.07589817134318388,0.08582612556499533,0.3524443007352279
Test_176,0.13130119547079852,0.08475521781846818,0.6486145848037206,0.1353290019070128
Test_177,0.014383171801835733,0.03886283100648725,0.012593365835633865,0.9341606313560433
Test_178,0.20616423442845555,0.03320041788290486,0.028425481990251952,0.7322098656983875
Test_179,0.008016037603236619,0.0329888652226354,0.9484955124845525,0.010499584689575516
Test_180,0.12969628683587717,0.07832071314858761,0.163385270558205,0.6285977294573304
Test_181,0.007168352556256337,0.10856627398399031,0.046348662263192494,0.8379167111965611
Test_182,0.33841368207944533,0.04899545757561312,0.42838530439768135,0.1842055559472606
Test_183,0.9039740901796316,0.0038011090143266397,0.06038435811588855,0.031840442690153015
Test_184,0.2512907647491218,0.0520321950467294,0.062332073678536486,0.6343449665256121
Test_185,0.46443313104657713,0.11764737899804899,0.05656977720902973,0.3613497127463442
Test_186,0.2781080383302355,0.07512319694795831,0.1496316143508882,0.4971371503709178
Test_187,0.11383503404446395,0.039489496748558076,0.7648544841232899,0.08182098508368812
Test_188,0.00812630157228551,0.006523820763202843,0.9812011572403827,0.004148720424129067
Test_189,0.22088636253958746,0.018146617775967887,0.6926964278132994,0.06827059187114498
Test_190,0.39396571839414907,0.05389698407208295,0.4107194035666491,0.14141789396711898
Test_191,0.006386727171360054,0.04285484616875289,0.9360663797682547,0.014692046891632088
Test_192,0.703029189093938,0.006177787819772828,0.2369574430240504,0.05383558006223885
Test_193,0.025369600700522486,0.08130435290997368,0.7319954877336132,0.16133055865589088
Test_194,0.005292474251121218,0.3768150900958843,0.5992763437006131,0.018616091952381366
Test_195,0.5691818942683845,0.11480671942449627,0.25515878159633043,0.060852604710788974
Test_196,0.7756761461904502,0.009622460085416071,0.11023003531201932,0.10447135841211465
Test_197,0.018631313769820235,0.06420531904396164,0.8399974132648724,0.07716595392134598
Test_198,0.09751864064878456,0.16360651809994106,0.32265410737077604,0.4162207338804985
Test_199,0.03056476959485922,0.015117825326786342,0.9216171863991245,0.03270021867922982
Test_200,0.014960930410111713,0.010742292739388818,0.9651881560897883,0.009108620760711205
Test_201,0.007818850094482244,0.03127798607956266,0.041165648293864786,0.9197375155320902
Test_202,0.12739932343176402,0.10120121849531143,0.3492213285804529,0.4221781294924717
Test_203,0.07877611653071895,0.036925846279630505,0.47329892544010255,0.41099911174954823
Test_204,0.4973192982893448,0.042832585327840574,0.27084369498934585,0.18900442139346862
Test_205,0.015665183628576156,0.01442349482137309,0.007376432915203771,0.9625348886348468
Test_206,0.009549859755099883,0.01955857237841234,0.008247819933073865,0.962643747933414
Test_207,0.14838962684845639,0.09861583627190222,0.14473717110922424,0.6082573657704173
Test_208,0.5008411789170961,0.10850694182537374,0.27963917452580517,0.11101270473172489
Test_209,0.07319047053013315,0.12979022866564593,0.7339986445484646,0.06302065625575601
Test_210,0.318939089662761,0.05699675954607124,0.23338895293912412,0.3906751978520437
Test_211,0.01143809217866912,0.43626523206226175,0.49595141359132006,0.05634526216774892
Test_212,0.06970421688314553,0.0217643852080412,0.8971379742085615,0.011393423700251822
Test_213,0.4540086012969314,0.15101958314277397,0.09039199976445937,0.30457981579583504
Test_214,0.06397120571049095,0.12448134600716866,0.6318521210694815,0.17969532721285886
Test_215,0.6228519607928608,0.11905747866675984,0.10249162148836789,0.15559893905201136
Test_216,0.9166624728837008,0.0062847361565591875,0.06735185445350116,0.009700936506239016
Test_217,0.040799677045134215,0.04334618518136412,0.14130848662308473,0.774545651150417
Test_218,0.9100558926477933,0.018204176379983325,0.034670026462033654,0.03706990451019001
Test_219,0.5533271213151624,0.020088658605305107,0.3841994496062186,0.04238477047331408
Test_220,0.0033488584506209595,0.05322872882821779,0.14501256260187392,0.7984098501192877
Test_221,0.22501229498907793,0.061176465042664954,0.05775862258252864,0.6560526173857285
Test_222,0.023088243118870234,0.016765148463436873,0.9512181731185738,0.008928435299119145
Test_223,0.17646425543194208,0.031190855405495366,0.6778792333306561,0.11446565583190665
Test_224,0.560469834963679,0.05287886026588054,0.1301274555314378,0.25652384923900273
Test_225,0.8027088822917346,0.011731753668108596,0.13119949722190413,0.054359866818252674
Test_226,0.08824375492288135,0.3159116967283267,0.15939374221584005,0.4364508061329518
Test_227,0.0993911121839214,0.048947237987110384,0.12052925188405819,0.73113239794491
Test_228,0.06243023633547876,0.03399016479573642,0.8737122933709061,0.02986730549787903
Test_229,0.18074736836916813,0.11822152502219563,0.4722540830069965,0.22877702360163937
Test_230,0.4791897678134945,0.012901284069711416,0.3367246181771651,0.17118432993962912
Test_231,0.11899149145104203,0.10564782817322366,0.29624439458702595,0.4791162857887083
Test_232,0.2536089958089547,0.006249445335912843,0.7202761738006517,0.01986538505448056
Test_233,0.2982194058243903,0.04020872919860812,0.07031254981226268,0.5912593151647386
Test_234,0.21755491356655468,0.05287372305457881,0.2238756651779784,0.5056956982008882
Test_235,0.06390633925339964,0.06388053585761011,0.2725591712326054,0.5996539536563847
Test_236,0.24613504873804198,0.023455552411295624,0.510138467169553,0.22027093168110945
Test_237,0.5059012195513194,0.060376844081437335,0.22957656389163955,0.20414537247560383
Test_238,0.028235549635356665,0.08875419775554606,0.7966343629624839,0.08637588964661361
Test_239,0.01244564686039365,0.030890083031516677,0.9214919880685994,0.03517228203949032
Test_240,0.0670066240874561,0.1615827544526738,0.6694388814781982,0.10197173998167193
Test_241,0.0021365779310408197,0.017065340499599575,0.964006084475879,0.01679199709348039
Test_242,0.6175488865672327,0.1052015982807838,0.19409647817319892,0.0831530369787842
Test_243,0.9158923992459652,0.010732910116968248,0.04366524680242296,0.029709443834643596
Test_244,0.6504298133734829,0.04278534877142888,0.2200420857792203,0.08674275207586783
Test_245,0.34729440451924465,0.060708533149812595,0.07577139328523515,0.5162256690457075
Test_246,0.13071511644421277,0.07281993633595721,0.5148414594012751,0.2816234878185551
Test_247,0.004079316991192801,0.04462342373940685,0.016776150743832107,0.9345211085255685
Test_248,0.8739506892004276,0.012396125400692942,0.022354638507087982,0.09129854689179147
Test_249,0.0070442382350945345,0.009838843918223369,0.9489539438561528,0.034162973990529324
Test_250,0.7376217161225019,0.006391212194299282,0.19824847023041253,0.05773860145278622
Test_251,0.5671207289566733,0.09695333842102079,0.04764206584244952,0.2882838667798566
Test_252,0.43436987099599117,0.08580839776455108,0.136257512230957,0.34356421900850037
Test_253,0.006724072271587857,0.05180394866175555,0.03254921365223843,0.9089227654144183
Test_254,0.294663906926154,0.030514991140500224,0.4399540667312196,0.23486703520212604
Test_255,0.04080550012859344,0.06164082605585612,0.04462650247557529,0.8529271713399752
Test_256,0.010186867209200519,0.030629749857271363,0.010962951727776496,0.9482204312057515
Test_257,0.20448845609770205,0.012417039223585821,0.7450632363147282,0.03803126836398412
Test_258,0.01624368663410809,0.02477581010841844,0.8440785259866005,0.11490197727087312
Test_259,0.5840190709986534,0.05747417511114173,0.05937077598005756,0.2991359779101474
Test_260,0.23105042447076082,0.025420974149407836,0.023513852034379463,0.720014749345452
Test_261,0.011448098357430833,0.04385992431386476,0.6743490048624117,0.27034297246629263
Test_262,0.06483220342153231,0.10529625046195903,0.31509101178613635,0.5147805343303722
Test_263,0.5227761807444009,0.047142134594064064,0.27712286014142784,0.1529588245201072
Test_264,0.6225856652978589,0.004491131422347775,0.3297428035048169,0.04318039977497629
Test_265,0.7391394306618516,0.0538027242658156,0.06651609148631928,0.14054175358601362
Test_266,0.01400544683061727,0.031612863432060045,0.03687794575341264,0.9175037439839098
Test_267,0.8625594471682987,0.004061220809275324,0.07567606980934793,0.05770326221307805
Test_268,0.00938059290683566,0.1399076437953945,0.7883708144803648,0.06234094881740507
Test_269,0.39730051801951943,0.04085968171443791,0.24888965340634464,0.3129501468596984
Test_270,0.16320874906537847,0.021733536772605835,0.016694586657695454,0.7983631275043201
Test_271,0.4758458230967454,0.040276987357259944,0.08086118339378492,0.40301600615220995
Test_272,0.04011214758470715,0.0827282600764675,0.06706054147674133,0.8100990508620839
Test_273,0.47978416432191506,0.008021903442539802,0.06256268467350938,0.44963124756203543
Test_274,0.037541931508871765,0.10224840576344654,0.7955441992651986,0.06466546346248318
Test_275,0.25087321013046177,0.21266249900030487,0.47030651873277485,0.0661577721364585
Test_276,0.02762011727060237,0.0300443245204044,0.02113104592991608,0.9212045122790772
Test_277,0.3304754207238363,0.23695000784231737,0.29847172608933226,0.1341028453445139
Test_278,0.07178396294094806,0.025103212219027463,0.07008577855228112,0.8330270462877434
Test_279,0.17956174854743265,0.07363905528675185,0.532531726937356,0.21426746922845932
Test_280,0.37100728775960373,0.021737077500223526,0.08140559191943052,0.5258500428207419
Test_281,0.027812985236623802,0.030688661000733683,0.02564310349231598,0.9158552502703263
Test_282,0.03997766866222829,0.09316435709126816,0.08048160978974983,0.7863763644567537
Test_283,0.2896018338099683,0.17106777304070245,0.12877161855413422,0.41055877459519496
Test_284,0.5378155114516656,0.07906097482402241,0.1767451887338904,0.2063783249904217
Test_285,0.8517775609924629,0.014184489697679511,0.1023056762756956,0.03173227303416226
Test_286,0.135135487467285,0.03225663685353596,0.05221029467784854,0.7803975810013304
Test_287,0.7585370336873226,0.02911732178179149,0.1382371023923678,0.07410854213851795
Test_288,0.012019691205880381,0.015435616724772859,0.004639599658280505,0.9679050924110659
Test_289,0.03801806370696005,0.05268092859329515,0.3055859886200064,0.6037150190797385
Test_290,0.025450854835506707,0.05553139597690273,0.6641535147963201,0.25486423439127054
Test_291,0.23511985622404125,0.09370944048518982,0.6333215280229466,0.03784917526782229
Test_292,0.9462932638458786,0.01072990014404853,0.01353866377362434,0.02943817223644853
Test_293,0.03374953681910794,0.0800727505467721,0.5616220273315374,0.32455568530258244
Test_294,0.33022469908595764,0.11088727851313933,0.07842642862078673,0.48046159378011627
Test_295,0.8219742106091807,0.020694355814230878,0.08031521398896538,0.07701621958762314
Test_296,0.11187987798087978,0.03202334780951252,0.6530560869452814,0.2030406872643262
Test_297,0.0024588392142555764,0.24204532407699694,0.015111855287871519,0.7403839814208761
Test_298,0.008863556608124363,0.052731591265049636,0.8619475974067453,0.07645725472008046
Test_299,0.2855676628417508,0.09428909437275866,0.11863140633227345,0.501511836453217
Test_300,0.5790287024349323,0.064374090397443,0.057100876698545924,0.29949633046907875
Test_301,0.4744074570458065,0.057359990556771774,0.1502757818713951,0.3179567705260268
Test_302,0.012228120328488877,0.10447751423488,0.3613311298269498,0.5219632356096813
Test_303,0.6859367202161245,0.04003492994546833,0.030413075055479452,0.24361527478292763
Test_304,0.8972626757808491,0.04516952144136617,0.034411364168158126,0.023156438609627086
Test_305,0.837027540901874,0.058838459078978125,0.018707457061888092,0.08542654295725984
Test_306,0.02683396544766528,0.270500766661246,0.5451097054454691,0.15755556244561983
Test_307,0.4400786757844087,0.02390387550428768,0.45884315145170634,0.07717429725959733
Test_308,0.8180256223529337,0.05068893964116542,0.05749075595799337,0.07379468204790769
Test_309,0.12258595560677335,0.02911753381414687,0.5134620857599631,0.33483442481911657
Test_310,0.02978376668510065,0.08372898936594031,0.7696035672711801,0.11688367667777894
Test_311,0.040059980333497516,0.033248329918541826,0.9020878404812616,0.024603849266698983
Test_312,0.014377762208929428,0.07926563154500221,0.014942015613891172,0.8914145906321772
Test_313,0.005544691681784889,0.011029932089532282,0.0100728398906504,0.9733525363380326
Test_314,0.40216077505046693,0.048457317549737526,0.2286065715008091,0.32077533589898666
Test_315,0.42064247592377174,0.01412231300066678,0.1804707105742158,0.38476450050134603
Test_316,0.31624604568791514,0.08672206319467124,0.2474396303137594,0.3495922608036544
Test_317,0.011166882963251024,0.009480019505452126,0.9234449956671117,0.05590810186418509
Test_318,0.022953924267597032,0.22529032936061033,0.02772900172270676,0.724026744649086
Test_319,0.010182524882868164,0.03198069143268066,0.9203392816633006,0.037497502021150646
Test_320,0.07515712673308893,0.17807684898505768,0.6834838473712453,0.06328217691060799
Test_321,0.11266495478094551,0.030661998244305967,0.009316364598396848,0.8473566823763518
Test_322,0.42479958818394237,0.0388172775641557,0.4575810060832528,0.07880212816864915
Test_323,0.6608747564453337,0.04367207494812023,0.047572640386115854,0.24788052822043025
Test_324,0.22478554619759558,0.02168280433672666,0.7255765360585422,0.02795511340713568
Test_325,0.040910681980008475,0.04245797064697254,0.13626791061894816,0.7803634367540705
Test_326,0.330156211522105,0.017325632474558022,0.3778851646517153,0.27463299135162195
Test_327,0.3071892798755725,0.16217795693037554,0.1213925587006388,0.4092402044934133
Test_328,0.12164941974563848,0.038238549134428965,0.4122528976390348,0.4278591334808978
Test_329,0.5153739623577102,0.0578518177449416,0.3118094439204927,0.11496477597685544
Test_330,0.006497932490131741,0.02530591864101487,0.8409632495658381,0.12723289930301523
Test_331,0.1751732300158945,0.10912952871717105,0.0651935286552994,0.6505037126116351
Test_332,0.632383573757741,0.02146090585030672,0.1289462726532757,0.21720924773867656
Test_333,0.38851383527580863,0.04892329162102541,0.456216946991016,0.10634592611214981
Test_334,0.0029690731615522954,0.020369676051557775,0.9728771446818938,0.003784106104996379
Test_335,0.5559937085499023,0.08968065147195825,0.12229804810816484,0.23202759186997435
Test_336,0.4185269316307786,0.07969404630420512,0.1530293687352842,0.3487496533297322
Test_337,0.24348515273453297,0.06400897913132102,0.1553038922026604,0.5372019759314857
Test_338,0.8780107318878176,0.018556676419053883,0.05805477523399442,0.0453778164591341
Test_339,0.6886782532183905,0.10660527757343405,0.12722911659249792,0.07748735261567764
Test_340,0.13308312984726084,0.017242250602277565,0.6859659623834479,0.16370865716701363
Test_341,0.3825148464411676,0.0654696140099811,0.3161705197288492,0.23584501982000217
Test_342,0.6786757799068889,0.0202645425350161,0.26360202460926596,0.03745765294882933
Test_343,0.5940126188765508,0.009978561520909575,0.03731701577642336,0.3586918038261161
Test_344,0.2330486392419535,0.0837341865946916,0.5931210393681678,0.09009613479518702
Test_345,0.2279667541627378,0.020011572166570995,0.6995415802129497,0.05248009345774167
Test_346,0.16348651617351811,0.017637833862483816,0.4511895407528258,0.3676861092111722
Test_347,0.05095302350471767,0.030293481202872948,0.8934251457233748,0.025328349569034382
Test_348,0.02332356765592298,0.04076693614194336,0.024795178155019457,0.911114318047114
Test_349,0.697682342814135,0.023336897520544016,0.17224854725716066,0.10673221240816062
Test_350,0.014566822318237194,0.1538760417932354,0.09664240351507468,0.7349147323734525
Test_351,0.0049795766007841614,0.20157110698890693,0.7694705348135279,0.023978781596781514
Test_352,0.0755505797284041,0.04146048816828146,0.01746516406864999,0.8655237680346644
Test_353,0.6381751993214404,0.08424723606733431,0.037377448698388736,0.24020011591283635
Test_354,0.3644536540139738,0.07194317945762385,0.46732275927870137,0.09628040724970076
Test_355,0.7485391118288823,0.022517554935675036,0.019937368710692405,0.2090059645247503
Test_356,0.5448877395585927,0.18494486075930247,0.0944719288775499,0.17569547080455486
Test_357,0.8652789714585956,0.018133775627852986,0.016041453701801343,0.10054579921174998
Test_358,0.1606649842926946,0.06330586238397866,0.48038217763425045,0.2956469756890765
Test_359,0.02321242410294959,0.11257255746273682,0.1065902996187485,0.7576247188155656
Test_360,0.029406386150301243,0.023169196304720023,0.16092024608433836,0.7865041714606404
Test_361,0.4075695076232445,0.08408094269396332,0.06556428223344656,0.4427852674493458
Test_362,0.7192806486703179,0.01707683087377908,0.04271750954375044,0.2209250109121526
Test_363,0.11147184749309036,0.13940056101422216,0.19040133488396815,0.5587262566087194
Test_364,0.361279012406094,0.09210443515280342,0.4821986300428899,0.06441792239821267
Test_365,0.27489938878442666,0.1694991924096366,0.48417476864851394,0.07142665015742262
Test_366,0.33838772190443694,0.033055002136692165,0.5302276814679098,0.09832959449096107
Test_367,0.0677445545194634,0.0639214820430032,0.2441295523837718,0.6242044110537619
Test_368,0.5365381867735617,0.10703111896165556,0.2918207676398411,0.06460992662494165
Test_369,0.015898366454955175,0.021929106478858353,0.20472446769497804,0.7574480593712084
Test_370,0.13114502083216864,0.010290119869369068,0.6404826742105916,0.2180821850878708
Test_371,0.10481337586754484,0.047531209631793817,0.7126773896756425,0.1349780248250188
Test_372,0.0826728298919451,0.15967625448203934,0.04136288500076476,0.7162880306252508
Test_373,0.04419253454008762,0.18896536188234583,0.4447358747291111,0.3221062288484553
Test_374,0.14374248331619544,0.06912564570772015,0.2378111061917158,0.5493207647843686
Test_375,0.06622051596893029,0.047384641374521544,0.017226282208081617,0.8691685604484664
Test_376,0.8054162820234971,0.00925507590226676,0.06850611872590043,0.11682252334833546
Test_377,0.26558623817017235,0.2044206389727205,0.22260786357953977,0.30738525927756694
Test_378,0.26693465326829446,0.014896278206408783,0.6439435178939116,0.0742255506313849
Test_379,0.22245193332232943,0.06657834406918288,0.06844517472232423,0.6425245478861635
Test_380,0.07473850110857543,0.015605392931000188,0.05409514144831798,0.8555609645121063
Test_381,0.2789883157877329,0.06923490308221823,0.047488666315594015,0.604288114814455
Test_382,0.41820695866386143,0.03159305491834764,0.19305812988769655,0.35714185653009417
Test_383,0.5470669393142121,0.20618349117455742,0.08894494234125937,0.15780462716997132
Test_384,0.37693731066457326,0.03081023917279575,0.1420696981716128,0.45018275199101854
Test_385,0.3249577780538859,0.018708393302820897,0.0422062152017401,0.6141276134415532
Test_386,0.017619788363050486,0.18566703882092514,0.26149437328978925,0.5352187995262352
Test_387,0.14639371868698298,0.08711444895233607,0.3113033271623363,0.4551885051983444
Test_388,0.7380888215814188,0.019803218665221632,0.11951986804538753,0.12258809170797205
Test_389,0.7408203076712093,0.011511870747293493,0.1946122693077665,0.05305555227373086
Test_390,0.03382100118342671,0.014452179314529093,0.014032723822719424,0.9376940956793247
Test_391,0.13667327898918805,0.09906298609037485,0.10924571131292331,0.6550180236075139
Test_392,0.04522996869388819,0.026585646481153868,0.8545573447914132,0.07362704003354453
Test_393,0.02642130542454849,0.007800519739810877,0.017236011613019485,0.948542163222621
Test_394,0.5054868946966415,0.006350218628193962,0.21861668810141202,0.2695461985737523
Test_395,0.003530879563432642,0.10482365316659055,0.8738883728796146,0.017757094390362247
Test_396,0.3065611207502709,0.0774260919241839,0.1976249592741783,0.41838782805136693
Test_397,0.010504270021251852,0.01572670667918283,0.01442045100182802,0.9593485722977374
Test_398,0.010022351644846755,0.15229824126909855,0.6317120174554179,0.20596738963063707
Test_399,0.23581853060101166,0.039159177428072886,0.04801804179873063,0.6770042501721849
Test_400,0.08472832766084366,0.027584009587333876,0.8587494347120589,0.028938228039763664
Test_401,0.041746482398115216,0.01087876215946617,0.9342324541247348,0.013142301317683883
Test_402,0.0152127667193203,0.013244546975519703,0.050951313232894355,0.9205913730722659
Test_403,0.0067717980250251225,0.024134205819684482,0.9572294547538397,0.011864541401450516
Test_404,0.4852583812032892,0.029426485480384918,0.41241055527864484,0.07290457803768084
Test_405,0.02574456721542552,0.013693097124596912,0.004286301780371835,0.9562760338796058
Test_406,0.015026120679049803,0.02619862327267062,0.012743843719870931,0.9460314123284086
Test_407,0.03308441968332747,0.007938364741636204,0.003012761916098601,0.9559644536589378
Test_408,0.08841431216185794,0.29484771024436335,0.18258503778872875,0.4341529398050497
Test_409,0.11442930515884246,0.03294745215034223,0.2063062104749035,0.6463170322159115
Test_410,0.07354752253614756,0.03444078098049894,0.03077892302482464,0.861232773458529
Test_411,0.9022464601811955,0.01156248102917724,0.01887840271819409,0.06731265607143327
Test_412,0.03380046998930202,0.24644532171942773,0.5939836368555429,0.12577057143572712
Test_413,0.4164404746703752,0.03077432308536222,0.4687131333058768,0.08407206893838619
Test_414,0.006892749307103846,0.014284751888725016,0.972930884862665,0.005891613941506204
Test_415,0.7056076229095845,0.014731002956895223,0.05178341713046889,0.22787795700305122
Test_416,0.021672682662222845,0.038681256965036014,0.8535823932787311,0.08606366709401017
Test_417,0.19310774787911572,0.021084858333317056,0.7090858227707619,0.07672157101680557
Test_418,0.3421113235168592,0.09512771108386198,0.5280152629691666,0.03474570243011221
Test_419,0.8837731797076535,0.019182511457131946,0.05843642677142689,0.03860788206378781
Test_420,0.05600016605234856,0.05213088551671803,0.8162158701800428,0.07565307825089039
Test_421,0.014609869792227342,0.03156191312366709,0.018312203549110152,0.9355160135349954
Test_422,0.5954262767734002,0.0703922718037119,0.2318010437579972,0.10238040766489105
Test_423,0.6490912600545075,0.04025711658716896,0.06704538938427483,0.24360623397404865
Test_424,0.0326499438623927,0.13141729730196822,0.7102156969902851,0.12571706184535417
Test_425,0.7995787787650958,0.017466817294014666,0.05523164817019617,0.12772275577069325
Test_426,0.07028664610393291,0.007085452853522476,0.8842766923538071,0.03835120868873785
Test_427,0.03591034644904934,0.017349205193967373,0.020284623267043243,0.9264558250899398
Test_428,0.019006886639288716,0.04092546761811526,0.006953299400371118,0.933114346342225
Test_429,0.03863966410000235,0.0793205968044536,0.3646849670474202,0.5173547720481239
Test_430,0.6804000577883722,0.15421815270244357,0.09353517024422076,0.0718466192649632
Test_431,0.4132811439776666,0.06946199639403867,0.18927063202194544,0.32798622760634943
Test_432,0.05263752726950929,0.05495563819246785,0.029736162077721947,0.8626706724603008
Test_433,0.0309820136090563,0.024677818881132286,0.013047246629941936,0.9312929208798695
Test_434,0.13356846303927003,0.06617273533751983,0.3725714167323864,0.42768738489082364
Test_435,0.074156010944248,0.0329909193282096,0.6203540304084788,0.27249903931906366
Test_436,0.562490165928554,0.067812990784152,0.11467932951076655,0.2550175137765272
Test_437,0.8213423741990729,0.023240984971299974,0.10121456163307602,0.054202079196551164
Test_438,0.08768663949343232,0.06852465757184655,0.09145519236477764,0.7523335105699438
Test_439,0.18139266748381946,0.01716608344803391,0.420558456453135,0.3808827926150118
Test_440,0.009572509573360692,0.07262713035018524,0.8427079049082454,0.07509245516820841
Test_441,0.7764416943323279,0.034934395204964636,0.05070889817309325,0.1379150122896143
Test_442,0.001289878980811593,0.005057428410257765,0.9906878799659059,0.0029648126430248645
Test_443,0.0052484695929836764,0.16967041005530845,0.08386991577812973,0.7412112045735779
Test_444,0.8357777785249781,0.02136424871486207,0.020637214325293356,0.12222075843486613
Test_445,0.14276291485179313,0.03754414505524144,0.37439159308385,0.4453013470091153
Test_446,0.011063011495669886,0.0918519781311153,0.844974334715726,0.05211067565748867
Test_447,0.07003873233576244,0.014759810372873506,0.8529293418391439,0.062272115452219695
Test_448,0.08858086525372541,0.2781832501728937,0.4758747074813734,0.15736117709200761
Test_449,0.06319223056402634,0.08457551374883458,0.56438183057172,0.2878504251154189
Test_450,0.47007439653113464,0.04823906810689554,0.4403984583151087,0.04128807704686131
Test_451,0.002010961494820204,0.038237222677723094,0.948584124494159,0.011167691333297557
Test_452,0.4975647480459541,0.04408301936718216,0.09373967956325845,0.36461255302360523
Test_453,0.028699450689640423,0.00755793486885626,0.022295562735139163,0.9414470517063647
