image_id,healthy,multiple_diseases,rust,scab
Test_0,0.027590098178107116,0.06079713776133543,0.7769421632648826,0.13467060079567475
Test_1,0.033716697616649055,0.22900626659764872,0.5966323374560549,0.1406446983296473
Test_2,0.01600513287789124,0.0262167365981169,0.01475466943064433,0.9430234610933477
Test_3,0.8601892637846013,0.01315596819268262,0.07776958857628782,0.04888517944642872
Test_4,0.02204383223869563,0.1027648456759805,0.8655766249829657,0.009614697102358391
Test_5,0.7892995492828409,0.04372508353499971,0.093444298817418,0.07353106836474106
Test_6,0.37566026416598186,0.1447832497882671,0.03561585445855725,0.443940631587194
Test_7,0.002066365671735782,0.06734947514601844,0.00664147452976075,0.9239426846524852
Test_8,0.05084613614312522,0.08308624330672883,0.03385795663378629,0.8322096639163596
Test_9,0.040559724267739114,0.028425573744587995,0.9194236366159717,0.01159106537170126
Test_10,0.02448104075296287,0.11795178057141774,0.838759505726741,0.018807672948878078
Test_11,0.22518402679004182,0.0716948170055007,0.553231936658243,0.14988921954621443
Test_12,0.49868443718368666,0.3261384555016572,0.051160864143323374,0.1240162431713328
Test_13,0.7320797358408936,0.09745003582162733,0.1012471806794343,0.06922304765804468
Test_14,0.10611910249477415,0.02664459977753673,0.8257569549410539,0.04147934278663553
Test_15,0.08720492322954634,0.10422309401674691,0.05064675915050745,0.7579252236031989
Test_16,0.8859954769270956,0.01800316767475771,0.039535265643318475,0.056466089754828024
Test_17,0.09386626672383876,0.31557009929902935,0.41174502659318074,0.17881860738395092
Test_18,0.5639732048398549,0.05709052686128984,0.14564695177165024,0.23328931652720508
Test_19,0.0035821629448043063,0.2703273489244798,0.6884157093075772,0.03767477882313862
Test_20,0.016909860384003144,0.005466268976886239,0.006945229418210604,0.9706786412208998
Test_21,0.8958825462678024,0.027551298024983586,0.037026633795669346,0.03953952191154455
Test_22,0.08897263146051988,0.3331322022964881,0.45106251598124236,0.12683265026174964
Test_23,0.04994247686419203,0.045565683452478196,0.7124746763213438,0.19201716336198585
Test_24,0.6774358352207765,0.00735456187325261,0.09156099926249597,0.22364860364347466
Test_25,0.6936444104828273,0.0443060848086536,0.055557933770307,0.20649157093821235
Test_26,0.07037817845753869,0.059945810426762544,0.14746907529118516,0.7222069358245135
Test_27,0.07892696520926241,0.11250529385113534,0.7851741475406341,0.023393593398968165
Test_28,0.702639504268098,0.06003600464693738,0.08185939365175052,0.15546509743321385
Test_29,0.07254810420831377,0.05468542461857254,0.042048832781197344,0.8307176383919166
Test_30,0.9439512071172206,0.03293293055135614,0.011283655472159537,0.011832206859263596
Test_31,0.013873908330841,0.38006476516819393,0.5588355546296084,0.04722577187135686
Test_32,0.5429873244405709,0.008994545510065496,0.16802348280567117,0.2799946472436921
Test_33,0.016047405840236086,0.03774687016176864,0.012822074769434866,0.9333836492285607
Test_34,0.07989341833235211,0.02184137514153109,0.14729248357660688,0.7509727229495098
Test_35,0.00448984034744991,0.007850815981086915,0.002159142837553637,0.9855002008339095
Test_36,0.010425502449928476,0.027419534874652603,0.9486821335803122,0.013472829095106957
Test_37,0.08443542128396175,0.0369479226524852,0.018971360620148477,0.8596452954434046
Test_38,0.10342352642899173,0.0779964113102492,0.032616090754482206,0.7859639715062767
Test_39,0.008654145028097531,0.055309456483793755,0.8930018679844877,0.043034530503621125
Test_40,0.10659915379235338,0.09146371715459176,0.2461221724155637,0.5558149566374913
Test_41,0.07518881421213677,0.035820720503509665,0.8796642330777649,0.009326232206588814
Test_42,0.009498718039033804,0.03120830864649079,0.017330193022856273,0.9419627802916195
Test_43,0.2693092730938622,0.005907468510178433,0.723859221801536,0.0009240365944238501
Test_44,0.2546906078387366,0.15508719112477534,0.1519532586460369,0.43826894239045094
Test_45,0.34183429849878777,0.15606777912698977,0.30544242892403584,0.19665549345018646
Test_46,0.25803568724809367,0.13049999522032307,0.12635384586464474,0.48511047166693827
Test_47,0.011241947289520056,0.061555755788255465,0.8874066704589019,0.039795626463322666
Test_48,0.1009845369976569,0.05108736909486447,0.5574476838486289,0.29048041005884995
Test_49,0.02239726027381952,0.012709858890758366,0.9379639366089683,0.026928944226454064
Test_50,0.00617381939159558,0.0243273780043116,0.9620708642634637,0.007427938340629168
Test_51,0.4673317368390607,0.08632332034011209,0.19799772503955637,0.2483472177812706
Test_52,0.16412578795405633,0.0678778196891589,0.5252863675638814,0.24271002479290327
Test_53,0.07535200599882873,0.05912000781949995,0.8008982719709725,0.06462971421069881
Test_54,0.07739049409315579,0.14578131943196804,0.08738047176375432,0.6894477147111219
Test_55,0.12216028157157051,0.11910022777617316,0.5361876330065595,0.2225518576456966
Test_56,0.2422915087945216,0.09507462472845371,0.230972686199167,0.4316611802778573
Test_57,0.5351598395220944,0.01896242144357296,0.1368423269690068,0.3090354120653258
Test_58,0.051875847552325015,0.015473651037255162,0.011964269751896206,0.9206862316585237
Test_59,0.04564000351802195,0.08281570225524643,0.747612686357489,0.12393160786924264
Test_60,0.20917585451111104,0.1790278718361186,0.1157796546477913,0.49601661900497934
Test_61,0.6175221034304196,0.020767476392590245,0.09428747998480634,0.2674229401921839
Test_62,0.08822792771373592,0.15114605341975262,0.5501524801435728,0.2104735387229389
Test_63,0.03331587749862725,0.0061297424179845,0.016159336390698407,0.9443950436926898
Test_64,0.8026334636323101,0.01184820884197422,0.05671127434221602,0.1288070531834995
Test_65,0.013062975281393083,0.08782809304848214,0.2687713037515764,0.6303376279185481
Test_66,0.992697876041587,0.0038627492959201863,0.00240990772402757,0.0010294669384650597
Test_67,0.03812984363995476,0.12505639411486735,0.6525505694423307,0.1842631928028472
Test_68,0.02185827410606056,0.42813271179199863,0.41721572737318846,0.13279328672875235
Test_69,0.0392079392107141,0.0747952713591191,0.6629910379978491,0.22300575143231763
Test_70,0.033341698424656785,0.005758161588465197,0.002154453717438089,0.9587456862694398
Test_71,0.026438592583383387,0.078918438190684,0.8754922792392125,0.019150689986720138
Test_72,0.08497455424300217,0.0707284086573127,0.18803107542103273,0.6562659616786524
Test_73,0.7082801789321356,0.011490299167890999,0.21298460134602074,0.0672449205539529
Test_74,0.5673564980083581,0.03095793641475832,0.018078439807126447,0.38360712576975714
Test_75,0.013546453676124724,0.010394118878607823,0.09519841386146811,0.8808610135837992
Test_76,0.8868126508197713,0.004921649331935928,0.04058036674039502,0.06768533310789783
Test_77,0.9260747982487846,0.018299115186148,0.04948426264384505,0.006141823921222562
Test_78,0.11181251381904263,0.10848973715918166,0.046489411941464796,0.7332083370803111
Test_79,0.5859801131221836,0.12643225643783224,0.20898683906732562,0.07860079137265842
Test_80,0.07630242813486565,0.38468437051940946,0.2632484372051362,0.27576476414058865
Test_81,0.24776816731074058,0.04205000869563515,0.33309863409503,0.3770831898985943
Test_82,0.03449073639729081,0.06850138631538082,0.8745201970410335,0.022487680246294776
Test_83,0.02268647299904033,0.05239034168850823,0.04399807932270811,0.8809251059897433
Test_84,0.4405692554277661,0.07308094022889047,0.32583669753920924,0.16051310680413414
Test_85,0.3848234635381541,0.059672648641753444,0.028251789478704607,0.5272520983413878
Test_86,0.2629712794285774,0.3753994809549709,0.23119882850304255,0.13043041111340908
Test_87,0.267975785696085,0.05107198927462236,0.03647953087301323,0.6444726941562793
Test_88,0.05141703355544079,0.1810809908182418,0.7068499406149815,0.06065203501133587
Test_89,0.4717680311667825,0.10333298609331772,0.1588313081554257,0.266067674584474
Test_90,0.2891915818565606,0.15887596069141977,0.3747100192507739,0.17722243820124572
Test_91,0.8584981538598857,0.020543652358745,0.04154108001409804,0.07941711376727155
Test_92,0.9277817745562372,0.0028313690976453283,0.009122995269567065,0.06026386107655015
Test_93,0.020639141555803257,0.135277507937883,0.7973558989765097,0.04672745152980411
Test_94,0.07200930011707725,0.047617369728987904,0.011779713545591364,0.8685936166083434
Test_95,0.5825005462591072,0.014977794193878305,0.2527999373029146,0.14972172224409994
Test_96,0.17856231199485367,0.022316168219398996,0.07839349743099173,0.7207280223547555
Test_97,0.7068631525436352,0.03945500869975558,0.07206620237416582,0.18161563638244305
Test_98,0.6421713471404502,0.1608169055183801,0.05780948826633845,0.139202259074831
Test_99,0.6050879861612286,0.057514831957624045,0.2674977703584298,0.06989941152271742
Test_100,0.08678437844138516,0.01875278387477391,0.006818981325468387,0.8876438563583725
Test_101,0.8893948632449594,0.004846743214283158,0.04120771106990362,0.06455068247085356
Test_102,0.07187906591261532,0.014610407168441416,0.14658519805713752,0.7669253288618055
Test_103,0.0660942699428112,0.6510001509018504,0.2262208603597288,0.05668471879560971
Test_104,0.017645480752915613,0.08369286766861968,0.0502742640279457,0.8483873875505189
Test_105,0.4198189047742597,0.0030520836384624727,0.03678232296279471,0.5403466886244831
Test_106,0.7586590434934489,0.030082798628968257,0.10308758350660575,0.10817057437097707
Test_107,0.06296907302830854,0.018758417247075946,0.7633735170782141,0.1548989926464012
Test_108,0.08579686568252338,0.06840673250246172,0.05360524382322968,0.792191157991785
Test_109,0.39672549523895906,0.10001011136148599,0.06718546657797532,0.4360789268215798
Test_110,0.6462757435018002,0.036718636045430644,0.13565922500480082,0.18134639544796827
Test_111,0.7218608294685658,0.07423286780816389,0.142413164136504,0.0614931385867663
Test_112,0.01640142412784204,0.09026137814825506,0.5894718594241976,0.3038653382997054
Test_113,0.07940452878445446,0.16384533176129445,0.5720232785840137,0.18472686087023735
Test_114,0.04877691204051039,0.29604665244964945,0.4937647452473777,0.16141169026246258
Test_115,0.16779388116823427,0.11693458216230602,0.14485432791909933,0.5704172087503603
Test_116,0.18925834302459074,0.20594263178867536,0.4234250896586245,0.18137393552810924
Test_117,0.003106735107430993,0.023030843556581894,0.9056222111127357,0.06824021022325139
Test_118,0.015188035327725277,0.15419997060594406,0.7537062603112203,0.07690573375511038
Test_119,0.967291371624542,0.012505164069089032,0.01625963296653765,0.003943831339831284
Test_120,0.01345109628881379,0.02108111901020211,0.9506685515792027,0.014799233121781682
Test_121,0.346801747296818,0.18425416584876023,0.11383635800665863,0.3551077288477635
Test_122,0.35139674027309087,0.13438715335571325,0.4173866160717084,0.09682949029948738
Test_123,0.007816706595370726,0.050399707997188,0.9254306079488163,0.016352977458624848
Test_124,0.7599219619499719,0.042876845696528394,0.01613055317525897,0.18107063917824084
Test_125,0.298586900874019,0.11488962745599413,0.4152232105436873,0.17130026112629984
Test_126,0.8889075763594545,0.04247681230379886,0.026468792460860233,0.04214681887588646
Test_127,0.5417482017600495,0.009278221775960662,0.006213385368632016,0.442760191095358
Test_128,0.03348469506762838,0.13180632119851973,0.7608321317177185,0.07387685201613353
Test_129,0.10339774268060294,0.035234505482017335,0.11113081233983461,0.7502369394975453
Test_130,0.08546745131121004,0.39645464913833944,0.06540356717057404,0.4526743323798766
Test_131,0.013351534213615669,0.0047863897828234825,0.005962389398120164,0.9758996866054404
Test_132,0.60923882909938,0.04518836844351946,0.1715384290507561,0.1740343734063443
Test_133,0.02906386368755877,0.08812581527579896,0.01695752719788733,0.8658527938387549
Test_134,0.3553414996842907,0.19608122298678357,0.12448522454303065,0.32409205278589515
Test_135,0.03837022184420967,0.22912756145223637,0.13197741767958168,0.6005247990239722
Test_136,0.06513566672373843,0.017691176478854057,0.17580296762519582,0.741370189172212
Test_137,0.0018778180042295783,0.08007489806982485,0.9053855014058609,0.01266178252008486
Test_138,0.021334418456128126,0.017188446251445215,0.9528049638465627,0.008672171445863821
Test_139,0.8969116003137936,0.019032974173319422,0.06215652462302624,0.021898900889860875
Test_140,0.5173205670456574,0.007332419902054658,0.4392999709514845,0.03604704210080352
Test_141,0.6757108525128611,0.029017284937701306,0.12821886406180222,0.1670529984876355
Test_142,0.08794749069007018,0.2722201559869451,0.04735814915056259,0.5924742041724217
Test_143,0.4775007132393436,0.35326015423060714,0.08910964011662843,0.08012949241342067
Test_144,0.8242133689615145,0.024906291339644317,0.14569454325011352,0.005185796448728014
Test_145,0.48694953266907054,0.15036055985767036,0.11183905893025874,0.25085084854300077
Test_146,0.0037677580718271874,0.019803865955182964,0.9742252185754963,0.002203157397493786
Test_147,0.052777203447621206,0.08707954573593371,0.7384788977746021,0.1216643530418431
Test_148,0.1430280877598757,0.49497908417136016,0.30725633672806996,0.054736491340694304
Test_149,0.09232499087934262,0.0016513004283918843,0.89141378904467,0.01460991964759524
Test_150,0.13440028005110213,0.09496990296769486,0.37514596372449155,0.3954838532567116
Test_151,0.006234070700718295,0.025252669934893265,0.9651269106150834,0.003386348749305408
Test_152,0.026316650791592126,0.19861838325923625,0.4007817236694566,0.37428324227971543
Test_153,0.5682182991033415,0.02376533598291947,0.21211489570899902,0.19590146920474
Test_154,0.02976907324743676,0.07569103137128001,0.8422540659891434,0.052285829392139646
Test_155,0.006260759828587606,0.24846447374562391,0.6993073482163911,0.045967418209397704
Test_156,0.6679205972955512,0.022619045339701705,0.03878746876931585,0.27067288859543126
Test_157,0.47148034880919604,0.008428914052737158,0.04773334898557813,0.4723573881524889
Test_158,0.009052514467396048,0.026108493303745966,0.002714386810782194,0.962124605418076
Test_159,0.13579083072890508,0.0298956215034967,0.4025937351496352,0.43171981261796294
Test_160,0.7180501946306773,0.05083839301528425,0.021946217858948295,0.20916519449509025
Test_161,0.02457742026336809,0.02334864882718191,0.9104967025323203,0.041577228377129356
Test_162,0.13585246028304895,0.16343312927142808,0.6780518761065975,0.02266253433892583
Test_163,0.10442370324412803,0.22017510707982485,0.16349385619147788,0.5119073334845691
Test_164,0.41433261987387004,0.1653420867451161,0.26864730660123953,0.15167798677977415
Test_165,0.11194806095864435,0.03586476415760694,0.059246739112252374,0.7929404357714961
Test_166,0.7182966729341115,0.046943026503752865,0.08985180966923545,0.1449084908929006
Test_167,0.13388161683199498,0.07547908428964391,0.6946645431744675,0.09597475570389336
Test_168,0.011257776692829858,0.04100441204388941,0.93327526293292,0.01446254833036078
Test_169,0.40227751870429845,0.04955157766834222,0.07569105393001947,0.4724798496973401
Test_170,0.12268514464557498,0.025307042928097934,0.06754011561005521,0.7844676968162716
Test_171,0.031159457279545454,0.06385210044503922,0.7254504743845316,0.17953796789088336
Test_172,0.014005040580507503,0.17642884996982788,0.7969644848319454,0.012601624617719355
Test_173,0.008693374445851115,0.05624023206011349,0.9312714177010581,0.0037949757929777546
Test_174,0.21424726230037638,0.04928803031727511,0.073393211584808,0.6630714957975407
Test_175,0.6056894413200727,0.04047027560103012,0.07260994447079017,0.2812303386081071
Test_176,0.006122667620438624,0.013027073922674492,0.9737160496174382,0.0071342088394486195
Test_177,0.06659967972287723,0.029273410946201863,0.006713352694952537,0.8974135566359683
Test_178,0.15614887993586432,0.09302862168310935,0.024727659056361484,0.7260948393246649
Test_179,0.002201400884941596,0.018283059789490023,0.9789947518445395,0.0005207874810288152
Test_180,0.2997279624888065,0.023139836211611295,0.21880114682415985,0.45833105447542244
Test_181,0.016541988687824204,0.06432270671871516,0.02617211332853822,0.8929631912649223
Test_182,0.06779571879208951,0.18625350628007734,0.7070606201212403,0.03889015480659282
Test_183,0.9006316917737918,0.010169939766878385,0.06614855758726805,0.023049810872061646
Test_184,0.3152708042352385,0.3514057183648076,0.10151595312066128,0.23180752427929266
Test_185,0.33307674775976476,0.08324201106584499,0.12406726261510925,0.4596139785592809
Test_186,0.025134495358153833,0.10374052948390466,0.045807503260700044,0.8253174718972415
Test_187,0.058092454299449175,0.06157524771154377,0.7327923539572997,0.14753994403170734
Test_188,0.0803899469787828,0.017945835903228662,0.8822953718589617,0.01936884525902696
Test_189,0.2872488368847928,0.041026635474224304,0.4048218041754359,0.2669027234655474
Test_190,0.02832737211224359,0.37259422062374686,0.5417702458252086,0.05730816143880121
Test_191,0.010543428404301019,0.19484198334959726,0.7729867578758032,0.021627830370298712
Test_192,0.6623639738487536,0.00862857090665068,0.32100779619809333,0.007999659046502478
Test_193,0.05230413854280081,0.018867131096308328,0.3413251621977699,0.5875035681631204
Test_194,0.007951821124488383,0.059640211827932076,0.9178034852343752,0.014604481813204543
Test_195,0.36716080349310226,0.07290037614779754,0.4396160965095046,0.12032272384959555
Test_196,0.0675030955537841,0.06739029429118407,0.10365334179871252,0.7614532683563195
Test_197,0.014908537101946218,0.032828358725432244,0.9454256802586299,0.006837423913991371
Test_198,0.059686431409327376,0.39997325873107337,0.29901604039456103,0.2413242694650379
Test_199,0.03629957784499946,0.009732496467665098,0.9318950719196961,0.022072853767639254
Test_200,0.02933097042523741,0.07425601990018035,0.823715448785253,0.07269756088932887
Test_201,0.004827927650154418,0.0036126848133454146,0.07382361834246007,0.9177357691940402
Test_202,0.08457198084903719,0.03875890375238347,0.8409367888618522,0.03573232653672762
Test_203,0.026967299216724055,0.49016491161526227,0.25268718350037006,0.23018060566764348
Test_204,0.15335735552579713,0.028385266748152196,0.15186303457646408,0.6663943431495867
Test_205,0.02602599099945115,0.020889115969328947,0.008124478642559689,0.9449604143886605
Test_206,0.04635876564407123,0.051827074771973014,0.00908626673106203,0.8927278928528938
Test_207,0.04039438492314371,0.06755539913068301,0.4263477328391572,0.4657024831070161
Test_208,0.9428141136727021,0.02236716785105255,0.021836097557740547,0.01298262091850473
Test_209,0.024885004207665602,0.142793292848814,0.807343663904795,0.024978039038725475
Test_210,0.09122564818532744,0.04530578651426154,0.6841167722932814,0.1793517930071295
Test_211,0.02247729372919639,0.2668767584620572,0.6547841535974088,0.05586179421133709
Test_212,0.06466505701840483,0.013839249160289637,0.9194439487061945,0.002051745115111126
Test_213,0.018006129203709895,0.31310761265926157,0.05323232888564115,0.6156539292513872
Test_214,0.0174689554969785,0.15723940124565008,0.6866528676172787,0.13863877564009291
Test_215,0.2394638211336367,0.39755338403059903,0.14722701784793119,0.21575577698783305
Test_216,0.926413204040918,0.011842621524987077,0.059512949425623185,0.00223122500847158
Test_217,0.2040903837612151,0.06302413049797681,0.07377364614567385,0.6591118395951342
Test_218,0.8582838676263662,0.03456504371778593,0.06428659134023941,0.04286449731560861
Test_219,0.43314256508995547,0.053168617305088636,0.4447625739808812,0.06892624362407496
Test_220,0.0021604604876444534,0.012967973584742606,0.0060350464071033845,0.9788365195205094
Test_221,0.41121412096109505,0.10080546699648207,0.05201783430625219,0.4359625777361711
Test_222,0.009790484764714233,0.04526899850820603,0.9423203874508824,0.0026201292761972392
Test_223,0.01568116904701599,0.16740894966680417,0.7878903253362807,0.029019555949899085
Test_224,0.7325852873610166,0.023515828465398094,0.04198184300351072,0.20191704117007456
Test_225,0.1984050506278726,0.012165171047512385,0.7836768917972281,0.005752886527387099
Test_226,0.040462643354946766,0.43236521973006037,0.4508707725508119,0.07630136436418102
Test_227,0.008900937223080796,0.03793463561273847,0.21065850757362384,0.742505919590557
Test_228,0.16933188803209176,0.008850478017475145,0.8192692683503955,0.002548365600037811
Test_229,0.18258286011793992,0.24519535522340416,0.2804316151045787,0.2917901695540772
Test_230,0.22100403578224215,0.006536216297029357,0.7136588826759922,0.0588008652447362
Test_231,0.02334400789798332,0.12186571769526512,0.10741734333140529,0.7473729310753465
Test_232,0.32258560200825603,0.028864168008620024,0.5368927704176923,0.11165745956543154
Test_233,0.3279077967966102,0.008352693066476196,0.04583114344252769,0.6179083666943858
Test_234,0.17980812710923574,0.03967168528619077,0.0979912055351033,0.68252898206947
Test_235,0.04875549242866946,0.026140470168126075,0.1905440452864456,0.7345599921167588
Test_236,0.13286523553006568,0.015442511456428987,0.2907784093750327,0.5609138436384726
Test_237,0.4456636948665871,0.08279875733869549,0.08144019776365055,0.39009735003106666
Test_238,0.016659680773665038,0.08186351936034984,0.8976973842736858,0.0037794155922993957
Test_239,0.008369522428220401,0.20353094270428573,0.6846878230935872,0.1034117117739068
Test_240,0.030252391912489886,0.35605291549766244,0.5272270769471307,0.0864676156427174
Test_241,0.011516642493565925,0.06853062061225802,0.8789167523689648,0.04103598452521083
Test_242,0.5086887000770064,0.30235641852286915,0.0427470935546201,0.14620778784550434
Test_243,0.7540662155391554,0.01759387153417063,0.18024168279115405,0.04809823013551999
Test_244,0.5702693822741645,0.14718922497380055,0.1233031432251905,0.1592382495268443
Test_245,0.11535673254436186,0.056911528961310076,0.2181764759114389,0.6095552625828888
Test_246,0.021792635721636446,0.17343062700848363,0.3288557176227881,0.4759210196470915
Test_247,0.004624390519503051,0.048654282650685735,0.027615819475510086,0.9191055073543012
Test_248,0.08702241671131214,0.1604584449713224,0.08539119744223746,0.6671279408751278
Test_249,0.036784229948576955,0.08132750216047462,0.8215516368887988,0.06033663100214976
Test_250,0.9463722349466409,0.002352925404745667,0.04400318518782379,0.0072716544607898575
Test_251,0.46984324399873745,0.01866136887306014,0.026825428511263284,0.48466995861693907
Test_252,0.6637720404910475,0.1204017886265404,0.08238720069828523,0.13343897018412695
Test_253,0.29845624092577433,0.1449176376543442,0.12957829443997865,0.42704782697990307
Test_254,0.14763716166717097,0.03006985788517473,0.1408591826897061,0.6814337977579483
Test_255,0.18527659050700326,0.01787486358126466,0.02489077238734855,0.7719577735243832
Test_256,0.027422687116274776,0.12310655937477841,0.025082176648268163,0.8243885768606786
Test_257,0.12001082831172691,0.034108042081922585,0.8252334091784533,0.020647720427896983
Test_258,0.061060658503448106,0.221811883657369,0.5978064849133141,0.11932097292586878
Test_259,0.7530258040595954,0.020129525975351913,0.11547775806761572,0.1113669118974373
Test_260,0.07588015951216685,0.005806662357578364,0.020863782061465923,0.897449396068789
Test_261,0.01969777987900829,0.03606500935332555,0.4781584911514326,0.4660787196162333
Test_262,0.09539914602382141,0.21518311063218382,0.32888007011730114,0.3605376732266934
Test_263,0.7323689241183415,0.05304782476220544,0.01824119901001404,0.1963420521094389
Test_264,0.35444842524707365,0.030177851368223953,0.4397327885054311,0.17564093487927115
Test_265,0.32398696365604923,0.018964825398746176,0.6151745862925042,0.041873624652700434
Test_266,0.0036674062894121893,0.01686679020107569,0.027824131959407868,0.9516416715501044
Test_267,0.9936795725601678,0.0013150248179900415,0.0015500779858544998,0.003455324635987522
Test_268,0.010333009914305224,0.30116587238756437,0.6627613205518154,0.025739797146314945
Test_269,0.6901351090219211,0.016674295641728527,0.1632249758044175,0.12996561953193242
Test_270,0.08246968281627738,0.011949291688553533,0.00805976140527705,0.8975212640898916
Test_271,0.6814193537303955,0.02033151345086026,0.0670506280108734,0.23119850480787077
Test_272,0.008852500060125905,0.09737263340238517,0.6349444539992106,0.2588304125382782
Test_273,0.8760058060894315,0.01689125351749576,0.04297114197805336,0.06413179841501923
Test_274,0.08234763298407329,0.034598929553473524,0.8645576326097656,0.018495804852687432
Test_275,0.05156557988197552,0.18252885556639806,0.23115769729335,0.5347478672582763
Test_276,0.016754284531937072,0.03143877814591236,0.008222460661070912,0.9435844766610797
Test_277,0.29979957375424937,0.12783756937600713,0.3523593441246578,0.22000351274508603
Test_278,0.035184487362719064,0.07882360910820561,0.08834569077346018,0.7976462127556153
Test_279,0.07456236959775386,0.08454334608407292,0.8185859527367245,0.02230833158144884
Test_280,0.3660279924886299,0.03921394962726097,0.09069802702213678,0.5040600308619724
Test_281,0.028562047614855816,0.06095894929557769,0.14004952237306606,0.7704294807165002
Test_282,0.14080554438566667,0.4504315225813507,0.20633675804697765,0.20242617498600465
Test_283,0.0803820608502206,0.19294763172431703,0.13297232236598275,0.5936979850594796
Test_284,0.1413096051782697,0.302372860585113,0.2611290432118238,0.2951884910247933
Test_285,0.8436107716215299,0.003617736648616895,0.05775762684030199,0.09501386488955138
Test_286,0.34324287049951774,0.019856627022074712,0.4100830119413974,0.2268174905370099
Test_287,0.719646817293682,0.024770411420812353,0.025408422247072814,0.2301743490384331
Test_288,0.018201598983901675,0.01440355602530018,0.023250003823605845,0.9441448411671922
Test_289,0.018190911273313026,0.08847418829434829,0.0657540750504506,0.827580825381888
Test_290,0.05432484626387232,0.06563887600714527,0.5960840182160578,0.2839522595129245
Test_291,0.2852628824376509,0.13068666786278477,0.5259864810188086,0.05806396868075571
Test_292,0.8094334610166813,0.008292903370410614,0.03397172315299696,0.1483019124599112
Test_293,0.03870278487983103,0.11092001759011255,0.8066811070992687,0.043696090430787565
Test_294,0.01393925026289526,0.02788297620881497,0.8561862274040366,0.10199154612425287
Test_295,0.08600662811339727,0.14178154055121198,0.7478644141537351,0.024347417181655652
Test_296,0.25922968908839067,0.07380436643223426,0.533581117987769,0.133384826491606
Test_297,0.001036286211488293,0.11043114901573967,0.009892036843457528,0.8786405279293145
Test_298,0.006351189659526195,0.14576552404987894,0.7033436232914501,0.14453966299914497
Test_299,0.04196010811611287,0.35991303041839123,0.10295702831293703,0.49516983315255875
Test_300,0.6860438267954954,0.019704602493429726,0.03980800642209264,0.2544435642889822
Test_301,0.25996227980604475,0.030427133234773696,0.4898964137614774,0.2197141731977041
Test_302,0.03412774065425474,0.12558065909714827,0.397737713554914,0.4425538866936829
Test_303,0.7726951295168326,0.017175216513988317,0.050924439537605504,0.15920521443157362
Test_304,0.8925208783116817,0.06805242187622441,0.0170844989323445,0.022342200879749693
Test_305,0.4496619795164546,0.08221311235518544,0.10661662815760824,0.3615082799707517
Test_306,0.09049894176315387,0.14449539375521575,0.39256917520088225,0.37243648928074824
Test_307,0.3271293711545671,0.056903257010280026,0.608461023541322,0.007506348293830818
Test_308,0.2879181911578675,0.052006520511130354,0.5721662963504595,0.08790899198054263
Test_309,0.021495417883607593,0.16972092207597797,0.640602349204179,0.16818131083623575
Test_310,0.007296203882786857,0.407409201124619,0.5133918039201155,0.07190279107247882
Test_311,0.07095571951844105,0.05820785478637305,0.8352552286709144,0.03558119702427144
Test_312,0.0217832372153982,0.004748898432979861,0.0076322502899860796,0.9658356140616358
Test_313,0.02420608866858397,0.07533858929772157,0.027604181872568655,0.8728511401611256
Test_314,0.08934773821698998,0.07931629496992014,0.05739768283733357,0.7739382839757563
Test_315,0.1804904844727435,0.003319075302934818,0.001680133418587119,0.8145103068057346
Test_316,0.2137667452762646,0.01613397274530479,0.6587550956767936,0.11134418630163712
Test_317,0.01870714163259943,0.02819511594143809,0.9237545406510302,0.029343201774932298
Test_318,0.03440357042401459,0.208570519693339,0.3023111685577098,0.45471474132493694
Test_319,0.041440028657975886,0.1909424848157584,0.7505908286444221,0.017026657881843408
Test_320,0.014955079717003553,0.03915532887188222,0.9217807521937811,0.02410883921733296
Test_321,0.31208514428759565,0.049126081205374254,0.31524154134936033,0.32354723315767
Test_322,0.8390242787781605,0.0068088904638684365,0.08014328836972277,0.07402354238824845
Test_323,0.031072107020068247,0.01668214573072276,0.17257946552802603,0.7796662817211829
Test_324,0.11948932889495702,0.1438017326653405,0.7005386902548296,0.03617024818487273
Test_325,0.053056671454739045,0.054889182329101976,0.276227476412999,0.61582666980316
Test_326,0.3347249255320649,0.01528207403406767,0.6085717860420932,0.04142121439177413
Test_327,0.2080359747912948,0.06065404722427721,0.03825370852022421,0.6930562694642036
Test_328,0.01724445476859399,0.06636463270919443,0.5540015299367862,0.3623893825854254
Test_329,0.31147278138859136,0.049356997177831805,0.2956756891662413,0.3434945322673355
Test_330,0.018107682173936702,0.11613401387238048,0.6656343886377932,0.2001239153158897
Test_331,0.07381731113442723,0.065240084265965,0.012622909881836314,0.8483196947177715
Test_332,0.8739506812278389,0.036940632026738064,0.048281114406802265,0.040827572338620784
Test_333,0.1280130046195898,0.028017676246556555,0.6640506616985052,0.17991865743534866
Test_334,0.0015173843902337293,0.008634048202160023,0.9873689873805142,0.0024795800270920446
Test_335,0.18056137732037977,0.07614201738249278,0.664793383208822,0.07850322208830557
Test_336,0.5365273519126867,0.05594294099321329,0.20210089400565462,0.20542881308844554
Test_337,0.313238355271341,0.16465217509982547,0.3146314938762984,0.20747797575253477
Test_338,0.7884590178998938,0.01763276637221982,0.14878441861153735,0.04512379711634895
Test_339,0.13790882713847127,0.12800481617624299,0.5268059608018322,0.2072803958834537
Test_340,0.07551901148462861,0.04177272661102714,0.7632507513446749,0.11945751055966915
Test_341,0.6103454099815522,0.04983265031545375,0.1801866389694859,0.1596353007335083
Test_342,0.9728989092577446,0.00856738195905753,0.008384805166618178,0.010148903616579419
Test_343,0.9862995929648747,0.0017132493881508266,0.004150989205249177,0.00783616844172556
Test_344,0.14936346197873096,0.14018766550729497,0.677548980214866,0.03289989229910809
Test_345,0.024450754924793372,0.06173172800083211,0.8908312911712841,0.022986225903090136
Test_346,0.031646141949180466,0.09252349033990098,0.7509280454283919,0.1249023222825269
Test_347,0.016178876607136523,0.01630488441445089,0.9566931431327221,0.010823095845690515
Test_348,0.03949759163003076,0.014658703300718456,0.038177721768359575,0.9076659833008913
Test_349,0.20700812750186803,0.04760482983261127,0.6955068131631137,0.04988022950240677
Test_350,0.02134698283241087,0.14813687775596054,0.1148534721157645,0.7156626672958643
Test_351,0.010770027695542339,0.1658495926610427,0.8046356957494899,0.01874468389392464
Test_352,0.024051183944785177,0.01110169320786793,0.011054809285664248,0.9537923135616825
Test_353,0.5395664162097484,0.010669543912091519,0.03569985870716426,0.41406418117099547
Test_354,0.27006322463324917,0.0978373243813553,0.6083129013372053,0.023786549648190485
Test_355,0.15000576912568508,0.01727454441234513,0.36466120120506446,0.46805848525690547
Test_356,0.9283571348534152,0.008068443711637573,0.05698354164196595,0.006590879792981509
Test_357,0.7792659044778639,0.053399706351800184,0.10407523938602214,0.06325914978431386
Test_358,0.36705401358570894,0.038551555992377064,0.4272472120678749,0.16714721835403884
Test_359,0.0028391913430439197,0.007368463323957317,0.004058324582369353,0.9857340207506294
Test_360,0.6382688797122098,0.037711188847816685,0.05164687984349878,0.2723730515964745
Test_361,0.7364617836193587,0.0768714216015098,0.02448711713594252,0.16217967764318908
Test_362,0.9123520706233103,0.004470336174812687,0.0643800488514885,0.018797544350388672
Test_363,0.06258211395221755,0.09450910492737441,0.7823577656032666,0.0605510155171414
Test_364,0.059997623999043175,0.028325056071232917,0.9019002761818469,0.009777043747877055
Test_365,0.04186702705438622,0.059303800638692665,0.8805417079918022,0.018287464315118913
Test_366,0.04622308606051989,0.024364619013910606,0.9211607206292778,0.008251574296292034
Test_367,0.00566243139007841,0.004422862517114756,0.17637281992483625,0.8135418861679703
Test_368,0.4846637156457977,0.02404315097290714,0.08153408506186405,0.4097590483194315
Test_369,0.005527455409204689,0.019191458318543127,0.0162701907375804,0.9590108955346719
Test_370,0.04974026306214835,0.09995066154629952,0.8162444973968757,0.03406457799467662
Test_371,0.09342586835839532,0.047903325581112245,0.5372302004903834,0.321440605570109
Test_372,0.07065055028401686,0.15153172574126356,0.044136310246336116,0.7336814137283836
Test_373,0.015993929320503007,0.15795982855954155,0.6850270439139289,0.14101919820602662
Test_374,0.1543245592357599,0.050713571138479935,0.1309005125301693,0.664061357095591
Test_375,0.0947740833085387,0.07774568190475498,0.04746960736662049,0.7800106274200859
Test_376,0.8505229912863946,0.006252620057608146,0.11354557843423418,0.02967881022176322
Test_377,0.20398077296892564,0.11312497802555217,0.4865867921062628,0.19630745689925977
Test_378,0.3953054475839643,0.0950772538928715,0.3912967157610404,0.11832058276212394
Test_379,0.12435079519082504,0.030130772159302103,0.45772786490278666,0.38779056774708615
Test_380,0.10941386775765911,0.03999924010385219,0.1092286788169813,0.7413582133215078
Test_381,0.20469474424533746,0.02598783261723485,0.02029253578230288,0.749024887355125
Test_382,0.22528575082017524,0.04369056187819973,0.058116298761676254,0.6729073885399488
Test_383,0.41818402968818136,0.04740377643125879,0.20245149819653468,0.3319606956840248
Test_384,0.08820891508347942,0.008663235531959357,0.8855298020282534,0.01759804735630779
Test_385,0.1897342655317053,0.018835330139579512,0.02019218657676704,0.771238217751948
Test_386,0.0034186141645511457,0.08775046412496557,0.811955867861691,0.09687505384879172
Test_387,0.35969339113011667,0.06982601207822804,0.25528521195861015,0.31519538483304516
Test_388,0.08413282517537955,0.00820393531388145,0.01875033221307044,0.8889129072976688
Test_389,0.3809075384550059,0.030943008851945116,0.5490120050942577,0.03913744759879134
Test_390,0.30211444734721576,0.005668237953100625,0.00583139028523429,0.6863859244144492
Test_391,0.10960463576630489,0.13893237202092126,0.2994313243923888,0.4520316678203849
Test_392,0.018012114455744174,0.006526770620101453,0.9345953553366492,0.04086575958750558
Test_393,0.062428663043034134,0.005128159951525726,0.0019700346337456604,0.9304731423716944
Test_394,0.8440662206077173,0.024239897307921882,0.04907064610820934,0.08262323597615129
Test_395,0.011390106677660177,0.08391164956396002,0.8948424534457591,0.009855790312620747
Test_396,0.019857878400218115,0.04924617317416185,0.027928774880687336,0.9029671735449327
Test_397,0.009943425525350928,0.022549653906284033,0.013007912052608404,0.9544990085157565
Test_398,0.009663481179572709,0.2798164972012934,0.5612573027837777,0.14926271883535647
Test_399,0.3458597774639948,0.015429523472954289,0.5631921430723321,0.07551855599071852
Test_400,0.0064902002673672705,0.012468286242038204,0.9718968011328031,0.009144712357791518
Test_401,0.0184006358666588,0.05232898726980199,0.9027087014230356,0.02656167544050366
Test_402,0.031709753699348954,0.06163318136323014,0.023083894490072976,0.8835731704473481
Test_403,0.030778721255650385,0.07874173984064876,0.8169815832168115,0.07349795568688922
Test_404,0.1353686322461342,0.06261621275431631,0.6541181682550438,0.14789698674450583
Test_405,0.08007059030829071,0.07485050044125298,0.024432109496760473,0.8206467997536956
Test_406,0.004793764605119806,0.032517426026692504,0.006696423024723112,0.9559923863434645
Test_407,0.007029825802455255,0.016948598362446148,0.003354696773881302,0.9726668790612177
Test_408,0.3518025333562893,0.13091198952123917,0.14745834496744836,0.3698271321550234
Test_409,0.21440824955447843,0.03669628825427204,0.10898326729334702,0.6399121948979027
Test_410,0.00909916420625358,0.016634447166525394,0.006248014983641,0.9680183736435802
Test_411,0.8505028161063094,0.02732695205999569,0.02202088111437291,0.10014935071932203
Test_412,0.015306660934466884,0.3180624774565455,0.6565557720703258,0.010075089538661774
Test_413,0.5188316301972183,0.08792438342741893,0.31567870339518317,0.07756528298017946
Test_414,2.2360184767202704e-05,0.006862918082875779,0.9912517650098834,0.0018629567224736163
Test_415,0.3133145314488953,0.05673596911602259,0.5007641410723044,0.1291853583627775
Test_416,0.1035968572353295,0.05539568766739033,0.2864919897101696,0.5545154653871106
Test_417,0.05637620252980457,0.08501956427319737,0.8262843317780796,0.0323199014189186
Test_418,0.12122644361257373,0.07449800906290803,0.7310732965963465,0.07320225072817153
Test_419,0.4676855320656239,0.0554684943607352,0.07550235926303815,0.4013436143106026
Test_420,0.012576149258647484,0.08467776209315313,0.8960900858030244,0.006656002845174902
Test_421,0.011333821230908682,0.009383038442508618,0.010435529416744926,0.9688476109098382
Test_422,0.4348763456687777,0.10658191415482511,0.022664162639300253,0.4358775775370969
Test_423,0.013877980437996918,0.01745970655884627,0.9072295353772758,0.061432777625881285
Test_424,0.11011490280301629,0.0851878546494053,0.6566025023827142,0.14809474016486446
Test_425,0.5936865958010408,0.017150350302931376,0.103872952864608,0.2852901010314197
Test_426,0.05014601260720648,0.0069627460598899816,0.9324018284995415,0.010489412833362226
Test_427,0.0063878342209491516,0.006476432958484698,0.026641182046358576,0.9604945507742074
Test_428,0.006177639678797106,0.011896126908104423,0.01408955042672271,0.9678366829863758
Test_429,0.10430285386463448,0.09122376032001367,0.5566397376401755,0.24783364817517683
Test_430,0.5373634905171333,0.2113582561490458,0.22544177194320014,0.025836481390620458
Test_431,0.7713359243039333,0.031385724832552975,0.10842399387046504,0.08885435699304906
Test_432,0.01673255349694415,0.12970681754195013,0.035088733320636396,0.8184718956404695
Test_433,0.0020959183472047597,0.011322733053858433,0.005193726391120446,0.9813876222078164
Test_434,0.04194979420222487,0.026192089948269593,0.02620918860062523,0.9056489272488802
Test_435,0.37491263288135035,0.05859968505854054,0.17772334670942397,0.38876433535068483
Test_436,0.10270698548672205,0.17011144787827387,0.029393261419984468,0.6977883052150196
Test_437,0.3451753611633506,0.12714183569294357,0.45521468803530696,0.07246811510839837
Test_438,0.04266275004000669,0.11499735000792055,0.6776466159513007,0.16469328400077202
Test_439,0.011036785484902509,0.12214538089214898,0.8449472839219847,0.02187054970096394
Test_440,0.010718966550512677,0.0637221463961086,0.9068952005517321,0.018663686501646626
Test_441,0.6792181999570925,0.01913988211219029,0.24499717509579533,0.05664474283492177
Test_442,0.000710327693620584,0.002754723780830409,0.9959093913977607,0.000625557127788636
Test_443,0.004654362697894853,0.048700952636521584,0.03683648428787839,0.909808200377705
Test_444,0.8295809924872187,0.033274600107331395,0.03805230140252642,0.09909210600292312
Test_445,0.02729386007944503,0.03085986636040705,0.4664830818410913,0.4753631917190568
Test_446,0.0173983637853454,0.09789774738730493,0.23685048840005524,0.6478534004272943
Test_447,0.3319815313281064,0.04571887397036665,0.5689055014543122,0.05339409324721513
Test_448,0.019560255908687214,0.1987487807496391,0.7469101028764965,0.03478086046517697
Test_449,0.03878690061449436,0.02307552073658174,0.03675239980736791,0.9013851788415556
Test_450,0.09884608201868297,0.060927219536561966,0.8133685389620009,0.026858159482754045
Test_451,0.001351337813948391,0.06319012961463798,0.9246396397989474,0.010818892772466185
Test_452,0.1249043166109412,0.07333829865215366,0.7202329123040487,0.0815244724328566
