image_id,healthy,multiple_diseases,rust,scab
Test_0,0.018181986547084538,0.10823584055953178,0.823146481452217,0.05043569144116673
Test_1,0.018245650412341562,0.19047581883045223,0.550628412891908,0.24065011786529794
Test_2,0.024070423629506902,0.06755901950245312,0.02315334755127211,0.885217209316768
Test_3,0.8015506696168145,0.008337126139526299,0.10985973299001967,0.08025247125363974
Test_4,0.03520769989185546,0.050722077228895456,0.886458786940512,0.027611435938737227
Test_5,0.8879544888517444,0.03982202714167237,0.03112353499552946,0.04109994901105341
Test_6,0.527062385772231,0.0731496891710664,0.01662289879945284,0.38316502625724985
Test_7,0.0037713863228248995,0.037679789335574365,0.003749629264308585,0.954799195077292
Test_8,0.04176910261531312,0.18903678057753365,0.019337594164781965,0.7498565226423712
Test_9,0.01176799278371912,0.03046374743945052,0.9484329146460637,0.009335345130766684
Test_10,0.009236359788035204,0.2795098967976393,0.6861747654992559,0.02507897791506962
Test_11,0.3038951250293455,0.010057444089058865,0.669981300393105,0.01606613048849064
Test_12,0.06106651966056292,0.0331601562540321,0.026127222710087012,0.8796461013753182
Test_13,0.9115905445034106,0.005679000390639888,0.05283294529812989,0.029897509807819408
Test_14,0.004710466103687538,0.015686228764803398,0.9729027560543465,0.006700549077162305
Test_15,0.23508731381713582,0.06843529732985561,0.5500221648773146,0.14645522397569363
Test_16,0.6224226032397837,0.02207455655047856,0.224108514763547,0.1313943254461907
Test_17,0.11521095604863829,0.44838673115366356,0.18834142657297626,0.24806088622472158
Test_18,0.26991626055930135,0.10458859883807323,0.11096388301413349,0.5145312575884918
Test_19,0.011687426044259552,0.15213688600999123,0.7283343999211455,0.10784128802460376
Test_20,0.05815215990789607,0.04645801427465499,0.12023912443753822,0.7751507013799109
Test_21,0.952767058545475,0.0027368289514827166,0.013804264310155981,0.030691848192886315
Test_22,0.033214733938195795,0.23861537014185097,0.6788168916675851,0.04935300425236851
Test_23,0.15571008479008738,0.058954135839367566,0.17497251376390804,0.6103632656066373
Test_24,0.8236684643339046,0.012942678678890119,0.03841567783490666,0.12497317915229872
Test_25,0.7821180197711912,0.03089268730248034,0.04834057533545809,0.13864871759087022
Test_26,0.02896860369610762,0.052896850203280665,0.11107916625139307,0.8070553798492188
Test_27,0.02345543574225611,0.18814235443636462,0.7729207394544595,0.01548147036691973
Test_28,0.9400005337125775,0.015471196102247628,0.01044795888803166,0.03408031129714315
Test_29,0.2346208925585754,0.06176326524361664,0.4592215450648328,0.24439429713297528
Test_30,0.6888435266510606,0.062444535475970925,0.058870723113082286,0.1898412147598863
Test_31,0.030202638030984563,0.5546364866742363,0.20621550786453544,0.2089453674302437
Test_32,0.616695559913633,0.010258652518972285,0.21672362223191802,0.15632216533547658
Test_33,0.008411012518923363,0.023591400259499667,0.005848082570250966,0.962149504651326
Test_34,0.08198452925047857,0.0517113244767392,0.5062185058964505,0.3600856403763318
Test_35,0.007495258176284519,0.08991521394811496,0.023295233644792263,0.8792942942308082
Test_36,0.0013538738477288936,0.014346514558873112,0.9761827835808308,0.008116828012567
Test_37,0.029961712848137898,0.06174711571579477,0.016005280463902993,0.8922858909721642
Test_38,0.024432263220476577,0.11274757819432367,0.02889682220799614,0.8339233363772034
Test_39,0.001844966919892546,0.008689295495296722,0.9871566940144384,0.0023090435703719777
Test_40,0.07136198279877584,0.05695381645919837,0.5773243246614859,0.29435987608054
Test_41,0.319490992079642,0.0898175173163711,0.5623161350633035,0.028375355540683857
Test_42,0.0032516712770461025,0.007786572616393894,0.00481810189507286,0.9841436542114872
Test_43,0.5127779137212987,0.01805256200195606,0.46019303706791226,0.008976487208833374
Test_44,0.23103982412983207,0.1290426774015755,0.08891600992318036,0.5510014885454122
Test_45,0.16001169270497342,0.4078264703076934,0.11822241959663726,0.31393941739069603
Test_46,0.35113092484152564,0.13341187234927612,0.1302520681782744,0.38520513463092354
Test_47,0.009284457318739527,0.050611678693288024,0.8993868020045276,0.040717061983444394
Test_48,0.09140480096850383,0.07817353031941014,0.6255884893473082,0.20483317936477805
Test_49,0.013160426591064835,0.010715707819974173,0.9550671507966989,0.021056714792262114
Test_50,0.0005478125365065498,0.03590561554493906,0.9624452822359041,0.0011012896826502617
Test_51,0.5897239543981546,0.059755776331104064,0.10199958133173305,0.24852068793900808
Test_52,0.023392044452527738,0.012561257140417888,0.8700638295520959,0.09398286885495852
Test_53,0.0384666635942831,0.022256885926756162,0.9150008134308204,0.02427563704814035
Test_54,0.3626223308115876,0.09559268641920658,0.127749600541128,0.4140353822280778
Test_55,0.17269183617033126,0.05731867566569274,0.49996188054850504,0.2700276076154711
Test_56,0.10016705644391098,0.08961860978274902,0.10079052820001984,0.7094238055733197
Test_57,0.2228098452571264,0.015279590162748099,0.1924957592471401,0.5694148053329856
Test_58,0.03928289842642682,0.0444685792155176,0.015279180302135395,0.9009693420559205
Test_59,0.044364857796022825,0.11307076351447062,0.5577667511020132,0.28479762758749355
Test_60,0.03875139930088888,0.14263567232563518,0.04421156315277211,0.7744013652207039
Test_61,0.703844360116334,0.014701616331640027,0.023316974149780078,0.25813704940224574
Test_62,0.03022477386558095,0.05226713507582959,0.7711816637507477,0.1463264273078421
Test_63,0.12887093532408186,0.02517733995836135,0.10818545322679514,0.7377662714907616
Test_64,0.3304631649575408,0.02376677969056301,0.12566660212757502,0.5201034532243213
Test_65,0.05733708171760829,0.2227769307653894,0.21421700621421913,0.5056689813027829
Test_66,0.9456640789899429,0.01855003351901386,0.013842618095882749,0.021943269395160406
Test_67,0.1642983198042572,0.07683314957201792,0.49691305166835825,0.2619554789553667
Test_68,0.039093116923631925,0.2168731426623293,0.5177440787629926,0.22628966165104622
Test_69,0.059596497313481676,0.12387802238822254,0.523956812818827,0.29256866747946864
Test_70,0.006155971021350836,0.0050968526785399515,0.0017572748386401615,0.9869899014614691
Test_71,0.021404288045936377,0.0801329131815249,0.8827644218886307,0.015698376883908034
Test_72,0.0658264880383965,0.07358928682325692,0.5563224576056582,0.30426176753268824
Test_73,0.8624724100419038,0.019024411288903,0.09430070118775706,0.024202477481436047
Test_74,0.7388439183409735,0.015780897079255753,0.04754940998965071,0.19782577459012016
Test_75,0.02903049948708232,0.0629736054531002,0.06013381688982417,0.847862078169993
Test_76,0.9475083944679424,0.003798145224263028,0.004331484062165738,0.04436197624562892
Test_77,0.7047199707340417,0.018770015545216828,0.2709273247916556,0.005582688929086142
Test_78,0.20117079298074944,0.10555213539401914,0.048079393461718786,0.6451976781635127
Test_79,0.2207476680405651,0.04208330555912309,0.5453566300827298,0.19181239631758196
Test_80,0.09571125219650305,0.19826478077623264,0.30715187289456325,0.39887209413270086
Test_81,0.2083841868904443,0.052963013052857805,0.45666895709809346,0.2819838429586043
Test_82,0.1079978227464899,0.026626181298442554,0.8498139421237078,0.015562053831359857
Test_83,0.015632134967055525,0.10997001949227325,0.03249717306240721,0.8419006724782638
Test_84,0.24907980845927696,0.08800650141164691,0.38688953500937967,0.27602415511969625
Test_85,0.5636994988584069,0.06851126140479744,0.012625666531802653,0.3551635732049933
Test_86,0.30435173344554195,0.1925405554902651,0.1870481371963865,0.3160595738678067
Test_87,0.08085895834143483,0.06358242297130855,0.11794357140413521,0.7376150472831209
Test_88,0.04815386625157092,0.11024994027697874,0.48257298192931464,0.3590232115421358
Test_89,0.49936233871383373,0.13613311036871414,0.27844968566518447,0.08605486525226758
Test_90,0.17606200301559274,0.267484250512635,0.4598187668793996,0.09663497959237276
Test_91,0.9475380144833406,0.006589493589372067,0.016345622598970867,0.029526869328316416
Test_92,0.9815520099117426,0.0010058092723798403,0.0003153879245472079,0.017126792891330508
Test_93,0.00415102662954435,0.04054942235809344,0.9417908467315129,0.01350870428084915
Test_94,0.014914909122178726,0.017872870978960148,0.002307585135911654,0.9649046347629494
Test_95,0.7278626207815433,0.008782832515122846,0.17478889568928724,0.08856565101404673
Test_96,0.03557609319019955,0.010369490377522975,0.03711592693121975,0.9169384895010575
Test_97,0.8160117658914774,0.007479527264412056,0.08061907799956933,0.09588962884454132
Test_98,0.6067905368312152,0.24150564738831495,0.04986918795370098,0.1018346278267686
Test_99,0.267934196111264,0.10028218577712028,0.47028769427503603,0.16149592383658
Test_100,0.031134073034726272,0.005933135982991255,0.0023562898920123708,0.9605765010902699
Test_101,0.9589626907162423,0.002507267800283494,0.0061051799248863165,0.0324248615585879
Test_102,0.17095908312900412,0.05747910034840647,0.11915645222409778,0.6524053642984918
Test_103,0.028926388433094453,0.2933595495649756,0.6422526501891639,0.035461411812766144
Test_104,0.011213844653762904,0.0805479252093007,0.06966707307987224,0.838571157057064
Test_105,0.43870253208654497,0.006920791101046867,0.0699828843559803,0.48439379245642783
Test_106,0.6878994198028415,0.03619016058890141,0.23856989871701775,0.03734052089123923
Test_107,0.20217327714963196,0.04045612449371837,0.6532153980839295,0.10415520027272006
Test_108,0.01897508846919595,0.030245695359619615,0.011628671478353628,0.9391505446928309
Test_109,0.19816843906462478,0.17423270886539416,0.056916021398078984,0.570682830671902
Test_110,0.19640950255252115,0.06074227240938284,0.25147240527581755,0.49137581976227857
Test_111,0.6887338308831349,0.03182036074625659,0.15864176760316412,0.12080404076744429
Test_112,0.037837702423380866,0.08754986691594394,0.5468104806939472,0.327801949966728
Test_113,0.3704582123527972,0.07049949081375269,0.18108666006429944,0.3779556367691509
Test_114,0.05273874542032458,0.5586438079355784,0.2623640910709605,0.1262533555731367
Test_115,0.0972005459884953,0.0737965205713142,0.26518860700049085,0.5638143264396994
Test_116,0.40272858080942525,0.11292945139428572,0.42672007556115454,0.057621892235134226
Test_117,0.0020433563081912877,0.04308405488116102,0.9037104943446304,0.05116209446601726
Test_118,0.25040210416482256,0.05518865168290813,0.5535606456004418,0.1408485985518273
Test_119,0.813811561695132,0.011930590088657714,0.14205735753405183,0.032200490682158314
Test_120,0.018375014479985036,0.058754553214104666,0.8982933884191574,0.024577043886752917
Test_121,0.4295483998581183,0.10074453894814142,0.07444940548936407,0.3952576557043763
Test_122,0.6502070771086942,0.05165018244320779,0.1744845315489273,0.12365820889917065
Test_123,0.010217056762424287,0.11305823080142414,0.8493018845080527,0.027422827928098845
Test_124,0.30746512952654,0.11334631236237484,0.05431352471645227,0.524875033394633
Test_125,0.17220566432478554,0.20530853819803946,0.36599819548078205,0.25648760199639326
Test_126,0.8691553123464675,0.045146567701889316,0.033204526039022034,0.05249359391262102
Test_127,0.5344093278789601,0.008361802156182197,0.00461422426886194,0.4526146456959957
Test_128,0.034338489000830474,0.10020946608053294,0.8001964670032625,0.06525557791537437
Test_129,0.538932931419971,0.06911381755360269,0.14008773948959885,0.25186551153682724
Test_130,0.03003819153520576,0.23570903017591008,0.0369202583454744,0.6973325199434098
Test_131,0.002857589215889372,0.004193003958976841,0.0019213860568192442,0.9910280207683144
Test_132,0.8572431322430215,0.022607709599250608,0.08908033614597556,0.031068822011752536
Test_133,0.00511504639224095,0.03658726787641646,0.008544792385190854,0.9497528933461516
Test_134,0.1255362538894896,0.1385992889829435,0.18851766060720207,0.5473467965203649
Test_135,0.37031845766912047,0.10004358653133782,0.19959217894126827,0.33004577685827347
Test_136,0.04084910855492965,0.020223763666466058,0.13108696722093247,0.8078401605576716
Test_137,0.00011310999347067418,0.06342356088112001,0.9305621845915545,0.005901144533854774
Test_138,0.020703289620829856,0.041397368619940846,0.9306336660160983,0.0072656757431310065
Test_139,0.8580020458735923,0.019686514739414664,0.08012761251476475,0.04218382687222831
Test_140,0.3309404212961202,0.02350621250479684,0.552629673673508,0.09292369252557546
Test_141,0.6544705766636779,0.02768431341595757,0.03723861800870948,0.2806064919116549
Test_142,0.17555982099678707,0.22662855810283986,0.01711034431820485,0.5807012765821682
Test_143,0.6221939065499843,0.13218735306813933,0.10648899683032347,0.13912974355155294
Test_144,0.7579590978741036,0.03153136684654144,0.1906417072018589,0.01986782807749595
Test_145,0.5702767525641131,0.053585375491972585,0.15699771964537138,0.21914015229854303
Test_146,0.016061499701518055,0.03161283809645696,0.9458027957842108,0.006522866417813911
Test_147,0.11568397424532455,0.09624743068049182,0.5635695787624048,0.22449901631177896
Test_148,0.46915740845252984,0.2395754027012605,0.22893283193288202,0.0623343569133278
Test_149,0.629395067451423,0.019957494436264312,0.3012670596231813,0.049380378489131335
Test_150,0.18797815554336003,0.09135269892719525,0.22581854265027554,0.494850602879169
Test_151,0.0033378125045548652,0.013297854848006517,0.980818954806014,0.002545377841424255
Test_152,0.08776342692057874,0.15521677017938984,0.30953031091404865,0.4474894919859827
Test_153,0.35279160212299876,0.06752325671424982,0.41678182734876884,0.1629033138139829
Test_154,0.12046231639241547,0.06018912132251651,0.7379957484649012,0.08135281382016657
Test_155,0.0019881686495813343,0.1495653124129871,0.8090924627871331,0.03935405615029858
Test_156,0.5725408091230811,0.04274481180925786,0.11170068006474394,0.27301369900291705
Test_157,0.6799978506592838,0.015053220843661924,0.10349972876713204,0.20144919972992245
Test_158,0.002886523727383799,0.003414989279116892,0.0004450890870983799,0.9932533979064007
Test_159,0.2788841971012195,0.06529316701757105,0.24807569519028017,0.40774694069092926
Test_160,0.8139240558649287,0.02156293632066508,0.07416319666270788,0.09034981115169832
Test_161,0.05089736194017832,0.02506301454000583,0.8084585370520426,0.11558108646777326
Test_162,0.28459118086004603,0.11703212354223472,0.5766524718872686,0.021724223710450217
Test_163,0.1299094317175774,0.15549415336782277,0.18117158867540264,0.533424826239197
Test_164,0.24280348223889062,0.13689096633603448,0.3701755748226787,0.250129976602396
Test_165,0.014049147484870779,0.018395670436721363,0.011801593942641287,0.9557535881357668
Test_166,0.5676135557716648,0.01976462563824498,0.30864404882145163,0.10397776976863819
Test_167,0.45335890845889304,0.029972316509384547,0.4196244352039073,0.09704433982781535
Test_168,0.03054588850414781,0.11220127526531734,0.7861708496752664,0.07108198655526846
Test_169,0.4549694947720137,0.04852620350887019,0.0505430705177111,0.4459612312014051
Test_170,0.03437776890624442,0.01763289360712626,0.14113508282952636,0.8068542546571028
Test_171,0.029184164643083182,0.039658077732826556,0.6324173932804391,0.2987403643436513
Test_172,0.016519063654878326,0.11327486874862203,0.8494086502214976,0.02079741737500196
Test_173,0.00543447721101061,0.0395261018531811,0.9509646234701774,0.004074797465631006
Test_174,0.20456193876719775,0.10776189970948992,0.21903969567859405,0.4686364658447184
Test_175,0.6290271941353653,0.11414945080623827,0.04556569820995358,0.21125765684844275
Test_176,0.04381107240143817,0.021194934988473337,0.9228764050322437,0.012117587577845028
Test_177,0.01312695728832124,0.004677773212338469,0.002295232175706731,0.9799000373236336
Test_178,0.10505568448940135,0.014460669118476167,0.0059859330485947685,0.8744977133435278
Test_179,0.06489428895927475,0.07572964143368846,0.8421383856630306,0.017237683944006706
Test_180,0.166170978157959,0.04762680537169262,0.3375342111886147,0.44866800528173395
Test_181,0.004143657283426155,0.05372737444076717,0.010365856913716446,0.9317631113620903
Test_182,0.2836304051340874,0.1351149056161328,0.5067425616163453,0.07451212763343448
Test_183,0.9953663123654123,0.0007833538285180804,0.0017155665418658176,0.002134767264203734
Test_184,0.45765736979875027,0.0794863333024533,0.2684712369959347,0.19438505990286148
Test_185,0.4910769202055973,0.17229806114725907,0.11350230111487453,0.22312271753226948
Test_186,0.09855603736491847,0.132526644781799,0.08853523847585588,0.680382079377427
Test_187,0.026174281639737545,0.06329361005276625,0.8106827286431936,0.09984937966430275
Test_188,0.03561166242773504,0.012850526470713785,0.939865376094041,0.011672435007510048
Test_189,0.3149024983426669,0.05616967394191671,0.3325216541811409,0.2964061735342756
Test_190,0.6607185834410885,0.036457927382764106,0.22474749491411772,0.07807599426202991
Test_191,0.0027158235109209223,0.18291677230069409,0.7788367446342502,0.03553065955413461
Test_192,0.6945429939932518,0.017329965690313053,0.2762643498980547,0.011862690418380499
Test_193,0.025814516267513764,0.031551897753190145,0.6628779700389,0.27975561594039594
Test_194,0.016776205607903136,0.14631896756288715,0.813812575739687,0.023092251089523015
Test_195,0.494666756945669,0.14776051212541805,0.2779987214532526,0.07957400947566083
Test_196,0.5111826224258843,0.05353577631911491,0.11088035439212636,0.32440124686287447
Test_197,0.034905952564997914,0.030649643333946118,0.9212002861809688,0.013244117920087527
Test_198,0.42580130545821776,0.06503998736208208,0.32129282332887243,0.18786588385082778
Test_199,0.11041412052152282,0.04289668799695868,0.7677530538222892,0.07893613765922936
Test_200,0.006456509377190763,0.051047326303011245,0.9224802409699915,0.020015923349806484
Test_201,0.007182085378044262,0.01018677019662161,0.0677368422026956,0.9148943022226382
Test_202,0.04348097406339172,0.09871582991746497,0.832140135339346,0.02566306067979724
Test_203,0.06871056173108585,0.28437895883209874,0.40067541405627244,0.24623506538054318
Test_204,0.18745615851892683,0.030071535254308192,0.12028728270769146,0.6621850235190734
Test_205,0.007260246308404721,0.028386678757030413,0.0065738251644878384,0.9577792497700767
Test_206,0.013457066972070707,0.02922012462402077,0.002776611967016786,0.9545461964368919
Test_207,0.08129449859790246,0.05860089348241746,0.5011533276627634,0.35895128025691664
Test_208,0.8524067496005517,0.023087306173893787,0.09395839198111089,0.030547552244443315
Test_209,0.12461709308961194,0.05698990883337015,0.7518696662996173,0.06652333177740104
Test_210,0.02832255292857214,0.03760826944562038,0.5995957905816103,0.3344733870441969
Test_211,0.0011767771439090138,0.7256278434685921,0.26598856236896556,0.007206817018533502
Test_212,0.10557143284960328,0.01818977034929346,0.8715550153129032,0.0046837814881998735
Test_213,0.07210326008302702,0.30328828546817943,0.03876117706900976,0.5858472773797839
Test_214,0.04702718342445556,0.09193642321906809,0.6093574373905548,0.2516789559659214
Test_215,0.387012060463961,0.079475928827933,0.05311148193421611,0.48040052877388995
Test_216,0.9365873639070673,0.011527827882384293,0.04714826092634259,0.00473654728420588
Test_217,0.04854323088163257,0.07071611139089679,0.052829813958985034,0.8279108437684861
Test_218,0.9118353837971632,0.015965979037604112,0.04669575972079783,0.02550287744443478
Test_219,0.5092572192166365,0.025426535293663816,0.4039802663217041,0.06133597916799587
Test_220,0.001002017124158964,0.019454545560861618,0.004041642433336415,0.9755017948816429
Test_221,0.4731609924295713,0.05162140787584679,0.06309439994069434,0.4121231997538873
Test_222,0.3961202768725959,0.04906652049467982,0.532681682359018,0.02213152027370642
Test_223,0.10014162248909933,0.12336623047527583,0.6827322005976977,0.09375994643792665
Test_224,0.5625846813147597,0.026543820966557507,0.20500176530660055,0.20586973241208248
Test_225,0.8487033124791579,0.0059677786911774494,0.14206197951408187,0.0032669293155830315
Test_226,0.042292662454897205,0.26631188920060134,0.5238591701361771,0.16753627820832437
Test_227,0.0021706117544482277,0.022522974996458302,0.11077290868003635,0.8645335045690572
Test_228,0.027524104829179788,0.002534952356394233,0.9689613124048237,0.00097963040960251
Test_229,0.26161469618837313,0.2508361855245302,0.2984630633593264,0.18908605492777014
Test_230,0.3466064467215822,0.02230356406653805,0.5199093890000401,0.11118060021183993
Test_231,0.01031266650637874,0.037150884538715075,0.032335234312742746,0.9202012146421634
Test_232,0.6745357000018616,0.026216931461578673,0.22752479172358314,0.07172257681297675
Test_233,0.574372287182706,0.002283682835204014,0.08578899147902555,0.33755503850306434
Test_234,0.2729606007853118,0.049128047682553334,0.2268017347578548,0.4511096167742802
Test_235,0.13732032612442413,0.018880057882459965,0.09953967707937961,0.7442599389137364
Test_236,0.46753236128948905,0.04593660809164255,0.2106380113179445,0.27589301930092397
Test_237,0.4112265787307831,0.07500683387968733,0.09199231040952593,0.42177427698000347
Test_238,0.12937962403907396,0.0799382451633682,0.7231357861037927,0.06754634469376514
Test_239,0.002218410160924839,0.351128184953673,0.6133650955632725,0.033288309322129644
Test_240,0.004571284898989827,0.2001562540036269,0.7596711960384485,0.0356012650589348
Test_241,0.06889204710355047,0.073045401557106,0.7010767001202707,0.15698585121907285
Test_242,0.7197190833978752,0.048510451279453776,0.08743405396717142,0.14433641135549974
Test_243,0.9226963958874982,0.00877164707523625,0.05374519797071749,0.01478675906654833
Test_244,0.8412182441455329,0.04510203802776768,0.06639751822487869,0.047282199601820694
Test_245,0.12331878464914688,0.06248975403524338,0.3315518041883877,0.48263965712722173
Test_246,0.024938450055094274,0.3368854961279914,0.1484465972971518,0.4897294565197628
Test_247,0.00016617867485384257,0.01735876109085037,0.0030426028538479625,0.979432457380448
Test_248,0.7461364954406795,0.041727285090461835,0.05752625516783368,0.15460996430102483
Test_249,0.005278147050667987,0.025701231720373204,0.9266678285633461,0.04235279266561265
Test_250,0.9301203803230266,0.007167795743383576,0.05122276113735786,0.011489062796231997
Test_251,0.2803485218345396,0.005072737697823,0.003184809597478843,0.7113939308701587
Test_252,0.6851509280257062,0.056611031086205216,0.16858875874430684,0.08964928214378177
Test_253,0.04000549386835983,0.08605986172372083,0.12743365926149158,0.7465009851464278
Test_254,0.018289314426435214,0.02478424732080508,0.11969550807017804,0.8372309301825818
Test_255,0.16703947334510935,0.029134136404340073,0.035167650798798085,0.7686587394517527
Test_256,0.004310771523204518,0.019203000588779422,0.004508172032577617,0.9719780558554384
Test_257,0.05730451789768342,0.018360516776527124,0.9149632792059692,0.009371686119820638
Test_258,0.025368720672258795,0.09963432660404985,0.8155266551769661,0.059470297546725163
Test_259,0.607550266282844,0.02743051126023731,0.07035429575344496,0.29466492670347333
Test_260,0.14904924439470707,0.006208739960444962,0.00928966927052223,0.8354523463743257
Test_261,0.007133975893217683,0.024057299298276658,0.8558328952405215,0.11297582956798409
Test_262,0.007579977217918314,0.07391821512865454,0.12493284117089322,0.7935689664825337
Test_263,0.5213934715052728,0.06092700934345387,0.18072240406103302,0.23695711509024026
Test_264,0.35241540665197246,0.03600013836036429,0.5263552968180732,0.08522915816959042
Test_265,0.5549067093864208,0.040669494670920486,0.3263086808480581,0.07811511509460033
Test_266,0.0014797548302684833,0.012622136001448358,0.006260966134259688,0.9796371430340233
Test_267,0.9762901513304862,0.0030101854922236983,0.015095991939090201,0.005603671238199928
Test_268,0.0005777585914123515,0.6034288155848097,0.37953780526697795,0.016455620556799888
Test_269,0.7438552647826316,0.013497187435128902,0.18212717447563773,0.06052037330660134
Test_270,0.2912164974623597,0.06823141438252933,0.03191916851782742,0.6086329196372836
Test_271,0.1909301695287646,0.030538203274002026,0.19333268068524206,0.5851989465119912
Test_272,0.10507070042255054,0.07319509150289756,0.24332807052297348,0.5784061375515787
Test_273,0.8560054518230477,0.005332486546658163,0.010879998340352727,0.1277820632899417
Test_274,0.10383030929158922,0.021633005920823248,0.8092251418620595,0.06531154292552789
Test_275,0.49753188352285865,0.04948728508962025,0.27249563189994047,0.18048519948758032
Test_276,0.017637646304213012,0.0482683367820806,0.022969130238608065,0.9111248866750983
Test_277,0.7111089994439802,0.04544347124911438,0.17993734267922532,0.06351018662768013
Test_278,0.011597463690065694,0.07486420376014817,0.02051141004702914,0.8930269225027571
Test_279,0.26668978158086853,0.04009949125343205,0.675972443966408,0.017238283199291278
Test_280,0.2453642484890415,0.02429309656626985,0.080235853794296,0.6501068011503925
Test_281,0.01157062644149522,0.02908144770895051,0.09335814625623308,0.8659897795933209
Test_282,0.011029401224279983,0.7808069927495087,0.06397017501175215,0.1441934310144592
Test_283,0.08474091015579342,0.11969856140493675,0.17389152254732299,0.6216690058919467
Test_284,0.3934788246090099,0.17290305166308842,0.17694831607951034,0.2566698076483915
Test_285,0.775720105711806,0.012564684681434866,0.11996765884674648,0.0917475507600125
Test_286,0.23506499708146297,0.029379954270201597,0.29478140769753547,0.44077364095079963
Test_287,0.7395789338656598,0.013052088640716603,0.03734002306817536,0.21002895442544817
Test_288,0.007319852661199564,0.014242864895824122,0.004693422825378727,0.9737438596175974
Test_289,0.0207286033016656,0.04871833495567637,0.056126083945140404,0.8744269777975174
Test_290,0.0042579717837439475,0.023826407056748513,0.8612300232107517,0.11068559794875567
Test_291,0.19115906393438534,0.05568945959155662,0.724898925092716,0.028252551381341834
Test_292,0.8255482644770846,0.014291921780192137,0.036921451264190976,0.12323836247853218
Test_293,0.007180689338509239,0.21137110997761435,0.758593508985778,0.022854691698098444
Test_294,0.1313972146663691,0.04398068183662975,0.731047213411506,0.09357489008549487
Test_295,0.6629589738667759,0.03873558891166369,0.2513394832544298,0.046965953967130526
Test_296,0.41249198443003926,0.034262524004436294,0.3696622559230068,0.1835832356425176
Test_297,0.00027269441666815904,0.18268752464325463,0.007068223112206325,0.809971557827871
Test_298,0.011522197480916494,0.2188801371680502,0.5316740516091777,0.23792361374185572
Test_299,0.0941231149148836,0.2367681979873531,0.14858284796891538,0.5205258391288476
Test_300,0.8585612161908102,0.00977590975625494,0.02158792853226999,0.11007494552066477
Test_301,0.24073364538055503,0.0440335243695927,0.3668299656810263,0.3484028645688259
Test_302,0.007121401263381661,0.2797896813793691,0.09317281432926187,0.6199161030279876
Test_303,0.9616600779130939,0.006825662576442328,0.007535274072882978,0.023978985437580348
Test_304,0.918228999093534,0.045338615763849385,0.012067870120052235,0.02436451502256474
Test_305,0.43901609421394716,0.19640727148845794,0.06779653805850301,0.2967800962390921
Test_306,0.02103910494582853,0.2459651974599589,0.5105313879768351,0.22246430961737768
Test_307,0.5031853005780784,0.021448460716356293,0.45361631879578634,0.021749919909778967
Test_308,0.4993562789274686,0.016690847611349733,0.45054386010051933,0.03340901336066217
Test_309,0.1417835275305904,0.0846611867578194,0.5849426744672399,0.1886126112443504
Test_310,0.09306045984343025,0.18459658264224152,0.5099386656304112,0.21240429188391707
Test_311,0.20858317036784446,0.053526577993365514,0.6658355205234073,0.07205473111538271
Test_312,0.01610733625057414,0.004343623057010913,0.0024132170254969926,0.9771358236669182
Test_313,0.014518325991676889,0.05383075458942525,0.03466895031803665,0.8969819691008611
Test_314,0.23055932445996602,0.0833461795497661,0.050406564414548286,0.6356879315757192
Test_315,0.0656974637571753,0.002146768413719681,0.0014265736125148175,0.9307291942165902
Test_316,0.45551812114171014,0.04197357950471216,0.40580023613465954,0.09670806321891828
Test_317,0.034269842465332157,0.022018619041600403,0.8824788878069098,0.061232650686157616
Test_318,0.02699894571490109,0.37131400034485557,0.10672757637582148,0.4949594775644217
Test_319,0.003851606355456273,0.11891987848785357,0.864224289406113,0.013004225750576904
Test_320,0.021712652664767833,0.12107340317950795,0.8221517945089911,0.03506214964673335
Test_321,0.12981041563537038,0.10349681816949374,0.08052870717580461,0.6861640590193314
Test_322,0.8748437791227651,0.005619317478938126,0.05773828181995142,0.06179862157834549
Test_323,0.34150472772905016,0.04308233128080946,0.2513060484863622,0.3641068925037782
Test_324,0.32450837248062053,0.13127338702423313,0.4892840217409091,0.054934218754237076
Test_325,0.047319688614240865,0.018055328565511067,0.1397166483837738,0.7949083344364744
Test_326,0.26539591460193407,0.020300706615133262,0.67775885798061,0.03654452080232293
Test_327,0.2897405619043183,0.10757715188099645,0.04059210067694859,0.5620901855377369
Test_328,0.1152429877292578,0.05154164859225826,0.5179691393285346,0.3152462243499491
Test_329,0.343028456933135,0.05370011021335946,0.18574744173550245,0.41752399111800326
Test_330,0.0014806053903151926,0.10264188013013446,0.7946545496829925,0.10122296479655774
Test_331,0.4548212968371966,0.059931321405999216,0.0699749341166483,0.41527244764015586
Test_332,0.8820269787194187,0.051556649548681256,0.03275880998543776,0.03365756174646234
Test_333,0.5123215530760431,0.02846605856009228,0.41479891101112254,0.0444134773527423
Test_334,0.0006961200658414087,0.011526797565426924,0.9857273124176144,0.002049769951117524
Test_335,0.5394672898523871,0.07313283177248976,0.30241271686122434,0.08498716151389862
Test_336,0.8727310030421561,0.013082182672081019,0.042143788389600034,0.07204302589616318
Test_337,0.19809673525548555,0.10161982985592756,0.1597148577041213,0.5405685771844654
Test_338,0.8881383447877502,0.003429215440983487,0.04834809363396847,0.0600843461372977
Test_339,0.19816880282102725,0.2982114466511096,0.2820258754820692,0.22159387504579378
Test_340,0.05359831060663733,0.008213572950934004,0.8699612377227921,0.0682268787196368
Test_341,0.4487521990205093,0.059593973902385924,0.27742735617333225,0.2142264709037727
Test_342,0.9737772468812482,0.00851748843508112,0.013462755776188808,0.0042425089074817485
Test_343,0.8555868773592955,0.012396966360443327,0.03985355223191639,0.09216260404834471
Test_344,0.15754158609494953,0.16194980188137517,0.6513334579428057,0.029175154080869195
Test_345,0.41749703793690723,0.03679357933427634,0.48723145859505146,0.05847792413376518
Test_346,0.09229788621916628,0.11931605401006416,0.6419524762813213,0.14643358348944832
Test_347,0.1575931104813592,0.027551692859684278,0.7189656016800026,0.09588959497895422
Test_348,0.016925670898214184,0.026642375003176542,0.03901159577868867,0.9174203583199203
Test_349,0.3947770592609433,0.08079776744252534,0.46317526349289395,0.061249909803637446
Test_350,0.008131712417193397,0.5675632392551305,0.10746011960083555,0.31684492872684084
Test_351,0.0005991453303386031,0.10865835651727046,0.8864223591774983,0.00432013897489245
Test_352,0.11678557311846588,0.031178412586256365,0.04294599161930579,0.8090900226759719
Test_353,0.8042252868426817,0.021271824289747946,0.055584223602104,0.11891866526546659
Test_354,0.6335684294005653,0.09404163513950205,0.23254021064903718,0.03984972481089524
Test_355,0.5972243763548736,0.025662918226902344,0.1897581943315266,0.18735451108669743
Test_356,0.8577299899850761,0.01699325184139132,0.07535287495042889,0.04992388322310336
Test_357,0.9317470963773197,0.015467797691796306,0.023366719861138786,0.029418386069745138
Test_358,0.3452994323416935,0.05006560385323169,0.4709034592461264,0.13373150455894833
Test_359,0.007360016734741543,0.013011027772357098,0.007547743457188008,0.9720812120357133
Test_360,0.4461201331925181,0.05650355312154021,0.1364002819722293,0.3609760317137123
Test_361,0.6666299014797024,0.07428183554260302,0.047600608309841926,0.2114876546678528
Test_362,0.6843431312928508,0.036040697935461684,0.18062632156924113,0.09898984920244641
Test_363,0.25600406425190675,0.1426910440806017,0.4462592096789958,0.15504568198849591
Test_364,0.007218954465913267,0.013681740748589452,0.9772276525662955,0.001871652219201586
Test_365,0.6103946755836591,0.030394515566870325,0.3173903392993044,0.0418204695501665
Test_366,0.08937157643927628,0.03724495505820092,0.8470026620906841,0.026380806411838535
Test_367,0.017566505663529148,0.01564643910690384,0.40004358582824406,0.5667434694013233
Test_368,0.40137924388323126,0.023882405919549977,0.24800152514990093,0.32673682504731766
Test_369,0.0035883943711366886,0.01786866494421493,0.019182594286692025,0.9593603463979565
Test_370,0.19598776943836876,0.09482442422017279,0.6418444047893286,0.06734340155213013
Test_371,0.0055034607198379305,0.010647812801059798,0.9135429836818602,0.07030574279724211
Test_372,0.03538391035737207,0.28385074030151486,0.03970123199193891,0.6410641173491741
Test_373,0.007325424279042785,0.05784597710278259,0.6820654253758173,0.25276317324235736
Test_374,0.4474418285668191,0.0815463873934214,0.24551623069911788,0.2254955533406415
Test_375,0.07318679201416281,0.08528027647812275,0.03279339683515821,0.8087395346725562
Test_376,0.6889714938113175,0.011783738658002196,0.1351445641543147,0.1641002033763654
Test_377,0.36044917349552136,0.08873583160728718,0.29910587522437593,0.2517091196728156
Test_378,0.16166198830835327,0.027849992731783357,0.7663200483023556,0.04416797065750773
Test_379,0.3266071762924255,0.0396462286604164,0.20385700346496902,0.4298895915821892
Test_380,0.015033870076832458,0.028894179536501488,0.07174356269814344,0.8843283876885226
Test_381,0.4293362181905721,0.03405875937102342,0.013744938829317677,0.5228600836090866
Test_382,0.08857826578125796,0.05530815056631002,0.023650213890032433,0.8324633697623997
Test_383,0.6356547813306209,0.03963828712014388,0.22011177452066463,0.10459515702857031
Test_384,0.08919556910380774,0.0075641081269113225,0.88360683425377,0.01963348851551095
Test_385,0.2153413907614478,0.012667684977245077,0.057993743713205474,0.7139971805481017
Test_386,0.01025605596621619,0.06249561849405355,0.8399598586714939,0.08728846686823646
Test_387,0.26775828065699636,0.043124356724168325,0.255328734591869,0.4337886280269662
Test_388,0.7402763163578812,0.022974814660953476,0.13135527271510278,0.10539359626606283
Test_389,0.6823893918666951,0.01702354168998123,0.24971025392058843,0.05087681252273534
Test_390,0.1049874705549945,0.012506841472668418,0.02592241223922551,0.8565832757331117
Test_391,0.3752372103482206,0.10709103140640279,0.1796660660636744,0.3380056921817021
Test_392,0.01487820449955053,0.006869808388363529,0.9352825950494854,0.04296939206260045
Test_393,0.004433889520133749,0.00158873028481182,0.0006154638736521012,0.9933619163214024
Test_394,0.42511617025143356,0.03259049500714686,0.23907487900871227,0.3032184557327071
Test_395,0.0038574502289556046,0.1005054841964103,0.8867731553848308,0.008863910189803322
Test_396,0.04232847789137624,0.0625867709609434,0.029904708639157576,0.8651800425085229
Test_397,0.007031729989361171,0.04785689748383996,0.009797555406260448,0.9353138171205386
Test_398,0.004173916499273009,0.28334855570667367,0.6384532390070614,0.07402428878699181
Test_399,0.5104409923902278,0.04354062626250198,0.2813798733833008,0.1646385079639696
Test_400,0.003977670198576985,0.02134080643243708,0.9670769436292299,0.007604579739756049
Test_401,0.04926194024605622,0.07945465951348513,0.8437691067117523,0.02751429352870617
Test_402,0.015320983837451053,0.031608026679743016,0.028088777118012224,0.9249822123647939
Test_403,0.025174646281373544,0.08823284110492728,0.8565178894099911,0.030074623203708403
Test_404,0.23288469126744135,0.034137065733475476,0.5211241368996703,0.21185410609941285
Test_405,0.0067673566166754,0.028356532185676908,0.0027810341081862286,0.9620950770894618
Test_406,0.002977045777755154,0.03849867806401096,0.007482771339541459,0.9510415048186924
Test_407,0.0017723757091056907,0.009922411344040044,0.0012135660862071117,0.9870916468606475
Test_408,0.30999648608853614,0.1568466818633549,0.06529817458619515,0.4678586574619139
Test_409,0.12547303655724196,0.01796795113680121,0.1062132402361382,0.7503457720698185
Test_410,0.006550674212875161,0.009479163886311592,0.012429230658490296,0.971540931242323
Test_411,0.9560172245465342,0.0037142035618529523,0.004938345859664006,0.035330226031948915
Test_412,0.11965450952833373,0.32411423841505543,0.51260193647699,0.04362931557962033
Test_413,0.20488866416158116,0.04760151409178109,0.6397417260467346,0.10776809569990306
Test_414,0.006228109914047858,0.03932528257611271,0.9259369837031123,0.02850962380672715
Test_415,0.5147663678425098,0.04526582891033849,0.31750413318418524,0.12246367006296646
Test_416,0.03975410765227488,0.029981485864555308,0.5469234426064069,0.3833409638767627
Test_417,0.1206056549210065,0.0418713639899853,0.7469415988817684,0.09058138220723998
Test_418,0.19698281212646412,0.08872124094621965,0.6807689226929664,0.03352702423434982
Test_419,0.7344003725180248,0.014637188896473665,0.17086570680985744,0.08009673177564422
Test_420,0.046097897528413916,0.11588919797225453,0.8100234920349119,0.027989412464419466
Test_421,0.004831714744963619,0.004821903318284943,0.00652348650093621,0.9838228954358152
Test_422,0.5584527226429375,0.18598982738048842,0.050534188357439114,0.2050232616191349
Test_423,0.687607449509045,0.024486147060942078,0.17698912249654808,0.1109172809334648
Test_424,0.12698318645373408,0.0401774747732123,0.6287960935294179,0.2040432452436357
Test_425,0.35102469630650845,0.008873354628582387,0.06102489702713962,0.5790770520377695
Test_426,0.09886480966666901,0.0032069123894560587,0.8961084138990097,0.0018198640448652754
Test_427,0.007636049825469604,0.013058621759931765,0.010175040440211384,0.9691302879743872
Test_428,0.012322050593773975,0.027481080233819625,0.018966288574076236,0.9412305805983301
Test_429,0.048211668693876164,0.1942522284265564,0.45142503881632046,0.3061110640632473
Test_430,0.7746746075213639,0.07974882843914571,0.1146410913532907,0.0309354726862
Test_431,0.5789890178176268,0.039979352639134255,0.23076917267904665,0.15026245686419176
Test_432,0.01378569112350857,0.1412784619745979,0.07718677592427083,0.7677490709776226
Test_433,0.025926971143034404,0.03396145137222933,0.014423673373056176,0.9256879041116801
Test_434,0.5244316353360797,0.050029976921939646,0.17342644527544013,0.25211194246654045
Test_435,0.18753198279641647,0.06395853062611331,0.282741403686358,0.46576808289111243
Test_436,0.2949849471045676,0.11500892612930182,0.01678205668972429,0.5732240700764064
Test_437,0.5207483939991371,0.05743528705011644,0.2906890059196889,0.13112731303105804
Test_438,0.08878970213097587,0.24145482122227624,0.4089146966178969,0.26084078002885064
Test_439,0.07303489415573604,0.10066538603613337,0.7913079456237171,0.034991774184413404
Test_440,0.0010660931118691428,0.053709212815136534,0.9367990987838389,0.008425595289155373
Test_441,0.5432134011949704,0.03396694791737807,0.3480252874515686,0.07479436343608284
Test_442,0.00550965117199636,0.0038679591470046847,0.9882445386833567,0.0023778509976424118
Test_443,0.013598099770234677,0.10539038647175221,0.16071232173965147,0.7202991920183619
Test_444,0.9779998945659504,0.0038370673560944235,0.0021332086502843448,0.016029829427670585
Test_445,0.03479924453554064,0.05456361480125237,0.5214824383092344,0.3891547023539728
Test_446,0.01675344617307546,0.20789541175705592,0.4100572494023329,0.3652938926675352
Test_447,0.032861142897956185,0.04291942302342858,0.8982902561105992,0.02592917796801611
Test_448,0.014898351782299406,0.19281955161129,0.7438593875205438,0.048422709085866815
Test_449,0.03407529365058244,0.037594537581037694,0.06426212480224291,0.8640680439661368
Test_450,0.16517510883367348,0.0200784197753518,0.8096770401286654,0.005069431262309414
Test_451,0.015447636444257161,0.2217515578553904,0.7223373941915212,0.040463411508831156
