image_id,healthy,multiple_diseases,rust,scab
Test_0,0.036570646667969435,0.11038210159329032,0.6754305798663089,0.17761667187243133
Test_1,0.26047989457306175,0.15426428794426622,0.4759750990383046,0.10928071844436733
Test_2,0.03431243060068781,0.04283553945837682,0.054242661836711024,0.8686093681042244
Test_3,0.5019930673942689,0.006659523684883256,0.12076161395896401,0.37058579496188365
Test_4,0.029293457268261786,0.1601968642919598,0.6747699256187778,0.1357397528210006
Test_5,0.7434329866365866,0.07546204661364618,0.12344230135184152,0.057662665397925535
Test_6,0.9483276723062097,0.0007702881659348492,0.005290776082288683,0.045611263445566645
Test_7,0.025625989160685016,0.2712689863433241,0.03369961392153982,0.6694054105744515
Test_8,0.14030905267664376,0.20986904663405684,0.15552448280914064,0.4942974178801586
Test_9,0.021508718825596,0.01444595864359426,0.9589113683028841,0.005133954227925601
Test_10,0.019542506699220436,0.0556348415934258,0.8663615976110384,0.05846105409631556
Test_11,0.30990805871506466,0.11257289539838303,0.4675995117338402,0.10991953415271255
Test_12,0.2113226575089431,0.4662286694534498,0.10270146924586747,0.21974720379173995
Test_13,0.60387820996791,0.07333451797571189,0.14495635818181632,0.17783091387456218
Test_14,0.04559664618093871,0.055966056578523764,0.8257892315105041,0.07264806573003363
Test_15,0.4147613344250179,0.04776570802499898,0.4368566228249096,0.10061633472507339
Test_16,0.4573719945293235,0.05335825339458956,0.4020367697534277,0.0872329823226592
Test_17,0.09700495461236448,0.48700769568662966,0.19784943228532006,0.21813791741568594
Test_18,0.1908154303051833,0.05203148236400268,0.5049615510820362,0.25219153624877766
Test_19,0.0040512071976360085,0.14532718376049264,0.8120204602319469,0.03860114880992439
Test_20,0.005225569224555521,0.008634992018719185,0.0032368939056689632,0.9829025448510564
Test_21,0.7343016634569448,0.03422491839958752,0.1238857368633869,0.10758768128008069
Test_22,0.008462699575371048,0.026396776005219707,0.9507892570472336,0.01435126737217574
Test_23,0.08865762790525694,0.0022842826263110424,0.23182979125139902,0.6772282982170328
Test_24,0.5551370097001967,0.0654720803003095,0.27191271690541774,0.10747819309407589
Test_25,0.7790492606510118,0.03668681873348643,0.05270799747790957,0.13155592313759246
Test_26,0.05141204234187231,0.033209983310847756,0.1764266114530874,0.7389513628941926
Test_27,0.020542148636627358,0.09602420117937777,0.8354195298680064,0.04801412031598844
Test_28,0.6845249134207134,0.14125948342008152,0.05134789620067238,0.12286770695853283
Test_29,0.06618160451775011,0.34359153536010567,0.29595275997555015,0.29427410014659405
Test_30,0.8167180141844779,0.041345223671614716,0.07659587202468107,0.06534089011922618
Test_31,0.052789762213192516,0.11885179511903089,0.5445234062754064,0.2838350363923698
Test_32,0.47501003642573664,0.051511218094766165,0.11904874799475484,0.35442999748474213
Test_33,0.017556556552900192,0.018458033020559893,0.002726516693695586,0.9612588937328442
Test_34,0.07173913489708963,0.017667431946702963,0.03780779487953105,0.8727856382766764
Test_35,0.008273389236929296,0.02433111508445531,0.011430377699967293,0.9559651179786481
Test_36,0.02138857276795628,0.055003916719595404,0.8991410739778108,0.024466436534637495
Test_37,0.11703309731803249,0.03363777994778053,0.016660862253186717,0.8326682604810003
Test_38,0.3455965152183138,0.020769405840740895,0.041248350308965905,0.5923857286319794
Test_39,0.007492570589289886,0.055152307166541445,0.9075643778167156,0.02979074442745273
Test_40,0.05979821121036033,0.13122483280876684,0.4023197254672567,0.40665723051361613
Test_41,0.12791746900616988,0.1432038491061141,0.7105409479989445,0.018337733888771395
Test_42,0.03757264335019505,0.009028327659217761,0.008637041565606627,0.9447619874249803
Test_43,0.2721849687172926,0.038863329995009126,0.6475664687357062,0.041385232551991794
Test_44,0.19312181899482328,0.18206820781960395,0.08775867098594377,0.5370513021996287
Test_45,0.06488266884538677,0.09814360531635898,0.5802564612191996,0.2567172646190547
Test_46,0.056694023098323255,0.1319821303398648,0.06285703773689062,0.748466808824921
Test_47,0.0248779428071976,0.06260381552263694,0.8374876158482517,0.07503062582191376
Test_48,0.049506681910720086,0.07301634374043597,0.7501093817082585,0.12736759264058545
Test_49,0.016474462182970117,0.022647402664128215,0.8544746522482193,0.1064034829046827
Test_50,0.008002963585290335,0.15716693557407524,0.8148924438245674,0.019937657016067385
Test_51,0.5186125017012058,0.08230430377487374,0.3017729698158801,0.09731022470804009
Test_52,0.016398257277917442,0.04671828734420828,0.626688567863965,0.31019488751390933
Test_53,0.12382914430290862,0.0617697541786907,0.6567275113924328,0.15767359012596815
Test_54,0.541579142187455,0.1858046923148888,0.0905497065090494,0.18206645898860674
Test_55,0.30591902219065964,0.0261399891918324,0.3471838006477031,0.32075718796980485
Test_56,0.28728988083429463,0.04167173271980631,0.12452890476853627,0.5465094816773627
Test_57,0.20273663912350617,0.014803719049149382,0.2810325478305305,0.5014270939968138
Test_58,0.11361333222032878,0.03478617346676558,0.025628489018561153,0.8259720052943446
Test_59,0.10810105572396508,0.040523435782171095,0.7237651753622627,0.12761033313160128
Test_60,0.13455122924174034,0.03119673602372616,0.04272579680182462,0.791526237932709
Test_61,0.7853598788050702,0.024481542756541963,0.029368648391731624,0.16078993004665626
Test_62,0.2973091921672447,0.16445831582480042,0.3721931825757849,0.1660393094321702
Test_63,0.07495340936608359,0.00892048357400172,0.0636751659531037,0.8524509411068109
Test_64,0.10120390901982082,0.05127157879061856,0.5207946303933755,0.3267298817961854
Test_65,0.169734913850843,0.06245523264460405,0.4762967246376279,0.2915131288669253
Test_66,0.6211249470677678,0.07595936473539776,0.08704226712399034,0.21587342107284402
Test_67,0.2178714572857078,0.06480112583980235,0.5304874532789499,0.1868399635955398
Test_68,0.08052620372389999,0.2730398088048705,0.45619909136014153,0.190234896111088
Test_69,0.051482581030937,0.23953831176501483,0.6223301434512298,0.08664896375281848
Test_70,0.1132696590387884,0.003326296922845136,0.018628303625863048,0.8647757404125035
Test_71,0.05375837997149214,0.12046554907896893,0.8006013999282553,0.02517467102128366
Test_72,0.2847800406172416,0.03170867260801197,0.1812137065440852,0.5022975802306612
Test_73,0.8356987595532239,0.03093443016250662,0.07605756320515114,0.05730924707911847
Test_74,0.8333168354380224,0.015167494762410999,0.02514496440675997,0.1263707053928067
Test_75,0.07428474289580768,0.0595899505229105,0.13644186331911592,0.7296834432621659
Test_76,0.841210653578254,0.005952351526690932,0.06640308845714996,0.08643390643790524
Test_77,0.320050118452388,0.02960699663602031,0.612009615916975,0.03833326899461638
Test_78,0.14079488424373568,0.25805698842791575,0.1285450895614137,0.4726030377669351
Test_79,0.05900764254324365,0.1149256594786152,0.45728578609710613,0.36878091188103546
Test_80,0.15211941229251516,0.25588373773101497,0.2593469629256068,0.3326498870508628
Test_81,0.17739023334630807,0.06363044091059643,0.5523204076980465,0.20665891804504896
Test_82,0.715180655354558,0.015399256294084592,0.20213312956337393,0.06728695878798369
Test_83,0.4141825926023947,0.07293339424419529,0.15671745079446822,0.35616656235894195
Test_84,0.12701563327970644,0.04088216921841463,0.31959096207309057,0.5125112354287884
Test_85,0.5607983143996466,0.09774959579150114,0.04891432729803814,0.29253776251081404
Test_86,0.7272447570332722,0.05647091182306436,0.10891482585726313,0.10736950528640012
Test_87,0.6610376100415986,0.015623550455762261,0.04051397623694169,0.28282486326569733
Test_88,0.008098595371809462,0.025876466791977037,0.8812253292167131,0.08479960861950035
Test_89,0.5301574636895527,0.05708131411409785,0.15619314100816462,0.25656808118818475
Test_90,0.20675132180176573,0.10083759257832291,0.30844703738020274,0.3839640482397085
Test_91,0.9594580170537597,0.005416715485728055,0.00820084293198491,0.026924424528527544
Test_92,0.6619126431402659,0.025037607203041528,0.0758926702506186,0.23715707940607414
Test_93,0.19721644547045564,0.06515220392163217,0.6876724320354801,0.04995891857243196
Test_94,0.3382824075230014,0.020236692691417636,0.004388265650719123,0.6370926341348618
Test_95,0.3430312912302588,0.024316244745059282,0.5218059008250712,0.11084656319961098
Test_96,0.3246502660209608,0.02787676199128063,0.11706880226494634,0.5304041697228122
Test_97,0.702432787478814,0.0400820434528635,0.0871616107165386,0.17032355835178375
Test_98,0.4106419282621716,0.2238869199944045,0.15408580748339726,0.21138534426002664
Test_99,0.40086119702926915,0.29637184197574845,0.10566291855525499,0.19710404243972743
Test_100,0.04297332199919104,0.03876378782906586,0.015908106015860277,0.902354784155883
Test_101,0.6858622440618036,0.019710504841740795,0.01887324455536774,0.27555400654108797
Test_102,0.33002417761588015,0.03649011961096196,0.04531173788635805,0.5881739648867996
Test_103,0.5005272503696192,0.03761514328780702,0.20028112119636315,0.26157648514621035
Test_104,0.054360196702400526,0.038289958399154424,0.02116808417350875,0.8861817607249366
Test_105,0.4419329540250538,0.012454835048144168,0.14392515410908022,0.40168705681772177
Test_106,0.5602898951342178,0.04240332503168803,0.2107214955858452,0.18658528424824922
Test_107,0.23663154304816597,0.02868609622534076,0.6495089314135156,0.08517342931297742
Test_108,0.054588329009348305,0.024613341007498894,0.02610597148247263,0.8946923585006801
Test_109,0.40596645046608104,0.06497727181231022,0.07028277569353679,0.45877350202807216
Test_110,0.7467228858193594,0.0372587850781351,0.11589344293916232,0.10012488616334336
Test_111,0.43782958882325484,0.018469425231091494,0.48371920301017046,0.059981782935483154
Test_112,0.03530089153151112,0.06721825132061926,0.8227393789850337,0.07474147816283602
Test_113,0.17084309272514292,0.057672861051449954,0.24855804206671675,0.5229260041566903
Test_114,0.049577934873393605,0.3066266231999572,0.5317022640869793,0.1120931778396697
Test_115,0.17108581358804212,0.05762394412506453,0.36415052418404587,0.4071397181028473
Test_116,0.7388370321724569,0.034469374111571326,0.09605127956801358,0.13064231414795852
Test_117,0.006495159466814515,0.11346866625138573,0.8405221899878816,0.03951398429391808
Test_118,0.6781188467085886,0.010371455408001749,0.16816297043511946,0.14334672744829086
Test_119,0.7594977301423111,0.014570534048243582,0.17286318567894415,0.05306855013050098
Test_120,0.023955845284152313,0.03393592801809861,0.9276962319318581,0.01441199476589085
Test_121,0.3209899948300772,0.19053941557372053,0.06538155698698707,0.4230890326092152
Test_122,0.10628771521596855,0.08979115051463231,0.6876464408240635,0.11627469344533543
Test_123,0.008003389809844193,0.09213257581378709,0.8787343094544947,0.021129724921873875
Test_124,0.5073779112504093,0.20743839176437492,0.0701889202812141,0.21499477670400158
Test_125,0.6371613028274251,0.18318921657718562,0.061180876964266315,0.11846860363112315
Test_126,0.7255553304009803,0.1143728862757292,0.08433430496642924,0.07573747835686144
Test_127,0.7428162200505619,0.004424684232169848,0.0349722725259385,0.21778682319133
Test_128,0.26127200806091605,0.13140315940767,0.4884086988430108,0.11891613368840316
Test_129,0.22823264294364967,0.05147511158303098,0.13168241409155654,0.5886098313817631
Test_130,0.043431798766358914,0.016747854804388326,0.017367146722306038,0.9224531997069467
Test_131,0.005203197277925199,0.01695313652156479,0.0045971829351703864,0.9732464832653395
Test_132,0.7754616782096319,0.06141969005058706,0.04166721329034746,0.12145141844943343
Test_133,0.04738807369238253,0.03892158384255092,0.020867654207677742,0.8928226882573885
Test_134,0.2589604507413034,0.04015062129896791,0.20711065890174182,0.4937782690579868
Test_135,0.23972051913942052,0.03608356145287641,0.2575012882522483,0.46669463115545506
Test_136,0.10632640243771438,0.015464043798492332,0.1544867285015406,0.7237228252622527
Test_137,0.0016688725141501201,0.17687448342506004,0.7987516119045494,0.022705032156240545
Test_138,0.035812169137549615,0.012513343519336126,0.9408332514474123,0.010841235895702009
Test_139,0.8367791394970092,0.016950917648805113,0.12345876395146875,0.022811178902717034
Test_140,0.6174144844671144,0.055499543753643285,0.20020909758633942,0.12687687419290306
Test_141,0.1370261932527173,0.019293967115010004,0.5959927069484231,0.24768713268384968
Test_142,0.05429386233646058,0.13300270125145539,0.03202855388471824,0.7806748825273656
Test_143,0.4485569368246342,0.10838244380747407,0.12258291377480889,0.32047770559308253
Test_144,0.8154355846125664,0.00842888513492086,0.13479793010525365,0.04133760014725942
Test_145,0.6283099700973948,0.15617786418366028,0.11006312501415268,0.10544904070479227
Test_146,0.013390470194904988,0.053150991290035594,0.9294901533924407,0.003968385122618787
Test_147,0.06737223974143774,0.032523451259978096,0.6904080999748952,0.20969620902368907
Test_148,0.5349768113643227,0.11421082519732027,0.196783198907156,0.15402916453120064
Test_149,0.4931779470292501,0.02689779442727951,0.25582411764074625,0.22410014090272443
Test_150,0.3327853818749795,0.03929981904077074,0.4261948870873587,0.2017199119968913
Test_151,0.044843278483314084,0.023128968676357924,0.918937533809377,0.013090219030950919
Test_152,0.15636528692476848,0.14575846321891953,0.5922475377840761,0.10562871207223559
Test_153,0.0963179971487573,0.03508807246344453,0.5119335269538715,0.3566604034339269
Test_154,0.04558264257657649,0.047371416029882304,0.885550631435803,0.021495309957737824
Test_155,0.013213964391022345,0.13440281491681252,0.8135046101277266,0.0388786105644384
Test_156,0.5872138858681686,0.042054166340712656,0.26969635849487017,0.10103558929624867
Test_157,0.5480073852674295,0.022566289163662375,0.05035435899142965,0.3790719665774789
Test_158,0.008781318463578689,0.013435987893416053,0.0030071366664327103,0.9747755569765725
Test_159,0.11918032931791572,0.03093313673547339,0.7014898121156886,0.14839672183092195
Test_160,0.7566343111575774,0.06247434398383592,0.0640843777541677,0.11680696710441917
Test_161,0.014051569860243623,0.03163822483584216,0.9131502576994882,0.04115994760442563
Test_162,0.04864611515098855,0.17349800090636883,0.7302568714952388,0.04759901244740423
Test_163,0.04961035334694778,0.15905365783305198,0.2860165469227125,0.5053194418972881
Test_164,0.330907300549028,0.26233365768890055,0.3026979003264708,0.10406114143560063
Test_165,0.07285175326366515,0.03471744475522394,0.11113877720215938,0.7812920247789518
Test_166,0.15620775389630553,0.023259893624633227,0.7371602039636574,0.08337214851540384
Test_167,0.2794917701522651,0.022030184780762622,0.5956697376325023,0.10280830743447
Test_168,0.005007532275716961,0.028231829980042925,0.9363294103135722,0.030431227430667965
Test_169,0.4870476621598686,0.06103020179672173,0.03564619600912773,0.41627594003428203
Test_170,0.06003109852322908,0.009847393223639875,0.30253117495021553,0.6275903333029156
Test_171,0.05701610701768737,0.060334441175987887,0.6289407899243651,0.2537086618819595
Test_172,0.10752605142903734,0.07079188911281613,0.6917177864915474,0.12996427296659904
Test_173,0.008056501381303358,0.052514937555250454,0.9307417357717263,0.008686825291720228
Test_174,0.18560943860861037,0.08168778650553589,0.10673509152799956,0.6259676833578542
Test_175,0.3154099077926854,0.15339121626720975,0.10228924604228336,0.4289096298978212
Test_176,0.2687712851062547,0.03587971903192377,0.5408288080785919,0.1545201877832295
Test_177,0.02948741370572351,0.01566517917605572,0.009964531375067023,0.9448828757431535
Test_178,0.08398099155875136,0.0058561607985275,0.02384747640927192,0.8863153712334495
Test_179,0.017526046755648478,0.2033193307356229,0.7599718518705091,0.019182770638219788
Test_180,0.0665826883765654,0.04357507463025694,0.13357047652083923,0.7562717604723385
Test_181,0.01347488079472789,0.07784538911107529,0.038220469789306245,0.8704592603048904
Test_182,0.26743829407913733,0.1262766157984241,0.4179888107954594,0.1882962793269792
Test_183,0.8973091761318304,0.004176643799165652,0.08647785351315308,0.012036326555851023
Test_184,0.3914757644123235,0.24522882299664564,0.1077094750341815,0.2555859375568495
Test_185,0.5743226338219701,0.03836637404497766,0.19689955059214806,0.19041144154090428
Test_186,0.5783383051617351,0.03934787692294314,0.08044040401367755,0.30187341390164435
Test_187,0.18388003067774283,0.10680328546735562,0.5259728872473767,0.18334379660752537
Test_188,0.06589292220197611,0.0182916144812974,0.8908247721125786,0.02499069120414807
Test_189,0.7166341406895443,0.002724913730366777,0.057323611947216864,0.22331733363287207
Test_190,0.23221017839564015,0.08529247645467526,0.616565134149139,0.06593221100054526
Test_191,0.007024388586886095,0.11283698716284185,0.8734041599606779,0.006734464289594115
Test_192,0.8145849556464045,0.0018077251987965999,0.13721710123002454,0.046390217924774435
Test_193,0.039696570878607354,0.026101602913238965,0.20467777203211876,0.7295240541760348
Test_194,0.005787336775117571,0.21969997285664056,0.740315438744993,0.034197251623248756
Test_195,0.5297503238673054,0.1472582769513305,0.2267649244542466,0.09622647472711746
Test_196,0.5055334503685177,0.014769402799600376,0.0902585629924577,0.389438583839424
Test_197,0.019805961464926906,0.07011377689520887,0.8556456371345262,0.05443462450533791
Test_198,0.3302269485936809,0.07688440415018705,0.4286760893983179,0.16421255785781425
Test_199,0.05287901649167385,0.01315383962189979,0.7101927038316642,0.2237744400547621
Test_200,0.04264940860830319,0.037045427203081065,0.8895371253849061,0.030768038803709527
Test_201,0.008108990514074049,0.006357566344401533,0.10558812198065755,0.8799453211608668
Test_202,0.07318457812558661,0.11306470626758529,0.738577069112539,0.07517364649428922
Test_203,0.5087489088065679,0.05968473610828433,0.1718143525050236,0.2597520025801242
Test_204,0.4465642269477908,0.027283146384381462,0.12573953224209386,0.4004130944257344
Test_205,0.10193061236684593,0.020960221746109446,0.03621798062814608,0.8408911852588987
Test_206,0.04584269083698767,0.08694164655724418,0.013221824320942507,0.8539938382848252
Test_207,0.059333547566522545,0.05818146560491669,0.6093126164079431,0.27317237042061787
Test_208,0.6905538552963085,0.07685738487533549,0.150528829763892,0.08205993006446424
Test_209,0.1360989367562814,0.09420368907302858,0.7266565095274692,0.043040864643220746
Test_210,0.18944610721195387,0.03091961564481974,0.35948386940595295,0.4201504077372736
Test_211,0.025860491716655578,0.45925223059591946,0.389667489047374,0.12521978864005132
Test_212,0.07066799779566155,0.027992077149278385,0.8674802241644688,0.033859700890590844
Test_213,0.4371005579696139,0.10130312661666217,0.0610943293207248,0.40050198609299903
Test_214,0.003630067066812473,0.03914344986354812,0.9435150310290272,0.013711452040612046
Test_215,0.3134547588728407,0.010766562175457732,0.00956548579971373,0.666213193151988
Test_216,0.7333443879856377,0.034100814362372465,0.20667378582682167,0.025881011825168127
Test_217,0.06826599814367262,0.02252063021652378,0.11935794312382222,0.7898554285159818
Test_218,0.7464097962327404,0.013598728311968749,0.08681551264261898,0.15317596281267187
Test_219,0.6630315861487975,0.03075788334740381,0.2722302250890319,0.03398030541476682
Test_220,0.012724083908007142,0.018877723029616673,0.03673752020161291,0.9316606728607632
Test_221,0.42456487645864677,0.06339552047062384,0.0654942774058021,0.44654532566492716
Test_222,0.31663984438723464,0.041375275890381154,0.5292822003764256,0.11270267934595869
Test_223,0.022758606178244004,0.08196230494094137,0.8704437976401501,0.024835291240664754
Test_224,0.26315289713065826,0.02990862006628928,0.5743248778965082,0.13261360490654436
Test_225,0.6340284964672395,0.034793297573293705,0.3192222426254568,0.011955963334010049
Test_226,0.07902022514939458,0.2583228375930207,0.2375422365347147,0.4251147007228697
Test_227,0.12178684103494145,0.12039778493544644,0.17964980765318228,0.5781655663764299
Test_228,0.016404762899549334,0.006613498490456382,0.9614302846289117,0.015551453981082486
Test_229,0.16695795452547665,0.10187900367287778,0.5969159094642317,0.13424713233741395
Test_230,0.10620804719508647,0.013303283508235123,0.8311482556065946,0.04934041369008401
Test_231,0.09570648210299867,0.08870169197314982,0.11950123751158434,0.6960905884122669
Test_232,0.5476478899876749,0.043621738018052275,0.2145414094479675,0.19418896254630558
Test_233,0.21363213497160546,0.025883608387594365,0.08292112180409648,0.6775631348367037
Test_234,0.1710222872764373,0.12279870910039477,0.2719194985344833,0.43425950508868466
Test_235,0.09108293626507664,0.013194001316792414,0.1599350272915138,0.7357880351266172
Test_236,0.309621081237113,0.03461962890118213,0.15971351886848692,0.49604577099321806
Test_237,0.2814148579839159,0.05516273724047313,0.16657832738145437,0.49684407739415665
Test_238,0.0003462064870493672,0.02281868402094407,0.9754564421587124,0.0013786673332941116
Test_239,0.02727044773956366,0.11005598242786441,0.8244949226233841,0.038178647209187795
Test_240,0.026884123414022607,0.33069207912097764,0.5421358375245363,0.10028795994046341
Test_241,0.006841757567348943,0.04379022304064554,0.880703972184768,0.06866404720723779
Test_242,0.5727819725703206,0.1708747741137619,0.10126960355648784,0.1550736497594295
Test_243,0.9103057654581939,0.0202951887894117,0.05458106764707247,0.014817978105321926
Test_244,0.6473795115531352,0.21836461548579555,0.07608823786186218,0.05816763509920718
Test_245,0.21097320685395476,0.06893940080411563,0.42706980200873534,0.29301759033319413
Test_246,0.03294941491773874,0.10928146389942989,0.24723949347498295,0.6105296277078481
Test_247,0.0047395448820320134,0.01640513795193328,0.012133183125765336,0.9667221340402691
Test_248,0.8665844490091554,0.042521877743597725,0.024202312735413085,0.06669136051183386
Test_249,0.011777484853312306,0.08595431483040843,0.8841198097113153,0.01814839060496403
Test_250,0.8405239245873052,0.03075848470206658,0.1016151637346081,0.02710242697602013
Test_251,0.3613493740060967,0.00998993214760646,0.1006029261072737,0.5280577677390232
Test_252,0.5078689095876482,0.058405628710638535,0.22772916534144916,0.20599629636026426
Test_253,0.14359982174256014,0.08468562830981367,0.2254617085783898,0.5462528413692364
Test_254,0.18266343465083404,0.04067472682810639,0.1090685080673484,0.6675933304537112
Test_255,0.08735636604474391,0.03536366401037898,0.019760399062051758,0.8575195708828253
Test_256,0.0028279056699537326,0.010991826267480515,0.004711885775869721,0.9814683822866962
Test_257,0.07295214844187291,0.024354621944905033,0.8644074543197621,0.038285775293459924
Test_258,0.12196846318605187,0.06617581540579251,0.5525946113805233,0.2592611100276323
Test_259,0.44190960190767076,0.08311269361083488,0.39530005565143844,0.07967764883005583
Test_260,0.24512527631482767,0.008714884255252093,0.011977973279140667,0.7341818661507794
Test_261,0.04435828391684514,0.028195617491730714,0.7380226345023974,0.18942346408902683
Test_262,0.0637130752956755,0.20987204482972374,0.4165179735218768,0.309896906352724
Test_263,0.4918863950042678,0.026563553001382415,0.30401075955709855,0.1775392924372511
Test_264,0.09204475342782889,0.020728653683789487,0.855478659156294,0.031747933732087875
Test_265,0.7193077782386869,0.02733238027680613,0.1294571113324675,0.12390273015203936
Test_266,0.017284567246749462,0.016771716616975272,0.1140967469894931,0.8518469691467825
Test_267,0.8149995543787357,0.025548460953514394,0.04223850444246829,0.1172134802252812
Test_268,0.0274271972792951,0.22334655469120893,0.7085725350850339,0.04065371294446194
Test_269,0.47042516281681374,0.05234362700554142,0.3610057090751884,0.11622550110245658
Test_270,0.30084504660356515,0.050950770644608866,0.022725179248961,0.6254790035028651
Test_271,0.2849233092404738,0.037060604402090025,0.35673554876772545,0.32128053758971087
Test_272,0.00905115192460385,0.07044144312448546,0.2262506937372846,0.6942567112136259
Test_273,0.7306568087457928,0.03394573684293645,0.05161762761802372,0.18377982679324714
Test_274,0.010519730114703429,0.08716960263845369,0.8776339401777671,0.024676727069075588
Test_275,0.28672626714957605,0.06055094520100879,0.42686936030427053,0.22585342734514494
Test_276,0.11077962633628789,0.054578352558687614,0.17121086828828508,0.6634311528167391
Test_277,0.445740820264813,0.05185918227814226,0.3786526957462265,0.12374730171081805
Test_278,0.09301123007836848,0.10629561677593309,0.06696803871236943,0.733725114433329
Test_279,0.10865422022689046,0.040283973371841635,0.7946117731999472,0.05645003320132065
Test_280,0.09063285889012256,0.008300268257089186,0.038916919543065455,0.8621499533097228
Test_281,0.019542681202731893,0.048975846791195835,0.11905278623944929,0.8124286857666232
Test_282,0.14607767585704454,0.3130992452887868,0.20974428503822443,0.3310787938159442
Test_283,0.7848916896045794,0.03862464284538341,0.0927472668856278,0.0837364006644095
Test_284,0.6880711047678983,0.08471537366132445,0.13266584701364997,0.09454767455712727
Test_285,0.7768913956800128,0.009510549325710712,0.13347963850809294,0.08011841648618336
Test_286,0.06716951642381198,0.06653515776717372,0.6314453854116823,0.2348499403973322
Test_287,0.7903500330767577,0.008470994606288515,0.10621852489110953,0.09496044742584428
Test_288,0.016629886400926754,0.015452909876731914,0.005976461887065437,0.9619407418352758
Test_289,0.01289054847777385,0.008624676705320404,0.08801291820688326,0.8904718566100225
Test_290,0.018074030293983467,0.04875859360468964,0.7494860999597504,0.18368127614157642
Test_291,0.30821100627400083,0.08706073906463638,0.5941160236640053,0.010612230997357388
Test_292,0.7426581698904714,0.04804813706170836,0.03997618308133246,0.16931750996648817
Test_293,0.0091831866871328,0.11241013988830603,0.8462245090267548,0.03218216439780656
Test_294,0.12782753615909967,0.12102694315768625,0.621767511341041,0.1293780093421728
Test_295,0.3107888129799281,0.044469935322406104,0.5841903282303115,0.06055092346735433
Test_296,0.09117132666378187,0.11058158300225812,0.6574684444510646,0.14077864588289543
Test_297,0.002101417386606915,0.051012663175942684,0.011286602085815205,0.9355993173516354
Test_298,0.002646199420617837,0.31671595827289795,0.633344355364967,0.04729348694151696
Test_299,0.08379826557126152,0.08329062636223832,0.11583758745127984,0.7170735206152203
Test_300,0.6400775863484136,0.03938225499476925,0.015208426559553696,0.30533173209726344
Test_301,0.08156226708177988,0.014344861287552078,0.38187443432840446,0.5222184373022636
Test_302,0.05103405807105493,0.034925562954209156,0.4876811987420044,0.4263591802327315
Test_303,0.8116357912510589,0.08194410305176403,0.030666904838198655,0.07575320085897841
Test_304,0.7663855455603957,0.0478504193105431,0.04456462087389288,0.14119941425516816
Test_305,0.7994210491077207,0.039646191722926334,0.05127229421236021,0.10966046495699283
Test_306,0.1664941913580694,0.11446772833783987,0.4727932218410533,0.24624485846303734
Test_307,0.08351689195438648,0.029659666802749292,0.8029746300113597,0.08384881123150441
Test_308,0.29885825856288606,0.09366480530671535,0.5251895781354895,0.08228735799490892
Test_309,0.08783109568683206,0.05172570544976139,0.39145188566481387,0.4689913131985925
Test_310,0.17332653345006385,0.12600447228944875,0.3754847705861901,0.3251842236742972
Test_311,0.2729604305974211,0.04499841472706604,0.6102896094478214,0.0717515452276914
Test_312,0.06272032004849495,0.026496209928328317,0.05380006179382412,0.8569834082293529
Test_313,0.005940181566052536,0.01126917575248739,0.019092627608706635,0.9636980150727533
Test_314,0.2946688489296198,0.06910149611582138,0.09167023235542252,0.5445594225991361
Test_315,0.17197613863386174,0.002648506386950016,0.02641766128484992,0.7989576936943386
Test_316,0.46615896279736896,0.052990657144701525,0.4498307037591565,0.031019676298772926
Test_317,0.2799131000788017,0.07350037057871067,0.5097062172709741,0.13688031207151366
Test_318,0.09096763773001493,0.0873374193581926,0.10718300192327357,0.7145119409885188
Test_319,0.018746230915788455,0.11662003126565948,0.8318812211572882,0.03275251666126357
Test_320,0.05773838822867602,0.08337628896869899,0.785208016493127,0.07367730630949816
Test_321,0.40671236633385455,0.10227345304029603,0.07939607605399081,0.41161810457185866
Test_322,0.852346907501922,0.018370310949627974,0.058816934156995335,0.07046584739145452
Test_323,0.47919330202130656,0.020608393523603035,0.19660707245153805,0.3035912320035524
Test_324,0.8024207946948458,0.03508609541726752,0.07955281338808494,0.08294029649980153
Test_325,0.07824501526574987,0.003608758171975193,0.012493864354137274,0.9056523622081376
Test_326,0.033488788315976264,0.024600253867670657,0.9133599796782567,0.028550978138096556
Test_327,0.30696320686105677,0.17611212699101747,0.13868044748647176,0.3782442186614541
Test_328,0.04997728258448963,0.03799795583516606,0.7841580905838395,0.12786667099650492
Test_329,0.18121044339225192,0.037529840137224595,0.17090549816382236,0.610354218306701
Test_330,0.03431365912192515,0.059339668562638004,0.32801255139424024,0.5783341209211966
Test_331,0.2021766284207595,0.05005857296107668,0.09945202880930638,0.6483127698088575
Test_332,0.7172741594428345,0.09160958892380638,0.11473174110125527,0.07638451053210378
Test_333,0.3430331407199491,0.11414880644576428,0.43633865727522614,0.10647939555906062
Test_334,0.00656543918240183,0.029131988384437743,0.9601008676304907,0.0042017048026693465
Test_335,0.4192977934712221,0.07764599545579427,0.3155317496930404,0.1875244613799433
Test_336,0.6113120010513465,0.018255600829384783,0.07473908778222788,0.295693310337041
Test_337,0.36040457965589245,0.04706182373640251,0.08989063110824845,0.5026429654994564
Test_338,0.7647535535379769,0.016583065335996412,0.10216804445378597,0.11649533667224075
Test_339,0.5121232023527416,0.0395046077486514,0.10129730256344927,0.34707488733515784
Test_340,0.22884973373810005,0.037387422361687773,0.5014239570545624,0.2323388868456497
Test_341,0.4189987791014294,0.09323612687941417,0.21068945541325043,0.27707563860590617
Test_342,0.9395901179427377,0.0025348745925741984,0.050776592082806965,0.0070984153818815674
Test_343,0.408579705829033,0.037319303305769526,0.1521736591519452,0.40192733171325196
Test_344,0.05981595431756178,0.035453834951282716,0.8469439741778764,0.05778623655327894
Test_345,0.25713105682760246,0.049396982264137364,0.6459179744895409,0.04755398641871912
Test_346,0.026963832930315398,0.05261670576218789,0.9035310680325794,0.016888393274917386
Test_347,0.6037866043865816,0.053922968528040245,0.1302298136503394,0.2120606134350385
Test_348,0.011571771954999492,0.007032638267887594,0.005470440534744663,0.9759251492423682
Test_349,0.611202228874673,0.02665613582917454,0.2782138175549192,0.08392781774123338
Test_350,0.06764461887337209,0.1037251311315039,0.08016988906778456,0.7484603609273395
Test_351,0.010638521446071296,0.3721395671374634,0.5843823165581401,0.032839594858325195
Test_352,0.12202575022443965,0.02692476902032793,0.086990788135072,0.7640586926201602
Test_353,0.670411048952735,0.027659337328150412,0.15824817919941056,0.14368143451970422
Test_354,0.6881939279233749,0.06689113037785978,0.1662404773922734,0.07867446430649153
Test_355,0.636302497483817,0.042918162493040764,0.21409343738038508,0.10668590264275721
Test_356,0.6688687949021553,0.059973520981175664,0.23834645096016221,0.03281123315650658
Test_357,0.7703373671594741,0.019291866281973925,0.06228874969476568,0.1480820168637863
Test_358,0.25365902335636603,0.09200393355250075,0.4564937510002621,0.19784329209087098
Test_359,0.01793948824392316,0.007837510487459369,0.04116067782132665,0.933062323447291
Test_360,0.5216687429294454,0.03577275562644426,0.09612341515058595,0.34643508629352426
Test_361,0.43529551940947026,0.07559217943659775,0.07226219502289156,0.4168501061310405
Test_362,0.6015684659793603,0.042420389252381625,0.2570707340074693,0.09894041076078848
Test_363,0.06544175122966273,0.05450207364394138,0.82497278573817,0.05508338938822577
Test_364,0.030506965496163576,0.03787559420407104,0.9232608867120468,0.008356553587718788
Test_365,0.1682230636786811,0.03475677772842555,0.7274898763082974,0.06953028228459605
Test_366,0.35630269842320034,0.07726433141805301,0.4231390120407122,0.14329395811803453
Test_367,0.07618259198243439,0.02781442976201535,0.30975454611654357,0.5862484321390067
Test_368,0.6738570463048541,0.03083290884638109,0.21461064916950434,0.0806993956792604
Test_369,0.010605320920624535,0.003916380766604428,0.014542105092396451,0.9709361932203747
Test_370,0.1583236095188497,0.09771367037860466,0.7211006595419529,0.022862060560592166
Test_371,0.10128360965187544,0.02616169704823605,0.42304045202446433,0.44951424127542405
Test_372,0.35206822031429647,0.1219353989373978,0.05214175084342491,0.4738546299048808
Test_373,0.04122389528623609,0.15525518705399394,0.6457374258333484,0.15778349182642165
Test_374,0.11480320194679543,0.08135946660087816,0.4596271821345034,0.34421014931782284
Test_375,0.24556877286382117,0.0366035025293441,0.007381692382006173,0.7104460322248285
Test_376,0.7499842041831469,0.13246558475196507,0.039363809186682426,0.07818640187820558
Test_377,0.6915480686542437,0.03421890179234902,0.10762467005254549,0.16660835950086186
Test_378,0.15770798762002494,0.02012508984717109,0.7804523108308113,0.041714611701992504
Test_379,0.40216502058374326,0.06533271594594532,0.3653586121651253,0.167143651305186
Test_380,0.18009967530592252,0.04014636577210553,0.200211936912981,0.5795420220089909
Test_381,0.35492838820908196,0.09893282017452297,0.04033131671318251,0.5058074749032123
Test_382,0.22857072048874777,0.014276530846620861,0.20926954030795883,0.5478832083566726
Test_383,0.3295634147374467,0.052728275753858966,0.2804999396238071,0.3372083698848872
Test_384,0.36510070786637366,0.029017589137411894,0.5335017599646881,0.07237994303152599
Test_385,0.6200985726890096,0.012407957400298285,0.009954989349935831,0.35753848056075627
Test_386,0.006099653068166818,0.0772681364352507,0.8698817944829341,0.046750416013648315
Test_387,0.21908449298698934,0.0930816923297261,0.2997813632548363,0.38805245142844824
Test_388,0.8957168368700728,0.004921382499286871,0.028556024536908097,0.07080575609373216
Test_389,0.2854160969751299,0.058022239442235696,0.6109318040138755,0.04562985956875937
Test_390,0.034786891035322225,0.011216432087630675,0.0027738606039721695,0.9512228162730749
Test_391,0.38657728868430885,0.22066643904571762,0.233433098028907,0.1593231742410665
Test_392,0.015091752384663475,0.014947642290290735,0.7416261535988242,0.22833445172622155
Test_393,0.2557815414985291,0.02155089839050685,0.012245782347615395,0.7104217777633488
Test_394,0.7826467455621366,0.022575386117711035,0.0572346292751975,0.13754323904495463
Test_395,0.011926804539101905,0.11942682094330442,0.8536747320302731,0.014971642487320212
Test_396,0.2301418289600324,0.028163639560957302,0.11267485971676246,0.6290196717622478
Test_397,0.00963649744108019,0.008545384988534672,0.006699257447441657,0.9751188601229431
Test_398,0.004131901246432686,0.24994331216710328,0.5997765943745437,0.14614819221192066
Test_399,0.47693453735217584,0.08491824255280636,0.1768019879781061,0.26134523211691174
Test_400,0.029039787122706676,0.09527658721057494,0.8478358573841305,0.027847768282588125
Test_401,0.04390791655435443,0.025830046217198838,0.915808820963637,0.01445321626480976
Test_402,0.05414723787873715,0.005153658667239311,0.06016084138387574,0.8805382620701481
Test_403,0.03693817766997211,0.13004213520975774,0.7993181293548567,0.033701557765413254
Test_404,0.06884600191104052,0.018764142221260858,0.752142220977507,0.16024763489019136
Test_405,0.04466703624489005,0.016478519340437283,0.03054022913291357,0.9083142152817589
Test_406,0.012679146364425296,0.011179240483469525,0.003461629464428314,0.9726799836876772
Test_407,0.024635881661627425,0.07648910540448206,0.017387329196685626,0.8814876837372052
Test_408,0.3310725023970125,0.09798925360601161,0.056318455942989,0.5146197880539869
Test_409,0.2982042734479792,0.01943717940256093,0.05243996968136479,0.6299185774680951
Test_410,0.014637105427725314,0.0023280051578676883,0.02296540120360517,0.9600694882108018
Test_411,0.7018914742933036,0.017991817100890463,0.03787671684524247,0.2422399917605635
Test_412,0.7090258147932462,0.03086197516723769,0.14096231669069786,0.11914989334881776
Test_413,0.4692276882593521,0.12159117907934414,0.351269756272725,0.057911376388578746
Test_414,0.010025039723229526,0.07470013366686694,0.9034520027094745,0.01182282390042927
Test_415,0.24496817832591936,0.04718383602888241,0.6218669695825699,0.08598101606262816
Test_416,0.0313072164848058,0.045379134729546584,0.3266110651730666,0.5967025836125808
Test_417,0.07076735487086899,0.0635730936051754,0.8367038327265196,0.028955718797435873
Test_418,0.2551718753989313,0.07704931714193622,0.5231832032821611,0.14459560417697132
Test_419,0.8230168773615097,0.03770895395263667,0.09791786878326378,0.041356299902589676
Test_420,0.04368868780727793,0.2307016711943502,0.6941961678711785,0.031413473127193066
Test_421,0.007386002329878389,0.007016808777693793,0.012133003108866914,0.9734641857835613
Test_422,0.43593742634625227,0.08468005625551217,0.18798843979613605,0.2913940776020996
Test_423,0.07352708950200056,0.023236221654189988,0.8847668351144975,0.01846985372931201
Test_424,0.10700129265860792,0.0731367357188662,0.6455434421889962,0.17431852943353
Test_425,0.5413521810814688,0.05340851408861552,0.18760808331077888,0.21763122151913633
Test_426,0.025141035550991783,0.00893429294578314,0.9619452881907824,0.003979383312442631
Test_427,0.005919633129486533,0.007039904360546205,0.0352955477485621,0.9517449147614051
Test_428,0.011497775632550609,0.016231539839534053,0.011938472291328503,0.9603322122365868
Test_429,0.09738390334347378,0.08083009436787175,0.3420618925127548,0.47972410977589985
Test_430,0.747593305805546,0.024263496776517863,0.07857829100259743,0.14956490641533915
Test_431,0.5286576443373967,0.04430281945078985,0.2249507251991472,0.2020888110126664
Test_432,0.46133315688872667,0.10739967714842341,0.19590981553393189,0.2353573504289179
Test_433,0.008422556597935813,0.034377812970173116,0.009201388728398069,0.9479982417034931
Test_434,0.057686293382452895,0.05032710966806116,0.39771980504681165,0.49426679190267436
Test_435,0.10769842476610555,0.02121529658891217,0.2396119337897303,0.6314743448552518
Test_436,0.356743939336706,0.18340127621616326,0.03569873568889054,0.4241560487582403
Test_437,0.43694789244933635,0.0423219533269235,0.15310618413950025,0.3676239700842401
Test_438,0.3540924263448738,0.02725081793565054,0.07447444558109409,0.5441823101383818
Test_439,0.17394182364910302,0.036259933708563126,0.7410135229466877,0.04878471969564603
Test_440,0.009691688315241554,0.2348121254250427,0.729521981357067,0.025974204902648724
Test_441,0.534348655965628,0.09911543087834346,0.2937842775588387,0.07275163559718986
Test_442,0.0035760806473230378,0.0163712417974142,0.9765750632108183,0.0034776143444441225
Test_443,0.4044254374138428,0.12010241137652837,0.34802191030931595,0.1274502409003127
Test_444,0.7978224984470411,0.06144015157276124,0.07848828990971542,0.062249060070482344
Test_445,0.007922213605776975,0.013533892984630893,0.62241760301748,0.35612629039211197
Test_446,0.023817984760662304,0.09669650151978064,0.4075064120224025,0.47197910169715407
Test_447,0.07983892156360735,0.05172533735662018,0.8122228155123521,0.05621292556742052
Test_448,0.027255401369791033,0.15416488582663865,0.8086333118353729,0.009946400968197834
Test_449,0.024280266380264606,0.02838323859125352,0.03899281291748072,0.9083436821110015
Test_450,0.1472510153229488,0.08853530114646989,0.7395642872751205,0.02464939625546061
Test_451,0.002536873652057325,0.12016165113558905,0.8556205967187263,0.021680878493627664
Test_452,0.3119673733824145,0.05461008024739551,0.4749514867249444,0.1584710596452453
