image_id,healthy,multiple_diseases,rust,scab
Test_0,0.01711345614414656,0.17025499481438977,0.7494514259232068,0.063180123118257
Test_1,0.038554476611968626,0.24384901344947238,0.49613736344749854,0.22145914649106063
Test_2,0.020698888502864148,0.0794402791866759,0.017347288170010952,0.8825135441404488
Test_3,0.9244807321400004,0.002448686872273334,0.05454687375588675,0.01852370723183952
Test_4,0.035031580778310215,0.1087502944152425,0.8343155904865167,0.02190253431993014
Test_5,0.8889984114759251,0.02082852887177964,0.060447309617989164,0.029725750034306053
Test_6,0.6829414130205148,0.09166912583762349,0.017865649988639057,0.20752381115322255
Test_7,0.004095221390298348,0.09544202601441418,0.0025558393012621817,0.8979069132940256
Test_8,0.017519194926804087,0.156397091989409,0.012788872056845561,0.8132948410269413
Test_9,0.010706852828036857,0.03516246191885595,0.9431451074363637,0.010985577816743159
Test_10,0.0011748615345400623,0.02257342191840622,0.9738788396022544,0.0023728769447991945
Test_11,0.6930852708127658,0.02135826549680056,0.21342505291963834,0.07213141077079528
Test_12,0.13084630235322173,0.20099653849926946,0.055482053310824155,0.6126751058366846
Test_13,0.9485337519990044,0.0020465954183331117,0.03348901307177992,0.01593063951088285
Test_14,0.006948152543409151,0.015809994162061483,0.9715926705650072,0.005649182729522306
Test_15,0.27723018480221895,0.05750891384525892,0.13570938486345135,0.5295515164890708
Test_16,0.3886101770039422,0.008965228146416041,0.24924952482113252,0.3531750700285091
Test_17,0.03552845833977824,0.3792699287590129,0.4774655246049899,0.10773608829621911
Test_18,0.2092601842937555,0.05946068684156164,0.08716365267416835,0.6441154761905145
Test_19,0.0034551473837938817,0.09345180171124656,0.886898513945315,0.016194536959644748
Test_20,0.0393903682069511,0.015828405007435004,0.03691385307332099,0.9078673737122931
Test_21,0.7860219555222872,0.003516041716266049,0.009902548102040018,0.20055945465940697
Test_22,0.0023815612408840496,0.016185790266589173,0.9745793104980948,0.006853337994432235
Test_23,0.12027632647435064,0.022013722678727574,0.2223499139081095,0.6353600369388125
Test_24,0.8709625697122996,0.00869597350931319,0.0413442197035437,0.07899723707484355
Test_25,0.9413157622499676,0.022720109990975373,0.01618910824544843,0.019775019513608754
Test_26,0.04923009567589422,0.15354475961917965,0.24888561930927225,0.5483395253956538
Test_27,0.02378771472276333,0.1180291375281881,0.8440315218552668,0.014151625893781898
Test_28,0.9666481464258958,0.005119842444445098,0.0032509310580363356,0.024981080071622815
Test_29,0.14477276764653646,0.1878357683007514,0.2055677611413846,0.46182370291132785
Test_30,0.8154794196508319,0.040430382829964605,0.03749858266349013,0.10659161485571349
Test_31,0.07081215200316517,0.30070453462673324,0.3581692889292892,0.27031402444081276
Test_32,0.5987659648452602,0.0038921286282014825,0.2837355281227871,0.11360637840375097
Test_33,0.008821011083866445,0.008854191015939109,0.0048848355226280196,0.9774399623775665
Test_34,0.18864421484739083,0.013737323275513262,0.04469401756897443,0.7529244443081216
Test_35,0.0035756385790209084,0.023017017790683818,0.006408180115554196,0.9669991635147412
Test_36,0.0005817699821190981,0.0020083183000006396,0.989516344066993,0.007893567650887253
Test_37,0.015506265590368051,0.04379880038289965,0.009810376776145513,0.9308845572505868
Test_38,0.024707189677723035,0.06159463350276964,0.0073473517543686685,0.9063508250651385
Test_39,0.0025753381818662056,0.022882181704576912,0.9615623874041299,0.012980092709426926
Test_40,0.026274959802312595,0.09107714121654505,0.44571201688804,0.43693588209310275
Test_41,0.05606938694970542,0.03849238182203874,0.8963486833342372,0.009089547894018887
Test_42,0.002221432529370418,0.014332835411692236,0.005260564016882334,0.9781851680420548
Test_43,0.44207468644184716,0.02121297566947242,0.5300657107224571,0.006646627166223117
Test_44,0.20947601264381588,0.06922868885606129,0.04855305439499456,0.6727422441051282
Test_45,0.10459716519652311,0.22724084070491485,0.4504000493970553,0.21776194470150678
Test_46,0.23484433067834637,0.1942680766203332,0.08936615103490562,0.48152144166641503
Test_47,0.004994473145242933,0.05713789152348689,0.9075010794051299,0.030366555926140446
Test_48,0.09708601507659419,0.0758851959789293,0.628939211319329,0.19808957762514767
Test_49,0.04043708696510465,0.011774708661970515,0.9157482087541187,0.032039995618806126
Test_50,0.0007585053984739049,0.04583272051384654,0.9522716629104718,0.0011371111772079717
Test_51,0.7306786446593474,0.02133669829483242,0.05516225359337907,0.1928224034524412
Test_52,0.01179477389361351,0.009240630701499487,0.9516665800692912,0.027298015335595588
Test_53,0.03716195026581369,0.0214475502976917,0.9165575164862267,0.024832982950267823
Test_54,0.38754317099505675,0.10040852982200438,0.1556714875778236,0.3563768116051152
Test_55,0.2305924630589359,0.03195007358997859,0.5547961142183874,0.1826613491326978
Test_56,0.1392111205446055,0.14917506436387262,0.15364352872310175,0.55797028636842
Test_57,0.3419163927250585,0.015178568214594205,0.060723877342162655,0.5821811617181845
Test_58,0.023829152047220158,0.043124670966844726,0.011615661827418194,0.921430515158517
Test_59,0.06689155041005837,0.13660614869469817,0.483540095889802,0.31296220500544164
Test_60,0.05518365500152301,0.06205948915649082,0.02621812286852584,0.8565387329734603
Test_61,0.8822106496660683,0.008038021803431066,0.02042772869916216,0.08932359983133853
Test_62,0.029898536431567792,0.052087234100335354,0.7761426882208058,0.14187154124729096
Test_63,0.1498041921038455,0.028601337179545282,0.1894877413161879,0.6321067294004215
Test_64,0.49370912196020567,0.016669861201744587,0.11017656450652295,0.3794444523315268
Test_65,0.021886485326144043,0.04921894635620946,0.23767796873688263,0.691216599580764
Test_66,0.9408648521348765,0.015731256365945905,0.022247112536032277,0.02115677896314517
Test_67,0.10171434724026422,0.07877185190814096,0.5844671779122699,0.23504662293932496
Test_68,0.045573412027884376,0.2713921858954634,0.5746094950607703,0.10842490701588213
Test_69,0.05021196757642831,0.12070236285144313,0.6006416350981842,0.22844403447394393
Test_70,0.0021062675449777957,0.0033358792593805382,0.000830703842767759,0.9937271493528739
Test_71,0.011834578532805168,0.14872785612282166,0.8279378917146814,0.011499673629691712
Test_72,0.030169426680079336,0.046098607151822096,0.35493641227819056,0.5687955538899081
Test_73,0.6529977578060422,0.024164454789029333,0.1778342259586095,0.1450035614463187
Test_74,0.7593120854284005,0.013197720271376457,0.04894472879739375,0.1785454655028294
Test_75,0.03578217006245037,0.06033318619217708,0.031605535562474,0.8722791081828987
Test_76,0.9348849999899059,0.0038542853238814814,0.004242014042941581,0.057018700643271004
Test_77,0.855575636093611,0.01332019092240372,0.12501837823634,0.006085794747644857
Test_78,0.2369877777093645,0.10646392350189353,0.0543112210047596,0.6022370777839822
Test_79,0.3728542889542349,0.055104110113230576,0.2830065057459255,0.28903509518660914
Test_80,0.04576069147257004,0.3939611933173885,0.12742096437160352,0.432857150838438
Test_81,0.37533059683714226,0.04612106971526449,0.3687542584181545,0.20979407502943873
Test_82,0.11437310480725,0.02821625817074836,0.8091223126438692,0.04828832437813238
Test_83,0.008691593763321926,0.06648627816595333,0.012477336925140891,0.912344791145584
Test_84,0.34840732552220827,0.036670881397233526,0.3927019366230151,0.22221985645754339
Test_85,0.5132403564376568,0.038387040430373914,0.008211980654459675,0.44016062247751003
Test_86,0.5439775506645409,0.1038476172046427,0.10476623119207094,0.24740860093874528
Test_87,0.11879652415682522,0.008511101829884953,0.08890573557086003,0.7837866384424298
Test_88,0.033016317196555546,0.07128519329347449,0.7827927265483028,0.11290576296166734
Test_89,0.49636771612520975,0.06087124328922102,0.35728588325972105,0.08547515732584815
Test_90,0.0698384419365087,0.5031867621728172,0.306552603447478,0.12042219244319621
Test_91,0.9803680440588103,0.001903520871655967,0.003224048900165138,0.014504386169368466
Test_92,0.9899534808171945,0.000976627608816541,0.00041887399345192256,0.008651017580536947
Test_93,0.006700260999651293,0.0577620595548364,0.9201545233635174,0.015383156081994762
Test_94,0.017163946296237027,0.017284515263361725,0.002530369545928805,0.9630211688944725
Test_95,0.7985564584922684,0.006322871388059864,0.061119790290610904,0.13400087982906098
Test_96,0.13367430970793107,0.007147073806100452,0.0644769846949608,0.7947016317910077
Test_97,0.8992286976377298,0.0007553643951520504,0.03923504712342608,0.06078089084369196
Test_98,0.8063955867618766,0.045244669348405736,0.04389774171557858,0.10446200217413888
Test_99,0.3894613786213089,0.03481528716260204,0.43386566419743655,0.14185767001865268
Test_100,0.011785386995893609,0.003650077502490994,0.0013333405348004276,0.9832311949668148
Test_101,0.8362819462176778,0.0074997417126996015,0.07377723037373471,0.08244108169588743
Test_102,0.06563096395134041,0.01141759917858994,0.10769308222222156,0.815258354647848
Test_103,0.05240790171048421,0.19541456766000967,0.7037906086408954,0.048386921988611185
Test_104,0.007459450319136017,0.03900731493445978,0.045727692197152156,0.907805542549252
Test_105,0.2213895992822755,0.033756928557764236,0.19004262687191217,0.5548108452880482
Test_106,0.7207362547739053,0.033315711654756885,0.21106516964003108,0.034882863931306594
Test_107,0.3807655886881889,0.022738745939922898,0.4972120998160935,0.09928356555579501
Test_108,0.02424741418497619,0.027057888611690433,0.013064265771089198,0.9356304314322439
Test_109,0.22141056323414074,0.1312208449659258,0.07409229073794865,0.5732763010619846
Test_110,0.5991343921787688,0.0112583241619272,0.2257152119839543,0.16389207167534936
Test_111,0.7647378972141909,0.02233495694458795,0.15833967491227577,0.054587470928945205
Test_112,0.041818445372676344,0.07146066403883902,0.4689665287907115,0.41775436179777314
Test_113,0.409779045869273,0.054490613690599064,0.12546033665287692,0.4102700037872511
Test_114,0.03531596750158559,0.4155929297223564,0.44055051987821814,0.10854058289783984
Test_115,0.09402932337029352,0.11968988349469693,0.2348993360579904,0.5513814570770194
Test_116,0.4329866782079445,0.09496810594335983,0.4038600501295352,0.06818516571916061
Test_117,0.0005902254306033722,0.02842307837363363,0.9616613011940583,0.009325395001704803
Test_118,0.3424150334876716,0.030686292752298033,0.3766549085112035,0.2502437652488268
Test_119,0.8106762544162602,0.018973550186507898,0.09366497979411481,0.07668521560311675
Test_120,0.007062846175099964,0.02117048272230509,0.958187608204563,0.013579062898032117
Test_121,0.5686978181734693,0.1235607646587972,0.048905836616464256,0.2588355805512694
Test_122,0.4820309221076256,0.042192042792177226,0.309100721193758,0.16667631390643925
Test_123,0.0018524945103229073,0.03500275660714589,0.9429934591932682,0.0201512896892631
Test_124,0.6862225294570111,0.0476893476520603,0.019604334786778362,0.2464837881041502
Test_125,0.07361885104352722,0.11520113771907986,0.2165464058869388,0.5946336053504538
Test_126,0.937401348902365,0.018110289014890434,0.021513330361057185,0.022975031721687324
Test_127,0.776484630507682,0.0058547197507430706,0.0027204676739953806,0.2149401820675798
Test_128,0.024033370394883475,0.12893200072945316,0.7837947943324344,0.06323983454322922
Test_129,0.5627748351896973,0.06413630180587153,0.1044350717433702,0.2686537912610615
Test_130,0.03554171289044359,0.1674891750201472,0.03010920355776493,0.7668599085316447
Test_131,0.0014819229207095103,0.0006909542047101896,0.0008024597653036658,0.9970246631092767
Test_132,0.8947432052172427,0.016388454090975085,0.06611511140947948,0.022753229282302858
Test_133,0.0030094111099062916,0.0269064520033082,0.009664615629119674,0.960419521257666
Test_134,0.08704901785415611,0.07792141531254375,0.11957892781972831,0.7154506390135719
Test_135,0.479149703173437,0.06792048577937498,0.11176056071231254,0.34116925033487583
Test_136,0.06176460409439234,0.014421402986362871,0.31902991612759635,0.6047840767916483
Test_137,0.00013894638837524433,0.18020352468899334,0.8155638092684165,0.0040937196542149955
Test_138,0.01885846301212442,0.016018892338139967,0.9620175827282539,0.003105061921482017
Test_139,0.8530738215071388,0.010429077002952925,0.07537666878402631,0.06112043270588214
Test_140,0.5302055860996417,0.020415167110656846,0.30353595308018194,0.14584329370951984
Test_141,0.48237003512628174,0.02794944275779501,0.18475413052446693,0.3049263915914563
Test_142,0.09573113758316405,0.2608216360234232,0.01572792919357743,0.6277192971998353
Test_143,0.5892078620788177,0.08920861909008186,0.1632514944196168,0.1583320244114836
Test_144,0.9160294216101591,0.014342944189263232,0.05848169742354038,0.011145936777037407
Test_145,0.4962564184375372,0.06950687044821346,0.20469170853972835,0.22954500257452082
Test_146,0.006483588127926935,0.014416154934687732,0.9756238601277053,0.003476396809679898
Test_147,0.10247975168333419,0.043124249907571306,0.617211567409971,0.2371844309991238
Test_148,0.4228393081969519,0.2141700339419292,0.2921590333239585,0.07083162453716021
Test_149,0.6675343446119857,0.010588422440758503,0.2792575246039363,0.04261970834331929
Test_150,0.16485082349301283,0.077755331617793,0.30454248928693245,0.4528513556022617
Test_151,0.0037565517412755985,0.012896094923253248,0.9815696163306175,0.0017777370048538575
Test_152,0.09267192099412233,0.13135582143516708,0.35970745719527003,0.4162648003754404
Test_153,0.2775478221195529,0.07387625569038474,0.2176054154586626,0.4309705067313997
Test_154,0.10491672702297747,0.033664120598479466,0.666787313053655,0.1946318393248879
Test_155,0.0018520152054614242,0.07599962053027355,0.8803537487348354,0.04179461552942946
Test_156,0.47867757870005306,0.06303223755919704,0.07761141439986882,0.38067876934088063
Test_157,0.8082400153844599,0.0071570531186010864,0.05618173127749213,0.1284212002194469
Test_158,0.005051903454294908,0.00668214984837645,0.0006415676169232916,0.9876243790804055
Test_159,0.268212986179649,0.04225155843584787,0.34851310377602474,0.34102235160847827
Test_160,0.8673634316266218,0.016244805216656378,0.042622202195400145,0.073769560961322
Test_161,0.08157335149149314,0.02442139938652409,0.7651757661376913,0.12882948298429134
Test_162,0.28592965927919034,0.13866895530404397,0.5578678869153197,0.017533498501445848
Test_163,0.14810916014219397,0.1596441687400269,0.219971860784974,0.47227481033280494
Test_164,0.4224826813525587,0.08746814309563335,0.2581262327418331,0.23192294280997455
Test_165,0.012055292212958545,0.020637533458837173,0.017656302674335596,0.9496508716538689
Test_166,0.6944925305375966,0.014902470075154871,0.14148837868044786,0.1491166207068003
Test_167,0.3406838403177544,0.023949145747814593,0.5377768599662435,0.09759015396818767
Test_168,0.03529887212879085,0.1285127734666731,0.751666569428647,0.08452178497588923
Test_169,0.6567893457514707,0.034628012325331546,0.022145630960531317,0.2864370109626663
Test_170,0.03206626297352027,0.029943862208773313,0.3209713728703335,0.6170185019473728
Test_171,0.02607696534446724,0.03545819218721429,0.8179536282416331,0.12051121422668541
Test_172,0.01679114695059858,0.1145299871311071,0.8527131654197093,0.015965700498584975
Test_173,0.0067694650625324424,0.028333888584276976,0.9613795254686378,0.0035171208845528215
Test_174,0.2932016831793712,0.025286983190778937,0.14947613432262627,0.5320351993072234
Test_175,0.5366664582245686,0.0692941020888957,0.08225392562315822,0.31178551406337757
Test_176,0.07166930662461524,0.04042167689192614,0.8688687741950541,0.019040242288404577
Test_177,0.015158401093587948,0.0038576249651037006,0.0017513750852726929,0.9792325988560354
Test_178,0.17578624537631068,0.02849147054294168,0.006916094444439094,0.7888061896363087
Test_179,0.05659454482032694,0.03476091037913314,0.8946326178503846,0.01401192695015563
Test_180,0.07559269758421733,0.046318857082784506,0.08314769026072413,0.7949407550722738
Test_181,0.0014761040418137636,0.017592530006109396,0.007007613044961817,0.9739237529071151
Test_182,0.16171413882465915,0.17987543005617596,0.48494889502533167,0.17346153609383316
Test_183,0.9864204404515642,0.0010793681711660143,0.006751104337954012,0.00574908703931587
Test_184,0.3330159505066917,0.10686750509626339,0.24863021972525384,0.31148632467179077
Test_185,0.3400466170927534,0.17474341634742982,0.11288668342819294,0.37232328313162383
Test_186,0.05489194664533226,0.0726590420044876,0.05076604340160241,0.8216829679485776
Test_187,0.015624178095737077,0.04518115464802357,0.8682022340749456,0.07099243318129372
Test_188,0.035789722000596755,0.02103071769871402,0.9291893460447307,0.01399021425595859
Test_189,0.3927981730041118,0.04799053605448829,0.27703796248569507,0.2821733284557044
Test_190,0.6584595569295897,0.02008183664485158,0.2117076962627929,0.10975091016276578
Test_191,0.004995472007872734,0.5132553556065298,0.4343794297851549,0.047369742600442806
Test_192,0.26099255653593845,0.010925494307998383,0.7166102735881417,0.011471675567921436
Test_193,0.007529615797054746,0.035158539281735124,0.8528111495030106,0.10450069541819901
Test_194,0.0056304118790601555,0.08301518300576996,0.8896295451529139,0.02172485996225581
Test_195,0.4090719379343777,0.05508606408662471,0.40123057771736237,0.13461142026163536
Test_196,0.4469047891013428,0.056843920243530376,0.09808904564690249,0.39816224500822417
Test_197,0.017615376505520617,0.012484895608968066,0.956725579193488,0.013174148692023324
Test_198,0.5008217832515819,0.059869137478286365,0.23829567591298603,0.20101340335714585
Test_199,0.17705445801843944,0.021331308160022686,0.6421250542891362,0.15948917953240174
Test_200,0.0033372497752903922,0.030542770390282758,0.9493073266710841,0.016812653163342687
Test_201,0.0044025106564874635,0.003941510418456288,0.05439186961158315,0.9372641093134731
Test_202,0.028855970826698926,0.10060586401371034,0.8413190095835802,0.029219155576010725
Test_203,0.05879131123522169,0.16537506070631214,0.3568684874787034,0.4189651405797624
Test_204,0.1927321908171144,0.037016899006483465,0.12969545379943864,0.6405554563769638
Test_205,0.010481020492912314,0.008976682711895539,0.0020952586645239775,0.9784470381306684
Test_206,0.010351015386404214,0.054747996356355265,0.0036207975702708386,0.9312801906869697
Test_207,0.09589758465079641,0.12788721853667984,0.41272122066024414,0.36349397615227963
Test_208,0.924300805092253,0.01190579104868643,0.044247342461831506,0.019546061397228694
Test_209,0.17496514769033114,0.042034766971618114,0.7292778825609098,0.05372220277714084
Test_210,0.035925139075941505,0.027491303305865758,0.6613315584895396,0.2752519991286535
Test_211,0.001178559753738141,0.6406128405237673,0.34499339715355853,0.01321520256893645
Test_212,0.0941297798220017,0.008614691187665408,0.8934496801573488,0.0038058488329842854
Test_213,0.04767878766036429,0.19892508792472308,0.03824124838124928,0.7151548760336636
Test_214,0.04352209378365515,0.06649685562746896,0.6751812568359011,0.21479979375297417
Test_215,0.2947528017129395,0.09443988823949048,0.05393248109366611,0.5568748289539038
Test_216,0.9376430848671767,0.010487661321078565,0.04682268013800896,0.005046573673735881
Test_217,0.0774318776215735,0.0969697284146742,0.07771343081756873,0.7478849631461834
Test_218,0.9248394297983444,0.01384267204811358,0.036096647471441944,0.025221250682100026
Test_219,0.4721180262303317,0.025831011156039623,0.45535187861196186,0.046699084001666724
Test_220,4.8824705723013115e-05,0.0073038177676526496,0.001658435200885308,0.9909889223257391
Test_221,0.38423523959497513,0.04033118264219002,0.06977389601549003,0.505659681747345
Test_222,0.3408335827684603,0.04817432428196869,0.5798770382926421,0.031115054656928775
Test_223,0.05607539523541266,0.06575626531301766,0.7527113521509622,0.12545698730060745
Test_224,0.6621766812015415,0.013560524262473726,0.16614916023177898,0.15811363430420597
Test_225,0.850155048645116,0.007224794813710032,0.13988437298994072,0.0027357835512334876
Test_226,0.046470687207657714,0.28877118543965274,0.36648373822116753,0.2982743891315221
Test_227,0.0022952344300040915,0.022358775306471967,0.1989820714552741,0.77636391880825
Test_228,0.06390364325878234,0.0030578011184557623,0.9322106970039064,0.0008278586188553851
Test_229,0.17133039815555984,0.1607637613648374,0.4778062111350537,0.1900996293445489
Test_230,0.3995013080251325,0.016148665623589645,0.4666535630919575,0.11769646325931998
Test_231,0.0074407355707777996,0.01812432556362205,0.019863815675689657,0.9545711231899106
Test_232,0.7802948536023859,0.010598692185930259,0.15262466321209822,0.05648179099958561
Test_233,0.672959828677266,0.004401880654799444,0.07169573668837549,0.25094255397955895
Test_234,0.15137608036097086,0.08122518484279953,0.18750679540444654,0.5798919393917832
Test_235,0.05387109169700546,0.061724664133533134,0.10445009546264773,0.7799541487068135
Test_236,0.20459872623166367,0.06432064357623012,0.31025278742559276,0.4208278427665137
Test_237,0.4158619134327148,0.06982719966415508,0.14000328914662596,0.374307597756504
Test_238,0.12280936754528049,0.038416701144990156,0.7834642430204677,0.055309688289262054
Test_239,0.003620681028299609,0.2368226417797384,0.7274429441927185,0.03211373299924341
Test_240,0.005555944059554094,0.2121929725675458,0.7433721331594257,0.03887895021347419
Test_241,0.07929523186763052,0.078109525044851,0.6623082979692422,0.18028694511827648
Test_242,0.7068273907060711,0.03409578635537503,0.09577550614893719,0.1633013167896166
Test_243,0.7174365729598269,0.02255971190284201,0.2248960626712469,0.03510765246608428
Test_244,0.8625310507383045,0.05846965955357551,0.036280720599295976,0.0427185691088239
Test_245,0.14880319903553493,0.03363287571570284,0.14268438079138204,0.6748795444573804
Test_246,0.008738333001633573,0.1787738911493103,0.18571593688330226,0.6267718389657538
Test_247,0.00013590103161929736,0.019286844410758872,0.002812112259436246,0.9777651422981857
Test_248,0.6788889809992443,0.06064718498503606,0.0383567900832617,0.22210704393245817
Test_249,0.00407978353212066,0.03803232875445504,0.9421333025908333,0.01575458512259093
Test_250,0.9116506639376217,0.004513865173089196,0.07502513446438715,0.008810336424901944
Test_251,0.2985092370356963,0.010056301717300892,0.0058187594747612995,0.6856157017722414
Test_252,0.6627582590822878,0.03938127707572339,0.14541560694480443,0.15244485689718404
Test_253,0.022390708554236628,0.040416124922791424,0.061047090876033196,0.8761460756469387
Test_254,0.03231154922690227,0.021896118971247665,0.18886754263419087,0.7569247891676595
Test_255,0.05747109152656876,0.022311818164283626,0.0203091205484309,0.8999079697607167
Test_256,0.004552307554650749,0.009408966913974564,0.003003414285698417,0.9830353112456763
Test_257,0.024050372417257715,0.023650938225291025,0.9418363877792424,0.010462301578208965
Test_258,0.01442800868298319,0.346817183824655,0.5546631585712315,0.08409164892113039
Test_259,0.3557796246561543,0.1016758177685629,0.20844596900662649,0.33409858856865615
Test_260,0.13945599093514677,0.01334885850902509,0.008872198846008489,0.8383229517098193
Test_261,0.005072774959769368,0.029650717088245876,0.7194329168710419,0.24584359108094284
Test_262,0.012409407405401477,0.10356882404207336,0.3650235575479431,0.518998211004582
Test_263,0.611287654177169,0.04013528572111221,0.09300621977297448,0.2555708403287443
Test_264,0.42466822965750606,0.034510925896341665,0.4595830320222067,0.08123781242394598
Test_265,0.7232484012013844,0.01677636538808048,0.16809191380348124,0.09188331960705415
Test_266,0.0011730537761025933,0.009863401417519813,0.01042525659896213,0.9785382882074156
Test_267,0.9591836786879502,0.007530579616509164,0.016502312545128774,0.016783429150411776
Test_268,0.00045036404737292993,0.6740752213586301,0.3081902346959074,0.017284179898089638
Test_269,0.7101890095700132,0.006414460174584757,0.2335735072114813,0.04982302304392099
Test_270,0.3520626146472597,0.045131882423114535,0.02899931591923751,0.5738061870103883
Test_271,0.19814222093967468,0.028169840576639116,0.16411959058473372,0.6095683478989525
Test_272,0.11200595728019543,0.05382973560367625,0.22815651161252104,0.6060077955036076
Test_273,0.8070555726098326,0.014586583023697502,0.027941931910739265,0.15041591245573058
Test_274,0.1940890035092426,0.0437476016475089,0.704569197564284,0.057594197278964226
Test_275,0.37584595927519887,0.05184158961480881,0.38759688276861637,0.18471556834137615
Test_276,0.019683844705015587,0.015149470222235171,0.012255911734737494,0.9529107733380116
Test_277,0.7377596985294449,0.027214414014824675,0.14316234232297226,0.09186354513275818
Test_278,0.009346162787215688,0.022545096319635805,0.00812461296082813,0.9599841279323201
Test_279,0.06546624334710882,0.06459481473869294,0.8581623154694148,0.011776626444783328
Test_280,0.23270754010209224,0.02978246278303587,0.021012694765646604,0.7164973023492256
Test_281,0.02609280716255715,0.05249964108304841,0.2653543817756445,0.65605316997875
Test_282,0.013356520698187876,0.8200798364579489,0.05582006760192761,0.11074357524193539
Test_283,0.13064671036540784,0.12857881557785192,0.08704695231091604,0.653727521745824
Test_284,0.46571973105316566,0.0905762608140642,0.09775711061572671,0.34594689751704344
Test_285,0.6795082532963818,0.018035615668843822,0.11047993161110503,0.19197619942366917
Test_286,0.41200772053523055,0.024520267123270267,0.22852949924963267,0.3349425130918667
Test_287,0.8741391590325679,0.0019020190408451372,0.007490716035405511,0.11646810589118152
Test_288,0.009542132946884541,0.017634016789219848,0.005730687817197815,0.9670931624466977
Test_289,0.023034372237496856,0.03382455814890821,0.02120931616387696,0.9219317534497181
Test_290,0.004185945255455067,0.009562981437257808,0.8795106510752827,0.10674042223200433
Test_291,0.09679898723294854,0.013340693096906699,0.8703961049100822,0.019464214760062635
Test_292,0.8315546261005271,0.015577067237701078,0.03401280750977586,0.11885549915199607
Test_293,0.003143918259489268,0.16532804418704883,0.8092553505670118,0.02227268698644996
Test_294,0.14103447105548186,0.044698177213288344,0.626867733809692,0.18739961792153778
Test_295,0.6261001588840175,0.02553579678217118,0.27130122841600546,0.07706281591780577
Test_296,0.1571933131530788,0.07526545235605381,0.7163814105920169,0.051159823898850654
Test_297,0.0002936712870250123,0.1644077864690718,0.008340287930840597,0.8269582543130628
Test_298,0.010931692463682703,0.10131211896377619,0.7486249971169355,0.13913119145560549
Test_299,0.05405552635331457,0.1335942329108935,0.11096714726701039,0.7013830934687814
Test_300,0.8623267988115844,0.006947051681147047,0.011546606157030223,0.11917954335023846
Test_301,0.18675577555621029,0.18025354409679367,0.2973968330665699,0.3355938472804261
Test_302,0.002695858525861016,0.4766661071243458,0.06964615285211845,0.4509918814976747
Test_303,0.9326267411150712,0.01285387774884769,0.013283825195686362,0.04123555594039495
Test_304,0.9077246992909515,0.04906208139279178,0.013901590377473525,0.029311628938783307
Test_305,0.5710960069180171,0.041794066435064996,0.03497754110538265,0.35213238554153553
Test_306,0.012852576635796451,0.3457520513828408,0.38372154607879794,0.2576738259025647
Test_307,0.5759226662707309,0.017541512270741494,0.3885635023961783,0.017972319062349248
Test_308,0.37786710301383,0.010012291788169298,0.4821363941526409,0.12998421104535982
Test_309,0.07763874818297475,0.08637553114792688,0.6950295911932912,0.140956129475807
Test_310,0.11396060125662563,0.13216968536447185,0.5241204355188944,0.22974927786000804
Test_311,0.22576943607681912,0.039202234928621585,0.6579845681325084,0.07704376086205084
Test_312,0.0062259707385242365,0.0036707966984028976,0.0026403236215871415,0.9874629089414855
Test_313,0.01023592640951799,0.015434054675418956,0.03475659978978105,0.9395734191252819
Test_314,0.26119666013386855,0.05800704976041107,0.06533217556981327,0.6154641145359073
Test_315,0.210928206789583,0.002291441664107963,0.0011497026756479446,0.7856306488706614
Test_316,0.5375357918484073,0.025674994349666264,0.3178484260375606,0.1189407877643659
Test_317,0.016137479141155243,0.011672767392294272,0.9017557877305498,0.07043396573600073
Test_318,0.04726849444610799,0.3406769881022604,0.09954950952765859,0.5125050079239727
Test_319,0.00498173496946499,0.1213443436505521,0.8582544386850748,0.015419482694908372
Test_320,0.019064037741910376,0.024518855785739636,0.8851385297706916,0.07127857670165828
Test_321,0.21003762368113402,0.15270568744750593,0.19263530565826614,0.4446213832130938
Test_322,0.9556716072115115,0.007639129385482665,0.020692990202277523,0.01599627320072846
Test_323,0.32028279094223333,0.023335108162625528,0.1398134877845819,0.5165686131105595
Test_324,0.48492958415051873,0.05934222615378349,0.37339491090801075,0.08233327878768693
Test_325,0.0040843173580855,0.003695209429457879,0.05240280659191866,0.9398176666205378
Test_326,0.2731404416700701,0.015400983173364356,0.6867767744766201,0.024681800679945468
Test_327,0.36264880363154206,0.020856554271919864,0.008075574821742901,0.6084190672747956
Test_328,0.07899791256275243,0.040616463286791214,0.6064188717732486,0.27396675237720797
Test_329,0.4439876987603841,0.025332600985614642,0.16266159328660645,0.3680181069673948
Test_330,0.0009189004266076045,0.05390616605716019,0.8997602970379034,0.045414636478328455
Test_331,0.47453165271520753,0.038195439046569926,0.051526266533492134,0.43574664170473054
Test_332,0.7690575424327158,0.0855119819477368,0.08131289862389414,0.06411757699565312
Test_333,0.5555908310224783,0.014456495143993052,0.3742223816591747,0.055730292174353935
Test_334,4.160032398556275e-05,0.002673570226702551,0.9966815173201041,0.0006033121292078314
Test_335,0.2461372820238602,0.12586927880089246,0.5043661797941386,0.12362725938110891
Test_336,0.9307299227697534,0.012817589335557997,0.026779435941441308,0.02967305195324724
Test_337,0.14975722482069861,0.07122675969016004,0.050886142193197315,0.7281298732959437
Test_338,0.8715836189291675,0.005886268838125221,0.07789295520633423,0.044637157026373206
Test_339,0.19953473770020103,0.19211062123543873,0.34317944957268814,0.2651751914916721
Test_340,0.022649537830729514,0.014006112058268962,0.8955668533339433,0.06777749677705859
Test_341,0.40259597973286987,0.085344461905183,0.31164748112032725,0.20041207724161997
Test_342,0.9781633455399388,0.0029529511464483986,0.007647745678446517,0.011235957635166428
Test_343,0.8598591627875584,0.014573276125358161,0.051339366738437045,0.07422819434864639
Test_344,0.0842661448289806,0.12463269022379167,0.7656070263839211,0.025494138563306505
Test_345,0.3319393739428991,0.027531118150597583,0.5719401305168732,0.06858937738962984
Test_346,0.07134252676462503,0.044836197325577705,0.6677261434724061,0.21609513243739134
Test_347,0.27360095579639376,0.01704547773224921,0.5738296077304552,0.13552395874090167
Test_348,0.021991165181925107,0.012143555618040775,0.016203344926324987,0.9496619342737093
Test_349,0.49317084040010767,0.046851071686123985,0.3760475065428931,0.08393058137087518
Test_350,0.001387908267170464,0.41689919213146226,0.07590213878073941,0.5058107608206281
Test_351,0.0008276477295736693,0.12667164616376056,0.8686231293107536,0.00387757679591191
Test_352,0.0738233230304746,0.006888464710068578,0.028602516795754283,0.8906856954637024
Test_353,0.7770214817345624,0.017853189857411005,0.04798001400769342,0.1571453144003328
Test_354,0.3607527350195663,0.12524482338905799,0.451548243372809,0.06245419821856656
Test_355,0.7102585985534935,0.020501987653599278,0.1141261179486391,0.15511329584426842
Test_356,0.8974938177129924,0.014467692752565885,0.056725740803582426,0.0313127487308595
Test_357,0.8882198968414435,0.021208934446845743,0.057013284112609454,0.033557884599101216
Test_358,0.6366057458019101,0.11513330432575263,0.1997825302581552,0.048478419614181895
Test_359,0.0031913920198411304,0.0034165116711396427,0.005996377807866935,0.9873957185011525
Test_360,0.34026289290371087,0.1323143166625894,0.28008365695588155,0.2473391334778181
Test_361,0.6735551042937601,0.020505127860148815,0.03025353017044247,0.27568623767564865
Test_362,0.9168511258081404,0.006911806789785022,0.03856932955898209,0.0376677378430925
Test_363,0.09265580735154906,0.11882142317861256,0.5454240063183244,0.24309876315151405
Test_364,0.005428643002942277,0.010489140933258857,0.9822534936934828,0.0018287223703159858
Test_365,0.5443533318834215,0.017543696967702638,0.387264126489867,0.05083884465900887
Test_366,0.04474041268043179,0.009549308753991624,0.9311838155477912,0.01452646301778552
Test_367,0.009586868043655173,0.013278923351523534,0.0722134305887965,0.9049207780160247
Test_368,0.38354442420836815,0.04031722766943661,0.25636229502246755,0.3197760530997276
Test_369,0.00028249525570509334,0.0027455873084749663,0.007351599940432165,0.9896203174953877
Test_370,0.11131989638510734,0.048189750666986775,0.7786682102173457,0.0618221427305602
Test_371,0.001986621437798804,0.005192567921336304,0.9788245674829031,0.013996243157961599
Test_372,0.03215336142882566,0.2508288435870248,0.0509310095186684,0.6660867854654812
Test_373,0.014339310007889135,0.0802916041919767,0.6270090007920601,0.2783600850080738
Test_374,0.38968154173314484,0.07652161381618332,0.30716319118636976,0.22663365326430215
Test_375,0.044031734751267544,0.034657446107604926,0.016759907299255677,0.9045509118418718
Test_376,0.5527719194590519,0.009675009984226187,0.2584925343814863,0.1790605361752358
Test_377,0.24336196179873637,0.038690262100214555,0.23157265900276025,0.4863751170982891
Test_378,0.1944860731195345,0.04353634276529366,0.6780848170342996,0.0838927670808725
Test_379,0.4849435879709483,0.021258561858084817,0.08704356662449049,0.40675428354647625
Test_380,0.00434182346029087,0.015722682540003682,0.009433342669500907,0.9705021513302045
Test_381,0.27210179494989783,0.02309941991407552,0.015366828041737782,0.6894319570942885
Test_382,0.13700677759310223,0.08068243248909034,0.029534372776595704,0.7527764171412119
Test_383,0.6636072912774231,0.03816019156401223,0.19388807382058157,0.10434444333798301
Test_384,0.049536187968497625,0.00213057177879871,0.9078327597263705,0.04050048052633304
Test_385,0.15657346076962292,0.005987703356705642,0.021329502233497756,0.8161093336401737
Test_386,0.012880355299802543,0.10431618063198383,0.7528241895673479,0.1299792745008656
Test_387,0.2234567017479752,0.039345772704607915,0.20174938165934123,0.5354481438880758
Test_388,0.7837076223750885,0.011800595160552428,0.0912705552588772,0.113221227205482
Test_389,0.6865747367352673,0.012202513946463383,0.25538937355608593,0.04583337576218371
Test_390,0.20095518067141793,0.017653954698956097,0.01994845134219396,0.7614424132874321
Test_391,0.3328996866703153,0.09152894934251374,0.18882932145205894,0.38674204253511196
Test_392,0.007640791230195496,0.009324182757403418,0.9766762732066797,0.006358752805721348
Test_393,0.008032892875836856,0.00026174831962943546,0.0005268174386056967,0.991178541365928
Test_394,0.3841469245233735,0.018331933717235134,0.21466781303291071,0.38285332872648076
Test_395,0.00344145416174873,0.13891151597944051,0.8529084378990617,0.004738591959748943
Test_396,0.05393947688533988,0.036488016503379475,0.07185401488741337,0.8377184917238674
Test_397,0.013056590859822918,0.12478565906519791,0.0212819430390917,0.8408758070358873
Test_398,0.002587257456956601,0.23559781740289867,0.7174952307200828,0.04431969442006172
Test_399,0.3210878708630199,0.04340682157083048,0.3948090306537959,0.2406962769123538
Test_400,0.0015034421210501127,0.03558434927852855,0.9548690712531419,0.008043137347279464
Test_401,0.03908532925498799,0.03319857313238168,0.897420643520117,0.030295454092513652
Test_402,0.01373411409418315,0.04721866217792471,0.02787736251581725,0.9111698612120747
Test_403,0.02118085489923771,0.12591271878277915,0.8225813219759935,0.030325104341989404
Test_404,0.19686315035473703,0.024601300251561164,0.6482432065809888,0.13029234281271282
Test_405,0.015672055675305507,0.03116492000317389,0.002648449503196069,0.9505145748183248
Test_406,0.0017044868831939109,0.010840006514876564,0.002674286183003685,0.9847812204189258
Test_407,0.0010363763399348842,0.006489687767084114,0.0006121295093950121,0.991861806383586
Test_408,0.3196538598996307,0.2892048580305796,0.053274169909647576,0.33786711216014215
Test_409,0.1716207567289721,0.031581365628579036,0.39737767177007494,0.39942020587237415
Test_410,0.011285689679063259,0.005701771180244587,0.010327365768554628,0.9726851733721377
Test_411,0.9378312716494319,0.002772765138187184,0.002190594805722618,0.05720536840665813
Test_412,0.04330575617394856,0.26184248334782567,0.6413669943798636,0.05348476609836202
Test_413,0.3230458483116933,0.02060771981150696,0.5052781552379252,0.15106827663887476
Test_414,0.00700360369175576,0.024260642485504122,0.948588280912389,0.02014747291035129
Test_415,0.186500591362283,0.04254340528364053,0.6612427690696012,0.10971323428447524
Test_416,0.019526690258332115,0.043964008951950594,0.18880004741659556,0.7477092533731219
Test_417,0.11742932128861942,0.051250885014039876,0.7458960140755554,0.0854237796217852
Test_418,0.08021822276768995,0.04644352223940203,0.847395146574823,0.02594310841808519
Test_419,0.7316426742993143,0.009941932782313862,0.13705372347064426,0.12136166944772778
Test_420,0.06795881158903222,0.21894161395371295,0.6688011432883201,0.04429843116893469
Test_421,0.00650083393795874,0.006057268299277373,0.015357156321348564,0.9720847414414154
Test_422,0.47138193166603076,0.2623236627623216,0.04079088624243053,0.22550351932921717
Test_423,0.660381793696118,0.014784920897543383,0.17231857864764408,0.1525147067586945
Test_424,0.032619909934237405,0.054407572247163756,0.8189182113192923,0.09405430649930681
Test_425,0.6171949842596336,0.018546716360576202,0.04761250893480372,0.3166457904449866
Test_426,0.11485418796684999,0.002511384126459821,0.879208558710283,0.0034258691964070874
Test_427,0.0036520836269816575,0.006073335746205689,0.006256882991482154,0.9840176976353305
Test_428,0.027184566860562764,0.03843473264392573,0.029598885861051596,0.9047818146344597
Test_429,0.017876850520057195,0.06749687435610634,0.7569970133275113,0.15762926179632542
Test_430,0.7156322275605947,0.10409512567788443,0.13750718739539483,0.04276545936612623
Test_431,0.6988875262444588,0.01208950403064056,0.09036646702692698,0.19865650269797372
Test_432,0.012329045269849239,0.07906929114241065,0.03150257132603506,0.8770990922617049
Test_433,0.016785733486273127,0.024331577141951763,0.017261476099342882,0.9416212132724323
Test_434,0.5561400701362563,0.027891516944925993,0.11676506941518697,0.2992033435036308
Test_435,0.14641959498985474,0.03863361925316498,0.2814840379740091,0.5334627477829711
Test_436,0.1224340885035302,0.16670978769131645,0.01906032337262148,0.6917958004325322
Test_437,0.4865733443735276,0.05038170907288192,0.3511272580611141,0.1119176884924768
Test_438,0.0622602849545314,0.08470536223788583,0.4917953382653712,0.36123901454221113
Test_439,0.06419583651238284,0.07647815122584468,0.8027091390802754,0.05661687318149646
Test_440,0.0010583706994733693,0.2278645629537191,0.7525803352024013,0.018496731144406055
Test_441,0.6658756039770861,0.023215291533071232,0.22038701272402028,0.09052209176582253
Test_442,0.004553508646134297,0.004587184004326192,0.9886682171920665,0.0021910901574727104
Test_443,0.007816158916328373,0.14363310790998318,0.07941834366130529,0.7691323895123837
Test_444,0.9728039049435265,0.0104410927301617,0.0028326885572581427,0.013922313769053474
Test_445,0.025137616370718666,0.03357199644969407,0.5206211907238073,0.42066919645578005
Test_446,0.013838338993611005,0.166063869336467,0.46206101386800796,0.358036777801914
Test_447,0.07881493345121274,0.057902531464636406,0.8091352109176267,0.0541473241665241
Test_448,0.03211213218134449,0.15356401942734355,0.7772443371333111,0.03707951125800094
Test_449,0.1491221883986078,0.08057753449714644,0.07583984015757698,0.6944604369466688
Test_450,0.12079737727869455,0.011799881212079241,0.8653225128623739,0.002080228646852182
