image_id,healthy,multiple_diseases,rust,scab
Test_0,0.03807451264591234,0.15040729510090461,0.7350252377252887,0.07649295452789472
Test_1,0.17239641624445257,0.16866211433190575,0.5375199856923678,0.12142148373127386
Test_2,0.08950225972462368,0.012799195025650908,0.013095824663086241,0.8846027205866394
Test_3,0.5507794485210454,0.007364648546171101,0.3950430409602263,0.04681286197255714
Test_4,0.0185441826279928,0.02910661108284558,0.9229502967983864,0.029398909490775248
Test_5,0.8766240595721532,0.019605777067260667,0.05320728975725246,0.0505628736033337
Test_6,0.49771001381057967,0.029423278250725816,0.08116796775255841,0.39169874018613615
Test_7,0.009078730423101762,0.03471490930689142,0.015062548505333562,0.9411438117646735
Test_8,0.0898203631094531,0.2530660965462229,0.06897785517621119,0.5881356851681131
Test_9,0.06313727787322262,0.00873035878711015,0.8975426209984892,0.03058974234117763
Test_10,0.04088911995387896,0.07698281637403172,0.7451554805232418,0.1369725831488475
Test_11,0.6917591143390243,0.02232843317475612,0.2615219612998459,0.024390491186373497
Test_12,0.10539141495541936,0.06912610821172878,0.09977959588349199,0.7257028809493599
Test_13,0.8210514258124224,0.032434884109270395,0.05799426067399214,0.08851942940431531
Test_14,0.02815726501001391,0.02943255197698928,0.8714994831459195,0.0709106998670772
Test_15,0.13397383633524604,0.11079517082129389,0.36830837334564065,0.38692261949781936
Test_16,0.7587368665845015,0.007692538792600397,0.1648539588422654,0.06871663578063274
Test_17,0.05344985183219912,0.5233528718958044,0.21788954943675043,0.20530772683524634
Test_18,0.2988820630575834,0.03350312448461965,0.19309874370040087,0.474516068757396
Test_19,0.020259914435913226,0.24169758508506178,0.5784263403812219,0.15961616009780322
Test_20,0.5038958366115005,0.009697739292459484,0.08658529951890925,0.3998211245771307
Test_21,0.8174304251909702,0.002992456497607082,0.031038652318849815,0.14853846599257287
Test_22,0.04846616780011107,0.08712487134023066,0.7639178040547544,0.1004911568049038
Test_23,0.04017499449975856,0.020116352918326946,0.3886071119486028,0.5511015406333118
Test_24,0.5543192749229422,0.038810759217652625,0.2846852602035098,0.12218470565589519
Test_25,0.7118873627193786,0.019750481540686038,0.08839712236777592,0.1799650333721596
Test_26,0.09849471565018672,0.12345696326377109,0.20717043330057333,0.5708778877854689
Test_27,0.020974995845198952,0.10456388563421629,0.7904312887829786,0.08402982973760623
Test_28,0.914836799142893,0.008445045881533093,0.021644924514380933,0.05507323046119326
Test_29,0.07489770074969765,0.5032628768653842,0.13820462949182385,0.2836347928930946
Test_30,0.8545796955477392,0.020497127708287394,0.05912228725711238,0.06580088948686103
Test_31,0.007166779717830999,0.4008849826777532,0.32313857419108644,0.26880966341332907
Test_32,0.27950102968662793,0.008950664427367621,0.6687023186558474,0.04284598723015711
Test_33,0.02534851298124285,0.03053530161576664,0.005725637166623727,0.9383905482363666
Test_34,0.11650136339667251,0.009484554822224465,0.20908326671329142,0.6649308150678115
Test_35,0.017549617754469234,0.07601600407238575,0.07522503602663466,0.8312093421465104
Test_36,0.03137627468228032,0.060137838789986214,0.8750981030733074,0.033387783454425966
Test_37,0.22691707535342046,0.13825573614755068,0.033933789495936686,0.6008933990030921
Test_38,0.09738571977099736,0.07975633297894069,0.013554670727014401,0.8093032765230478
Test_39,0.012486466223864514,0.03082578917344533,0.8874652577836705,0.06922248681901956
Test_40,0.18206449502560104,0.09936595636582132,0.23345754542808947,0.4851120031804882
Test_41,0.25287533397289474,0.13592354286364675,0.5552164054535962,0.05598471770986216
Test_42,0.019215802581630078,0.06822172174220706,0.01837338517009779,0.894189090506065
Test_43,0.6358634210258957,0.011501757327523808,0.3456644024672524,0.006970419179328053
Test_44,0.18663673242069953,0.10811907432892763,0.053438427031210836,0.651805766219162
Test_45,0.04223902258976604,0.14574743090293865,0.20362883880699834,0.6083847077002966
Test_46,0.24757460935899586,0.25129016267275006,0.1216688251054675,0.37946640286278654
Test_47,0.01118046354611382,0.04036160900240514,0.9306684970138026,0.017789430437678513
Test_48,0.06881316028395458,0.09088708045408077,0.7773912849628242,0.06290847429914045
Test_49,0.054590568984395856,0.04436097181497593,0.8159915618657807,0.08505689733484731
Test_50,0.00837137771919919,0.1373785811316232,0.8267558679587494,0.027494173190428132
Test_51,0.29870528942716995,0.055067586711696745,0.46333976944289545,0.18288735441823806
Test_52,0.06465442770540651,0.027270590450550938,0.7648427677040222,0.14323221414002027
Test_53,0.07742643154192268,0.09623540321114651,0.7773518476963683,0.048986317550562285
Test_54,0.5471144948784089,0.11994336139259665,0.20602151540280478,0.12692062832619014
Test_55,0.1265536323919573,0.028055645305063014,0.4184433118766569,0.4269474104263228
Test_56,0.1196956856181513,0.07193717581091041,0.3359023092465917,0.47246482932434686
Test_57,0.18869264558856302,0.009669484472029763,0.049891053156755606,0.7517468167826512
Test_58,0.08353617421318556,0.05113752639792191,0.044045356715465896,0.821280942673427
Test_59,0.04042109517609734,0.10283938257057303,0.7825068783161818,0.07423264393714785
Test_60,0.08687351810997532,0.051773811550369815,0.04503624425748518,0.8163164260821695
Test_61,0.49903240239334845,0.05638570004281987,0.12899844294971427,0.31558345461411713
Test_62,0.11584598786909986,0.07959308504248262,0.5349949897141189,0.2695659373742985
Test_63,0.14532278506817226,0.016799909469052316,0.027896801083556622,0.809980504379219
Test_64,0.22784525268543535,0.07505874889777998,0.3364352504166786,0.36066074800010606
Test_65,0.05125648196251291,0.11301247791371896,0.3196316045669515,0.5160994355568165
Test_66,0.8974411722235681,0.023220518317041586,0.0438974059456504,0.035440903513740074
Test_67,0.19665284239923655,0.08764823004164457,0.34386153205629655,0.37183739550282213
Test_68,0.026112116353080854,0.11898862608526024,0.7465436620679141,0.10835559549374507
Test_69,0.019230542453637128,0.1254876616271467,0.4245656915655955,0.43071610435362045
Test_70,0.0675310836867908,0.052203431221180784,0.015420950274539524,0.8648445348174892
Test_71,0.027894582539959443,0.03800125810370368,0.9184592114473101,0.015644947909026485
Test_72,0.14635810297378432,0.04744972497222802,0.36993086481968174,0.43626130723430606
Test_73,0.5705927689069061,0.03796458091143252,0.2152837681187884,0.17615888206287308
Test_74,0.864260163898048,0.028082155330718707,0.03672047525617758,0.07093720551505565
Test_75,0.057946926938051445,0.13896001306050082,0.042294377537024246,0.7607986824644233
Test_76,0.5119873533896373,0.015093027898667987,0.20280813318389512,0.27011148552779984
Test_77,0.7994732488192744,0.007906561817914461,0.18030163836418883,0.012318550998622268
Test_78,0.09318181522800684,0.14919439456204003,0.03634220311379305,0.7212815870961599
Test_79,0.2186241854974681,0.16811996638689244,0.30330923204267213,0.309946616072967
Test_80,0.06553098909759042,0.37457333093899264,0.14037270307773325,0.4195229768856836
Test_81,0.40600607180133697,0.0671832432805241,0.3314868887494468,0.19532379616869228
Test_82,0.238038981479257,0.0800232614221531,0.6463314973080122,0.03560625979057759
Test_83,0.03623975607530499,0.2846421302215223,0.036482746612079085,0.6426353670910933
Test_84,0.3136992358270083,0.024058166814820273,0.4073104871273274,0.2549321102308436
Test_85,0.3652070548657991,0.01939738358203264,0.04002215693696328,0.5753734046152049
Test_86,0.20417826344989234,0.2869845233860506,0.3408208644400596,0.168016348723997
Test_87,0.3782096992804561,0.04354657721404134,0.02380289785624762,0.5544408256492551
Test_88,0.04728606120604239,0.0648320944438685,0.6506668457393294,0.23721499861075962
Test_89,0.4955350283119768,0.0724715557601736,0.14810894516774034,0.2838844707601093
Test_90,0.20533300876349178,0.07467082848447446,0.22684771306794393,0.49314844968408994
Test_91,0.8691471488993857,0.009404167543136315,0.07354494910507275,0.04790373445240504
Test_92,0.7569171294202967,0.005448954546831571,0.024743061528413064,0.2128908545044586
Test_93,0.01782164461561084,0.19551912319548023,0.7271604089327999,0.05949882325610865
Test_94,0.16564652567186908,0.08071469069941824,0.01266117488412125,0.7409776087445917
Test_95,0.7169175459551065,0.007584465903116804,0.1448709249564437,0.1306270631853332
Test_96,0.24975614739523272,0.01241132626607859,0.1614359839313634,0.5763965424073253
Test_97,0.9015620144200996,0.006158762607916132,0.03030998596821726,0.06196923700376704
Test_98,0.6868308821593593,0.11051543404738623,0.051485767563466275,0.15116791622978804
Test_99,0.20739096531833098,0.040916268650450414,0.42236916459070145,0.3293236014405173
Test_100,0.04802887607539187,0.015387212159056158,0.008054056198192256,0.9285298555673597
Test_101,0.5948776616782744,0.02119230096544341,0.09609209009526458,0.2878379472610174
Test_102,0.14948587408245534,0.02903656025484018,0.13859857748264826,0.6828789881800563
Test_103,0.035669461984093015,0.4107819515817638,0.5060301892143033,0.047518397219839685
Test_104,0.056917992083814074,0.08331556594358995,0.1807603786251035,0.6790060633474928
Test_105,0.28139507304201844,0.013709172757458636,0.030706029730823977,0.6741897244696988
Test_106,0.6159472150602238,0.013348846908141332,0.15963546742348655,0.21106847060814823
Test_107,0.25573543184341513,0.03231719514858178,0.46962074152633604,0.2423266314816671
Test_108,0.11358439518468878,0.015377693004415941,0.11307377719251405,0.757964134618381
Test_109,0.3546473423202218,0.06759594127782334,0.17150948221117626,0.4062472341907784
Test_110,0.4814138478898578,0.014351563142920592,0.2220233339246378,0.2822112550425839
Test_111,0.5478305875417812,0.06685977407650151,0.11354046852807774,0.27176916985363975
Test_112,0.04469115814921858,0.11740516329333486,0.6514342549610391,0.1864694235964073
Test_113,0.03625799474351827,0.15522759425340757,0.06642245656940468,0.7420919544336695
Test_114,0.026860234292417694,0.1995498064764144,0.7009377571698714,0.07265220206129654
Test_115,0.09996683430349543,0.0825329094644908,0.36111111528120926,0.4563891409508044
Test_116,0.6079041071349558,0.07549947269450201,0.19903697276337787,0.11755944740716406
Test_117,0.009906510948238634,0.060119754061569636,0.8740593448558793,0.05591439013431232
Test_118,0.10329855462315672,0.04083030694325379,0.7775437738820253,0.07832736455156399
Test_119,0.6738022445162966,0.014768989077890614,0.2973627165456671,0.014066049860145965
Test_120,0.05809837237829186,0.03124687428542176,0.8537872784596142,0.05686747487667256
Test_121,0.20325185930779088,0.04020503896688173,0.39370679147937504,0.3628363102459523
Test_122,0.7606596529181365,0.06331408717734012,0.111372596930133,0.0646536629743904
Test_123,0.006653295702445415,0.2388224209494989,0.7103746813297812,0.044149602018274725
Test_124,0.5710563027418585,0.07848816781808744,0.03682066756161145,0.31363486187844275
Test_125,0.2610086851435663,0.08485870402521342,0.03555507651765286,0.6185775343135678
Test_126,0.8264328601668315,0.04324069834633304,0.08393009437451188,0.04639634711232352
Test_127,0.46265706529881684,0.01400830327198346,0.018118860459036164,0.5052157709701635
Test_128,0.04863614913502108,0.23642876840866334,0.6073845653893435,0.10755051706697173
Test_129,0.3182318950203179,0.13145790047630426,0.14636284972072688,0.40394735478265076
Test_130,0.02872554974988051,0.05562476298809704,0.01787742772807556,0.8977722595339469
Test_131,0.010148230689861195,0.009616838783946266,0.013543170753971863,0.9666917597722207
Test_132,0.660996330035448,0.0121890735220542,0.1222087314023953,0.2046058650401026
Test_133,0.009020527894323152,0.0395901789653424,0.014132745398591428,0.9372565477417433
Test_134,0.11251463046203468,0.04822069204444176,0.456693073446887,0.3825716040466365
Test_135,0.08976254811155125,0.07676035896929174,0.26164285413480276,0.5718342387843541
Test_136,0.07002082396497943,0.014183309823595272,0.21709695985485875,0.6986989063565667
Test_137,0.0016841592194021071,0.11397232333237878,0.8631330876842269,0.021210429763992244
Test_138,0.12052952956120666,0.024632439636768404,0.8006072380095887,0.05423079279243634
Test_139,0.7690947434134731,0.01286696466505429,0.1353757944639452,0.0826624974575276
Test_140,0.4367250383154488,0.023986799983376505,0.48746708016164664,0.051821081539528246
Test_141,0.46237590352664076,0.030074426334447103,0.32152585872739553,0.18602381141151678
Test_142,0.06220394144382306,0.22402288660754235,0.06997580476122278,0.6437973671874117
Test_143,0.21106149886638917,0.1556839049829862,0.3864609697480421,0.24679362640258226
Test_144,0.6676120973886621,0.018751193418530068,0.3031096317973437,0.01052707739546398
Test_145,0.19877447435936638,0.10613465526244932,0.6090803701191619,0.08601050025902233
Test_146,0.005958977211389989,0.02308231090093113,0.9684664741877029,0.0024922376999758663
Test_147,0.11241248224072051,0.04724145637319488,0.5752661843187125,0.26507987706737207
Test_148,0.04414321520419987,0.2220539779964651,0.6777955324172302,0.05600727438210474
Test_149,0.485518156927848,0.023572949191657255,0.47385060087829706,0.017058293002197692
Test_150,0.07917382934226928,0.15059504983470676,0.6066291408965689,0.16360197992645523
Test_151,0.03394923039606461,0.02486061398566627,0.9269000563216675,0.014290099296601896
Test_152,0.031156800982601335,0.2172156467541911,0.674158865455355,0.07746868680785264
Test_153,0.24221690484524455,0.03862303395845026,0.26893952802774723,0.4502205331685582
Test_154,0.07419072431341943,0.11300565160137735,0.7481849483092069,0.06461867577599603
Test_155,0.012961303663731109,0.18615551197148986,0.6743608990530173,0.12652228531176157
Test_156,0.40244180980042704,0.13325455112106446,0.1873245117779632,0.2769791273005455
Test_157,0.748686775666825,0.027142263984132838,0.022888341002244236,0.2012826193467977
Test_158,0.10032538958232329,0.01107420695649219,0.002620611593351048,0.8859797918678335
Test_159,0.5141577611491618,0.029216155961812852,0.2485241468143361,0.20810193607468946
Test_160,0.9151489838428573,0.026052324476254475,0.018516568416914923,0.040282123263973534
Test_161,0.12366652020182804,0.029536429574423338,0.7616160735871766,0.08518097663657202
Test_162,0.30964552466561873,0.09970345573276097,0.5249903869448754,0.06566063265674515
Test_163,0.05664310679689426,0.13258037703433348,0.1299155087427023,0.6808610074260697
Test_164,0.5915003910233471,0.0639061698534674,0.09661480806585823,0.24797863105732745
Test_165,0.039606715283336105,0.10735679789331333,0.11547398886680728,0.7375624979565433
Test_166,0.4046484125970702,0.01604954462500251,0.4631752292727128,0.11612681350521437
Test_167,0.3904938048016355,0.04320481945842993,0.31077105798525306,0.2555303177546814
Test_168,0.02068518293115707,0.0646245787797927,0.8875455990947527,0.027144639194297247
Test_169,0.24068977526568372,0.07468649043938554,0.04681040593130623,0.6378133283636244
Test_170,0.15665128251519334,0.029570958246604745,0.45871480972079065,0.3550629495174112
Test_171,0.054868827643234995,0.034949842155430365,0.3922537130098089,0.5179276171915259
Test_172,0.04369034609088118,0.1844927897263057,0.7214921154943883,0.05032474868842476
Test_173,0.0147301762118086,0.04467088475962594,0.9133273950583274,0.027271543970237802
Test_174,0.23404109339726945,0.16356964335298163,0.2577979553021013,0.34459130794764775
Test_175,0.3838800833715442,0.08292353794738495,0.14896124572075745,0.3842351329603134
Test_176,0.04698025623550342,0.0951370441597554,0.8243958597607673,0.03348683984397389
Test_177,0.04269534851701965,0.014929721663046718,0.00642337492817723,0.9359515548917563
Test_178,0.4493149452971222,0.023825032236504454,0.02368821543004944,0.503171807036324
Test_179,0.010568929889488304,0.08474837763046941,0.8847060586402506,0.0199766338397914
Test_180,0.14772151238336764,0.030294937545313646,0.3304708953142045,0.4915126547571142
Test_181,0.02169105248918009,0.08349091675042006,0.03417570810131428,0.8606423226590855
Test_182,0.20045342632147622,0.11243519392564619,0.4256703390860628,0.2614410406668148
Test_183,0.9337071445776907,0.0027701432384434318,0.045513347596893315,0.01800936458697244
Test_184,0.28186265458090165,0.12451017528547377,0.17505211149404976,0.4185750586395747
Test_185,0.3321499225045047,0.16235751421647213,0.16629646741258686,0.3391960958664362
Test_186,0.028029557337726593,0.04137297201271445,0.06596182247374735,0.8646356481758116
Test_187,0.10701690546187201,0.028008205886442483,0.5572543776538592,0.3077205109978265
Test_188,0.10250727301596513,0.011776066955442388,0.8391210859783088,0.0465955740502833
Test_189,0.4127934080998242,0.05482192062291374,0.37210844107158686,0.16027623020567539
Test_190,0.34528544561803326,0.10122555041457806,0.44519396699525127,0.10829503697213747
Test_191,0.0070661451069137585,0.13975424366686334,0.825545001184783,0.02763461004143993
Test_192,0.8187131276091814,0.004646183876934669,0.14289400195330879,0.0337466865605753
Test_193,0.028711280082593778,0.06379052150177499,0.6611643227905063,0.24633387562512488
Test_194,0.005491313907883653,0.23130464356974179,0.7386317760824691,0.024572266439905698
Test_195,0.38120706249799624,0.029495277103783718,0.5034479935345325,0.0858496668636875
Test_196,0.08789423822254429,0.0636354094902122,0.08755304513823603,0.7609173071490077
Test_197,0.020470408355638774,0.0773775731547971,0.8666020553632545,0.03554996312630949
Test_198,0.07838897601486546,0.13975405078223074,0.29158832505997606,0.4902686481429277
Test_199,0.011784111678326152,0.005980834936738929,0.9579083861024106,0.024326667282524427
Test_200,0.03865661176480468,0.030363941475284217,0.8998827862314401,0.03109666052847112
Test_201,0.006891747340733415,0.00810587948497543,0.04981117098959573,0.9351912021846953
Test_202,0.15276922837005424,0.09251051854400413,0.43035991261026213,0.3243603404756794
Test_203,0.06637854171305131,0.30427213407146203,0.30395024156613976,0.3253990826493472
Test_204,0.14881328004207878,0.01890082415025396,0.4941483538776652,0.338137541930002
Test_205,0.04388408037529101,0.027721863492136775,0.01236595791146242,0.9160280982211096
Test_206,0.01858986691847092,0.048466137573865364,0.009310481616612114,0.9236335138910519
Test_207,0.12477733643604014,0.10160228632107594,0.3719515715617995,0.40166880568108465
Test_208,0.31535023643334076,0.06795278613960572,0.396539284809881,0.22015769261717283
Test_209,0.05773274747968921,0.15488232124006646,0.7497252775895117,0.037659653690732466
Test_210,0.20450509304995831,0.0215574774959512,0.6847476125533307,0.08918981690075935
Test_211,0.014005693771507162,0.2598984271873366,0.5927697176790547,0.13332616136210174
Test_212,0.41795924922121946,0.04854210525155991,0.5200736160734196,0.013425029453801212
Test_213,0.028959338928623003,0.3446414377493369,0.10009029126533002,0.5263089320567103
Test_214,0.015066532241326024,0.08789663458744636,0.7434545688621049,0.1535822643091227
Test_215,0.9394199284350309,0.010985667510385004,0.02513869427753808,0.024455709777045677
Test_216,0.7408354624203848,0.020454812457722436,0.22725948690146963,0.011450238220423011
Test_217,0.17188025119751568,0.06346159973210269,0.20232959486282812,0.5623285542075531
Test_218,0.8663943471107918,0.005653543709694032,0.11535287129169668,0.012599237887817397
Test_219,0.179982225394813,0.0338983167235224,0.6412959531401532,0.1448235047415113
Test_220,0.018714449941994206,0.08728512972943574,0.060242304667597786,0.8337581156609721
Test_221,0.12566723436609842,0.0587489521703748,0.1372946138671853,0.6782891995963417
Test_222,0.07644891188865895,0.0321930098190505,0.8742050714579089,0.01715300683438166
Test_223,0.02156822555612505,0.07583890084373003,0.820982028742348,0.08161084485779664
Test_224,0.49196206596824466,0.025558236061466302,0.3219212058109662,0.16055849215932283
Test_225,0.6915487668093332,0.012382370577167106,0.2808450230951469,0.01522383951835288
Test_226,0.008206939026714535,0.7447298562520922,0.1850358154730663,0.062027389248126806
Test_227,0.10269998960874263,0.046084849103205656,0.15409630749499093,0.6971188537930609
Test_228,0.06795962371634483,0.015098088597932288,0.8961420181374025,0.020800269548320625
Test_229,0.39340213551990344,0.19114052486537228,0.16921460779870068,0.24624273181602369
Test_230,0.503044476116054,0.013455321325187038,0.45445097501858506,0.029049227540174014
Test_231,0.16157666034686874,0.05472043312330697,0.19201855485467123,0.5916843516751533
Test_232,0.3109591568359308,0.049996011316392086,0.6164768551476633,0.022567976700013963
Test_233,0.6504834557289046,0.0053316303148820835,0.09762748359319305,0.24655743036302027
Test_234,0.21943597238848284,0.049615482425825363,0.2604068773801051,0.4705416678055868
Test_235,0.18362233722594873,0.07464153924436238,0.3588518658126131,0.382884257717076
Test_236,0.0968399188974621,0.0642671863712461,0.13278495898805923,0.7061079357432328
Test_237,0.494954027891723,0.03600225416560465,0.22917782002598022,0.23986589791669194
Test_238,0.00902771045798246,0.045741314476540486,0.9275003298021242,0.01773064526335281
Test_239,0.018151812523878683,0.1957648789156504,0.594440238178359,0.19164307038211184
Test_240,0.023361134211881546,0.30943821146509004,0.6352395209868161,0.03196113333621202
Test_241,0.02398200637361953,0.12615532906593457,0.6768579541366085,0.17300471042383708
Test_242,0.5304277447786383,0.19793662090807185,0.061627802763203496,0.21000783155008662
Test_243,0.738695083081122,0.015953856065772286,0.2033750296079804,0.041976031245125396
Test_244,0.780886324793484,0.04920034394634919,0.04375900700967423,0.12615432425049272
Test_245,0.35423611230105007,0.06638306487652401,0.34564090071347403,0.2337399221089517
Test_246,0.019308320930608757,0.12435755550954194,0.2599924883934509,0.5963416351663985
Test_247,0.00625046487520055,0.04516125582076639,0.030837361769611646,0.9177509175344215
Test_248,0.6099993940562509,0.04527992295885237,0.05039153299595681,0.29432914998893994
Test_249,0.05825997987415261,0.0749738158885451,0.7739418729960446,0.09282433124125818
Test_250,0.9454089015677918,0.009864682059929155,0.016744404573442454,0.027982011798836286
Test_251,0.6746614158056106,0.01998455098678915,0.032570815541050645,0.2727832176665495
Test_252,0.39818733430758096,0.11290103569030145,0.3814350589492883,0.10747657105282934
Test_253,0.04867316154423423,0.12100975923534826,0.06916214117677147,0.7611549380436461
Test_254,0.1639904643473792,0.06343690542192809,0.2382817019970682,0.5342909282336246
Test_255,0.12136624582221839,0.03467082745429587,0.1311428206565752,0.7128201060669104
Test_256,0.00325195646312918,0.02881578700166721,0.004797306594929016,0.9631349499402744
Test_257,0.16065015034004368,0.019412879858928946,0.7819982658789438,0.03793870392208314
Test_258,0.10928248175160608,0.09187405496196614,0.5894024434766131,0.2094410198098143
Test_259,0.5476924420355407,0.060120889506391925,0.34759544663325953,0.04459122182480831
Test_260,0.14134245795246306,0.012287584911302113,0.012718920531891716,0.8336510366043429
Test_261,0.02633578926522085,0.030759071306796917,0.6771134065731022,0.26579173285488
Test_262,0.10792989890265381,0.12951764599991825,0.3591418709597359,0.403410584137692
Test_263,0.4336300868212304,0.1814184461536191,0.16341467493237274,0.2215367920927774
Test_264,0.31192946982369574,0.01751394119456624,0.6054834811492952,0.06507310783244277
Test_265,0.21764990165205655,0.07795075715646946,0.41090851819902185,0.29349082299245205
Test_266,0.01655474305039958,0.030328295700142685,0.1300124993382128,0.8231044619112451
Test_267,0.841856880779121,0.00496764543193742,0.1265071683021621,0.02666830548677937
Test_268,0.008049316813106623,0.4836450047632566,0.4416100114750843,0.06669566694855211
Test_269,0.35811244036016665,0.017880128548696684,0.27896768422498963,0.34503974686614713
Test_270,0.14884837213711438,0.03556268797093482,0.009721186719709026,0.8058677531722418
Test_271,0.29852002229335134,0.045288778701687196,0.12139909675235327,0.5347921022526079
Test_272,0.006123406764910616,0.04400056106626595,0.07866708476440115,0.8712089474044221
Test_273,0.6114842705955578,0.01653523951918082,0.025382187391432883,0.3465983024938285
Test_274,0.02442568918303857,0.03128278494815685,0.9156174099841912,0.028674115884613247
Test_275,0.2011753801763978,0.1798711338903959,0.4590148219919128,0.15993866394129358
Test_276,0.02336932496581264,0.04939929267341425,0.01611746248545266,0.9111139198753206
Test_277,0.22590733201872407,0.11744388304313184,0.2275484003187434,0.4291003846194007
Test_278,0.06222801610552154,0.03984464178859376,0.05518000490476671,0.842747337201118
Test_279,0.257727612740745,0.025081778826442896,0.694047544511969,0.02314306392084292
Test_280,0.1691455269735744,0.015388779378896208,0.03873201014793846,0.7767336834995908
Test_281,0.03270641473846603,0.07450798233373451,0.06564177348980546,0.8271438294379938
Test_282,0.04468380206993014,0.3968445620029405,0.142858081511891,0.41561355441523784
Test_283,0.10817335588715886,0.26625904614511703,0.18750756872498808,0.43806002924273635
Test_284,0.06799302339800237,0.3287353096125549,0.4867389675338522,0.11653269945559037
Test_285,0.8312945664177718,0.012039997607709524,0.06927078496186544,0.08739465101265335
Test_286,0.2054574372033983,0.024225813364030752,0.20113936858212875,0.5691773808504423
Test_287,0.93841107533592,0.0022233431437720975,0.024320791251855208,0.03504479026845292
Test_288,0.02545656553599302,0.02886795626185247,0.012936511466548502,0.9327389667356059
Test_289,0.018604718273442324,0.06233100060178233,0.4762384102907067,0.4428258708340685
Test_290,0.07089948386347893,0.032237955752672055,0.651006830866348,0.24585572951750076
Test_291,0.33142402612912386,0.028273724680108102,0.62423053193291,0.01607171725785806
Test_292,0.9414753242105717,0.003825247692468667,0.01060382053509815,0.044095607561861275
Test_293,0.08583652507543411,0.10287914088150882,0.4360270679545947,0.3752572660884624
Test_294,0.32793800900050474,0.13995569926957882,0.2754096171298174,0.25669667460009926
Test_295,0.6225486101323633,0.018552146029446857,0.302291006929409,0.05660823690878106
Test_296,0.1966051646780373,0.17393580963682545,0.3274386129897949,0.30202041269534263
Test_297,0.00039220251740220926,0.0972646987182338,0.0107138282165851,0.891629270547779
Test_298,0.011832931862427624,0.16105833772550845,0.6569049220426362,0.1702038083694278
Test_299,0.05668761205538144,0.2251837403070263,0.1819747669014354,0.5361538807361571
Test_300,0.8838750107140798,0.007426900720290427,0.009425003879093886,0.09927308468653602
Test_301,0.2675020943685549,0.04891172188587242,0.21856940643942865,0.4650167773061443
Test_302,0.024101166034890247,0.16837673778986684,0.38147569595112546,0.42604640022411755
Test_303,0.7082021636911975,0.019528109026905337,0.11312122123173635,0.1591485060501611
Test_304,0.8151276734121979,0.07417785560947349,0.07037957832547988,0.04031489265284879
Test_305,0.3044520494024202,0.17737162381369403,0.06662901949874017,0.4515473072851455
Test_306,0.022970469631642038,0.21318047737311396,0.606255074103496,0.15759397889174784
Test_307,0.37179354199087855,0.05625857371152844,0.5245168444180647,0.04743103987952805
Test_308,0.3378101085073407,0.04314996596096636,0.5527822488417682,0.06625767668992476
Test_309,0.037938841340284954,0.07092406415136158,0.630640702603854,0.2604963919044997
Test_310,0.008098794695356895,0.3563595973177491,0.5023481056402288,0.13319350234666535
Test_311,0.14798542410945803,0.07040390609684245,0.7008825681456685,0.08072810164803115
Test_312,0.05676770409946149,0.11390076981209868,0.023343823742952522,0.8059877023454872
Test_313,0.01415084594015092,0.011562855209434298,0.027695148102087928,0.9465911507483268
Test_314,0.10757878204223596,0.06760277004289017,0.03354324801972615,0.7912751998951474
Test_315,0.4290717778568548,0.004891542279904945,0.05088265864218607,0.5151540212210541
Test_316,0.3523541367609469,0.013496283982839743,0.5163512813471762,0.11779829790903731
Test_317,0.034461577398913416,0.010473083558423045,0.9232782081180957,0.03178713092456783
Test_318,0.009162859009140684,0.35728098995184365,0.04981938725371854,0.5837367637852972
Test_319,0.013710312115005462,0.05768287792524539,0.8906886131600531,0.03791819679969629
Test_320,0.040509315325662335,0.04841326462909189,0.78801306373406,0.1230643563111858
Test_321,0.13526239570954,0.03942986989963484,0.06437996612628122,0.7609277682645441
Test_322,0.4941257800314608,0.027193810166488197,0.33126440640559573,0.14741600339645525
Test_323,0.07350432279627268,0.03558055401658774,0.03069401890062394,0.8602211042865155
Test_324,0.09671519460373824,0.1721715588855412,0.6904581492734314,0.04065509723728914
Test_325,0.06436820328653373,0.02354999197423569,0.02420509151294872,0.887876713226282
Test_326,0.3809437498222852,0.052579327314941,0.4182158944946592,0.1482610283681149
Test_327,0.248032203060602,0.059913344028056495,0.24676844410503213,0.4452860088063093
Test_328,0.027462290644002216,0.05301989076489013,0.783693124781955,0.13582469380915282
Test_329,0.24849008875346149,0.05506417218573106,0.6091929052784645,0.08725283378234276
Test_330,0.023117595219023568,0.17562896291239502,0.292854179242277,0.5083992626263047
Test_331,0.10060417339799217,0.06768479997495219,0.11355839791612007,0.7181526287109353
Test_332,0.6527913839250139,0.08574569513217643,0.15477594220907623,0.10668697873373356
Test_333,0.37361368270418943,0.03096649500740233,0.31801182877235507,0.2774079935160534
Test_334,0.0024769047982200767,0.01036190691069454,0.984013923110509,0.0031472651805764928
Test_335,0.24197756055478256,0.08405724524935602,0.535299685049107,0.13866550914675418
Test_336,0.3964818538927746,0.040498087644537786,0.3093237698178442,0.25369628864484334
Test_337,0.1597276282391804,0.08077275322577182,0.1027702296100849,0.6567293889249629
Test_338,0.7788139258444114,0.021387180814294485,0.0803459108444607,0.11945298249683335
Test_339,0.21613505869559857,0.1874135037181703,0.3595009529843862,0.2369504846018449
Test_340,0.09857452790755111,0.00946953758562079,0.7941650330765805,0.09779090143024755
Test_341,0.3515056514223673,0.13205232707822434,0.1365676596947734,0.37987436180463496
Test_342,0.9289573225186216,0.0033078369966481527,0.03931285506374096,0.028421985420989122
Test_343,0.7395763512679107,0.049003878660884945,0.014629097154385958,0.19679067291681862
Test_344,0.12323964622628247,0.033241568275296195,0.7806037529262865,0.06291503257213472
Test_345,0.11052931404411781,0.04995676747126233,0.8162663225497102,0.023247595934909358
Test_346,0.06045144439605368,0.05303070957141508,0.8148781543784747,0.0716396916540569
Test_347,0.027181787554661063,0.017355472194595795,0.9286417145190311,0.026821025731712418
Test_348,0.04914021776125793,0.03668523935696015,0.017134825151173358,0.8970397177306089
Test_349,0.14965590362545264,0.12480254725483873,0.6166412907858945,0.10890025833381416
Test_350,0.015472554204069539,0.22221889972204914,0.1749114708859352,0.5873970751879459
Test_351,0.0050414335250490135,0.1165996175343317,0.8562410221104221,0.022117926830197143
Test_352,0.16036760229694833,0.0826365045812762,0.04063244446623799,0.7163634486555377
Test_353,0.35656580106811836,0.09817482105328955,0.16820147392097254,0.37705790395761984
Test_354,0.2902865965331776,0.10425672753827278,0.46498631062007856,0.14047036530847076
Test_355,0.5475461694571244,0.09649035378468149,0.11888961005259438,0.23707386670559968
Test_356,0.8268164884605348,0.02607831069546232,0.09257202888711151,0.05453317195689162
Test_357,0.9204543094619224,0.009636657910014501,0.057882327026622216,0.012026705601441118
Test_358,0.09558125338651971,0.052620291049867256,0.5351149778829363,0.3166834776806768
Test_359,0.010263287901695518,0.01939066171761677,0.02382462298727096,0.9465214273934167
Test_360,0.10602378909777217,0.08144946515025832,0.17388906345932886,0.6386376822926407
Test_361,0.44577201002221156,0.05555994622172425,0.03803620845717888,0.46063183529888524
Test_362,0.8380010065551542,0.006311136723512857,0.09511148377209235,0.06057637294924057
Test_363,0.12460457549597825,0.0942533427291975,0.5089546635265119,0.27218741824831216
Test_364,0.2243178539646248,0.027895304876655286,0.7133279940586895,0.03445884710003102
Test_365,0.3285923557697655,0.08248895326383517,0.5762590410969819,0.012659649869417408
Test_366,0.19984859831304314,0.040173565809629795,0.7032325466986605,0.05674528917866642
Test_367,0.058659971173089555,0.029965754667681664,0.48145577643388066,0.42991849772534807
Test_368,0.5723912703930918,0.07352350282552635,0.16443173741628353,0.18965348936509846
Test_369,0.03293276690826074,0.008130656402699275,0.020251781245705945,0.9386847954433339
Test_370,0.2694664684243055,0.07980430911634603,0.440800179664043,0.20992904279530547
Test_371,0.10889139952893699,0.0203131962296317,0.5674129752697484,0.3033824289716825
Test_372,0.08600110862339813,0.07286729794481522,0.07199765603513363,0.7691339373966529
Test_373,0.0634933076933594,0.1441649969083973,0.5563429986490653,0.23599869674917806
Test_374,0.08522162295964819,0.06778266459056069,0.280125858387685,0.5668698540621058
Test_375,0.11470295113599356,0.03138625349302485,0.008753128926908715,0.8451576664440726
Test_376,0.62223617622034,0.021685234175930195,0.06601843117898679,0.29006015842474336
Test_377,0.47344139369108157,0.07295543173274197,0.2327575499698932,0.22084562460628332
Test_378,0.3807361818933417,0.03789337097078523,0.46103815651584956,0.12033229062002364
Test_379,0.12124193461161904,0.06361551615235982,0.2045514272322938,0.6105911220037272
Test_380,0.20899944066954562,0.05748413217563611,0.10574437382483125,0.6277720533299869
Test_381,0.3093307256006308,0.09387597255292225,0.026418244023623964,0.570375057822823
Test_382,0.124249728257404,0.010539219962137749,0.09765190348860617,0.767559148291852
Test_383,0.6061323109267067,0.1023893388365136,0.04951286188913589,0.2419654883476438
Test_384,0.4394018348589213,0.01673728225120781,0.4372742781055115,0.1065866047843595
Test_385,0.4140556719569867,0.02386010312746684,0.12882270818535432,0.43326151673019225
Test_386,0.02085961920221479,0.1678771126344755,0.4599323925915628,0.351330875571747
Test_387,0.23473872686576444,0.13782275363373087,0.17303089291945414,0.45440762658105105
Test_388,0.9110580215148145,0.0031150540513836507,0.02406328823749013,0.06176363619631146
Test_389,0.6306483359005165,0.020754139290229612,0.3244748574692004,0.024122667340053677
Test_390,0.43174527026663073,0.016213269342109586,0.05331601021842268,0.4987254501728372
Test_391,0.15971077309042322,0.2756943307337645,0.17513682635445393,0.38945806982135805
Test_392,0.03571098687732273,0.01787293882095704,0.9010150764060103,0.04540099789571003
Test_393,0.11445233072652718,0.0136195085474694,0.0037373238480371772,0.8681908368779662
Test_394,0.653003717712219,0.013153791757203598,0.15172149615429334,0.18212099437628396
Test_395,0.008446103537084684,0.21006044730042725,0.765646173032652,0.015847276129836173
Test_396,0.2158570051648607,0.07296310479897064,0.04818621503386186,0.6629936750023067
Test_397,0.007903041939486447,0.010309078111451639,0.005560411813898286,0.9762274681351637
Test_398,0.012131088143931058,0.23826497619388656,0.47090889969613564,0.27869503596604667
Test_399,0.407044105286498,0.07048373323607895,0.1857924399621499,0.3366797215152734
Test_400,0.0510641499422847,0.023009613358493275,0.8939782280160594,0.031948008683162596
Test_401,0.1010872329271892,0.08952244129317016,0.6913739893158145,0.11801633646382591
Test_402,0.18377570433785975,0.057971931064442185,0.20979624159685312,0.5484561230008449
Test_403,0.024414890929339277,0.06043111065871315,0.8905482843420591,0.02460571406988858
Test_404,0.20098607816671618,0.049464666951012586,0.6720193343159979,0.07752992056627343
Test_405,0.06162199526609972,0.016388481127693658,0.013326048948331953,0.9086634746578747
Test_406,0.0018333300017533579,0.0335218849285908,0.0030428488061628733,0.9616019362634926
Test_407,0.021270893886387685,0.024172749124987493,0.0037327993850762996,0.9508235576035489
Test_408,0.2645830043376714,0.17173810131573392,0.10708939780407485,0.4565894965425198
Test_409,0.16925294811829894,0.04885995955963174,0.18698220583836128,0.5949048864837082
Test_410,0.04055803841698338,0.021827500957993667,0.027352910493217815,0.9102615501318052
Test_411,0.807159248164976,0.013246528673682263,0.04438076266790493,0.135213460493437
Test_412,0.07261153545391341,0.32447442218288314,0.45374552411029667,0.14916851825290695
Test_413,0.3582715125217172,0.01791445958295622,0.59037596948997,0.033438058405356325
Test_414,0.0018383128597983932,0.012564758902488671,0.982396401264153,0.003200526973560079
Test_415,0.356978663495204,0.07535032847270971,0.324292994265152,0.2433780137669343
Test_416,0.054588487913783595,0.12577592426694226,0.6298178486501192,0.18981773916915498
Test_417,0.21632626467837635,0.03552898912914163,0.6861345069219954,0.06201023927048658
Test_418,0.1175715150363938,0.09711508137915541,0.7705824188194692,0.014730984764982089
Test_419,0.7814172188938484,0.01387385222502648,0.1656695802727718,0.0390393486083534
Test_420,0.027380225714055243,0.14339907154191628,0.8024849019442012,0.026735800799827264
Test_421,0.04216011742523058,0.01982096919237381,0.022148040226176398,0.9158708731562191
Test_422,0.5253072183894356,0.11306386089824595,0.07873194823287823,0.2828969724794401
Test_423,0.17872953174476938,0.12869490292592176,0.5970789496224901,0.09549661570681878
Test_424,0.08349573411830014,0.1266009399242973,0.45861745378438207,0.3312858721730204
Test_425,0.7327397331227394,0.019490812583541992,0.05534001542654304,0.19242943886717537
Test_426,0.03531535128306105,0.006443866666299824,0.9331210994097132,0.025119682640925862
Test_427,0.026019422090215138,0.01595900287695316,0.10254863763552481,0.8554729373973068
Test_428,0.020457897378782165,0.0486846872785092,0.02116684198740682,0.9096905733553018
Test_429,0.12244301263978438,0.1830377527417915,0.19067678694154286,0.5038424476768811
Test_430,0.5784294418769874,0.20653837104815903,0.1803010220238313,0.034731165051022424
Test_431,0.6110526493435009,0.06791942413581076,0.18510710744295264,0.13592081907773557
Test_432,0.030396190940631403,0.1754296848721265,0.04058687457821527,0.7535872496090268
Test_433,0.01110280282111678,0.053696085698254355,0.011640594774747246,0.9235605167058816
Test_434,0.042050315154860296,0.030247461373522282,0.10390514791930326,0.8237970755523141
Test_435,0.07864462855592629,0.05215812922093006,0.5943817633793467,0.27481547884379715
Test_436,0.27369617719259887,0.0810261021953579,0.020496292687188826,0.6247814279248545
Test_437,0.42487395689487,0.11636617883962669,0.387439507750941,0.07132035651456232
Test_438,0.05612616154410394,0.1636782746387487,0.3152948792422051,0.4649006845749418
Test_439,0.07254549271500339,0.10004592432463057,0.7503585388688631,0.07705004409150291
Test_440,0.01607183186309668,0.1632509479242191,0.7641159328930135,0.05656128731967115
Test_441,0.556549372318741,0.033071104516774995,0.29591367330812357,0.11446584985636024
Test_442,0.002861111553167587,0.006750444526127732,0.9881188995836176,0.0022695443370869964
Test_443,0.007081269733899661,0.09986076486111697,0.10453741687412349,0.7885205485308598
Test_444,0.6226241653910919,0.03206819379604863,0.03035466042856401,0.3149529803842955
Test_445,0.07143275930162071,0.041801255589210225,0.31326631528427457,0.5734996698248945
Test_446,0.025428813245508886,0.16897965126573675,0.5537488530159093,0.2518426824728454
Test_447,0.15598620895219747,0.05328340571786675,0.6089611631948365,0.1817692221350994
Test_448,0.07661070336213115,0.04644450781443208,0.7941783487078719,0.08276644011556496
Test_449,0.04885794947356808,0.07608977423863023,0.27268919217772514,0.6023630841100768
Test_450,0.1568739792801137,0.04502003494089587,0.7676701079375935,0.03043587784139707
Test_451,0.0015049294535513032,0.06485587183823804,0.9183600874064213,0.015279111301789309
Test_452,0.2884079801548672,0.13556501714377672,0.19508160093106622,0.38094540177028985
Test_453,0.13720276558083153,0.02743843183277585,0.05730694378797866,0.7780518587984139
