image_id,healthy,multiple_diseases,rust,scab
Test_0,0.019825067326369582,0.3887314916023693,0.45425494042832126,0.13718850064293978
Test_1,0.011172521425577842,0.1303663722621075,0.8265334844750934,0.03192762183722124
Test_2,0.0009780083529689113,0.033750992690832156,0.1646335690394981,0.800637429916701
Test_3,0.9557923361435883,0.0006440877406476802,0.017060883251130816,0.026502692864633384
Test_4,0.0017010703214828515,0.027142322467236604,0.9627253079488803,0.008431299262400297
Test_5,0.9239158476187134,0.004271493444458086,0.043302834549483915,0.028509824387344538
Test_6,0.9658021739180711,0.0019378879653480091,0.0018602643129659257,0.030399673803615034
Test_7,0.0020862854408503478,0.036308550497091516,0.0012966442546103521,0.9603085198074477
Test_8,0.025678642715625057,0.5214264927939322,0.052009580745069166,0.4008852837453738
Test_9,0.10277066927581097,0.008148746405680814,0.8831904857858486,0.00589009853265973
Test_10,0.008487801044376346,0.037443420999850444,0.9303950509198355,0.023673727035937737
Test_11,0.3248270834157703,0.02017435124503101,0.6216305127993431,0.0333680525398556
Test_12,0.2692728598478531,0.14655050563680166,0.10417404793255733,0.48000258658278794
Test_13,0.7680126920487513,0.023617360250838215,0.09567182986436056,0.1126981178360501
Test_14,0.08478991774088093,0.08366001563371492,0.6617222749803855,0.1698277916450187
Test_15,0.043849860318376954,0.11816107055881846,0.3099656055137186,0.528023463609086
Test_16,0.5041143845848025,0.008947210009208135,0.347352499741079,0.13958590566491033
Test_17,0.002888233069329538,0.7326735336943633,0.20268852776341828,0.06174970547288879
Test_18,0.4692659977020896,0.0387276923665342,0.16779208271918428,0.32421422721219206
Test_19,0.002735269207803477,0.1625576033811561,0.6921082497597807,0.1425988776512598
Test_20,0.1604229817408132,0.010483434282058363,0.049768140361961255,0.7793254436151671
Test_21,0.9552707464693628,0.00039119675064068173,0.03154025802578437,0.012797798754212173
Test_22,0.02105184888560989,0.2591882493318835,0.5580203461010785,0.16173955568142803
Test_23,0.05835600319360272,0.00354211626781734,0.18919317305581823,0.7489087074827617
Test_24,0.8881209265811589,0.004851479567218635,0.06531826190686772,0.04170933194475474
Test_25,0.8568699320726885,0.002469820440204415,0.10243831620742769,0.03822193127967931
Test_26,0.16560891832719563,0.03601958806600276,0.10917303418988332,0.6891984594169183
Test_27,0.05203323182182534,0.20379437125883756,0.6506078507889587,0.09356454613037847
Test_28,0.9505721785589919,0.007425021443000436,0.016527409461790554,0.0254753905362172
Test_29,0.0265961864669353,0.21092406883799542,0.16629796083047266,0.5961817838645966
Test_30,0.6345430736498738,0.029645302753488992,0.03056616411007322,0.305245459486564
Test_31,0.0005006724966830085,0.818233420670799,0.168648245125989,0.012617661706528865
Test_32,0.7485101888550744,0.002097765049721461,0.20063847174492005,0.04875357435028416
Test_33,0.014646582194620584,0.011902295098141983,0.0012595760372903575,0.9721915466699471
Test_34,0.10391784023460297,0.015669525234829056,0.20521788141004718,0.6751947531205208
Test_35,0.00626512953097981,0.019939063940003835,0.012424860119559917,0.9613709464094564
Test_36,0.025386346823527032,0.04621216238392115,0.8580667084404626,0.07033478235208925
Test_37,0.15845255402550437,0.021078482876708878,0.01493467939188287,0.8055342837059039
Test_38,0.22577909445498534,0.025808085956543905,0.006092201916757869,0.7423206176717129
Test_39,0.004655425762692066,0.018958584944032648,0.9293630228593222,0.047022966433953026
Test_40,0.18896498718259014,0.08805044685993604,0.5541376324759806,0.16884693348149332
Test_41,0.12168031592443634,0.023283597864728927,0.8455387773387758,0.00949730887205895
Test_42,0.004674242397192402,0.007811935469570399,0.002388816408587322,0.9851250057246499
Test_43,0.24546770052835165,0.0024691820203733466,0.7511240628887974,0.0009390545624776226
Test_44,0.5371459981490612,0.032783464972844074,0.06347114018486671,0.36659939669322794
Test_45,0.06021101189931837,0.10279692415423493,0.25697220943119736,0.5800198545152493
Test_46,0.192118463911638,0.08399055853762126,0.5838656563557011,0.14002532119503955
Test_47,0.002493993773765413,0.04337782818369054,0.9395075411816146,0.014620636860929398
Test_48,0.009158587514469664,0.1490033120175447,0.762349476080664,0.07948862438732174
Test_49,0.007513831781906428,0.01593603501483463,0.9657971078126197,0.01075302539063939
Test_50,0.001702989423488423,0.044164886873658916,0.9513818406469542,0.002750283055898576
Test_51,0.5983638916049719,0.0089117521115123,0.23528082206369338,0.15744353421982235
Test_52,0.04019190521478242,0.01865901049434366,0.7272348329247869,0.2139142513660871
Test_53,0.06710068367248695,0.1485179050019925,0.7460404095856289,0.03834100173989162
Test_54,0.4053614882425513,0.12883274980747036,0.19931072935972516,0.2664950325902532
Test_55,0.12820417898946193,0.006385679225237611,0.33397506667643334,0.5314350751088672
Test_56,0.25174415014869456,0.01898844752722303,0.13816419319861462,0.5911032091254679
Test_57,0.5648110664136918,0.00990499124295247,0.05525185798588603,0.3700320843574696
Test_58,0.03904758801184668,0.01941185097379859,0.006027042260455083,0.9355135187538998
Test_59,0.003828901582641272,0.039391965080238095,0.9231927612903438,0.03358637204677673
Test_60,0.018248196762859596,0.037202780030014676,0.010151068144923125,0.9343979550622026
Test_61,0.7400503132380516,0.006614800630938893,0.05869158808821017,0.1946432980427994
Test_62,0.09103815752022992,0.03121590551300608,0.7765179313227474,0.10122800564401663
Test_63,0.3982918993805004,0.03304580610347389,0.045014730534547694,0.523647563981478
Test_64,0.3332179995972808,0.04618438293738975,0.4103456566409423,0.21025196082438707
Test_65,0.02959944625820108,0.07242790060264703,0.5623567791645847,0.3356158739745671
Test_66,0.9183641860796434,0.02254402626727587,0.04334378510997883,0.015748002543101942
Test_67,0.0359918967614807,0.10039118990710018,0.4242734939494179,0.43934341938200133
Test_68,0.013992802227980815,0.08932072007153155,0.8559680171806986,0.0407184605197889
Test_69,0.010394259033489704,0.057937045390365684,0.8376709675367201,0.09399772803942448
Test_70,0.013696749048906942,0.0012781264999316855,0.0011266919448022295,0.9838984325063592
Test_71,0.012436335865808,0.022494268577877008,0.9566939372557267,0.008375458300588152
Test_72,0.052889330818253144,0.09043277828711302,0.11941521048675734,0.7372626804078766
Test_73,0.8284318874196356,0.010753117219082911,0.06393055626306388,0.09688443909821748
Test_74,0.8410926662887399,0.0024352951900806514,0.02838557942975111,0.12808645909142827
Test_75,0.0657587242740327,0.11435176482144191,0.07650320863016465,0.7433863022743608
Test_76,0.7481587531067776,0.008210679179056978,0.13565744192626863,0.10797312578789679
Test_77,0.399783360377893,0.003761347654641745,0.5932270501023658,0.0032282418650994757
Test_78,0.1255035563541769,0.22509606353116157,0.0742757317371459,0.5751246483775156
Test_79,0.06826999703869573,0.1335017651299,0.7370485400680239,0.061179697763380426
Test_80,0.00694235848396631,0.6913974556694171,0.23375077117383433,0.06790941467278236
Test_81,0.3486876922137955,0.02112984885124491,0.3583573628816566,0.2718250960533031
Test_82,0.022013114001881804,0.018480906061304578,0.9562888274548694,0.0032171524819441847
Test_83,0.009474694311716993,0.07433419941123685,0.011166168982455633,0.9050249372945905
Test_84,0.512624521224764,0.004099163008096194,0.4493712950032027,0.033905020763937206
Test_85,0.43430691347931877,0.007085733041298152,0.012987997460122117,0.5456193560192609
Test_86,0.13949124778340513,0.576767731494565,0.09835175002766162,0.1853892706943682
Test_87,0.6358200118999162,0.0020831182106428544,0.013773364689252488,0.3483235052001886
Test_88,0.006006424510738318,0.04999608495182776,0.8862645750566875,0.05773291548074638
Test_89,0.4373700654582842,0.10382977983278276,0.10087414004165743,0.35792601466727564
Test_90,0.13772485991594954,0.23366495371003201,0.3991675186329956,0.2294426677410229
Test_91,0.976617675475347,0.0003330504593795148,0.012431887664265812,0.01061738640100774
Test_92,0.9827625630511629,0.00020526440045523435,0.0031649855270551794,0.013867187021326575
Test_93,0.002951155832679381,0.05881693237194048,0.9306760786329444,0.007555833162435687
Test_94,0.13714323034800555,0.008384946399957117,0.0012050768751101582,0.8532667463769271
Test_95,0.30413052517939543,0.010503308917422098,0.28920906043526945,0.3961571054679131
Test_96,0.2899403929222516,0.004165290463274264,0.16659569535618102,0.5392986212582932
Test_97,0.7262453962145766,0.005276725583126549,0.05364985754687077,0.21482802065542603
Test_98,0.9085408540122871,0.019550165331000183,0.015307921455658275,0.056601059201054287
Test_99,0.4696671112704583,0.024274141453544874,0.3120703053350639,0.19398844194093295
Test_100,0.020891887406626404,0.0027439865106793997,0.0008300381078440567,0.9755340879748501
Test_101,0.7836524915366275,0.007411800728105557,0.05207335932621472,0.15686234840905225
Test_102,0.18320038169224956,0.01687906096890026,0.06251368925888594,0.7374068680799641
Test_103,0.004489971264339174,0.3794492867756729,0.6004871540546316,0.015573587905356283
Test_104,0.022339968409550937,0.050087134277982295,0.12209619818389146,0.8054766991285753
Test_105,0.3373213856624372,0.003069631505668191,0.006645267553427149,0.6529637152784674
Test_106,0.5857003943770476,0.006116466929592739,0.30478292442518407,0.10340021426817575
Test_107,0.15234166226643137,0.03355807929752238,0.6454531389319054,0.1686471195041409
Test_108,0.07628443718056413,0.009922747668754275,0.058799415705556454,0.8549933994451252
Test_109,0.20627030906823893,0.1806010259948925,0.2860304413972881,0.32709822353958046
Test_110,0.6703213395718506,0.0028551933905364133,0.1777834155881705,0.14904005144944235
Test_111,0.5568874321758795,0.01767081028306643,0.3325623036021645,0.09287945393888945
Test_112,0.027952897637452536,0.17409210941930475,0.6382590459297155,0.1596959470135272
Test_113,0.04907292513153997,0.4408005424365499,0.20453198118834348,0.30559455124356666
Test_114,0.002797736428357249,0.24978277508830438,0.7054044253146557,0.04201506316868273
Test_115,0.20286782900300476,0.07754142105438261,0.34125137755300583,0.3783393723896067
Test_116,0.6732711313431118,0.011771539564590278,0.2287961234022401,0.08616120569005785
Test_117,0.001197044870369706,0.028847286933523484,0.9403534049843825,0.02960226321172433
Test_118,0.036295666830762234,0.028982715480942674,0.9239768504253965,0.010744767262898653
Test_119,0.5245414114505893,0.009770064585108791,0.4585814259426886,0.007107098021613353
Test_120,0.007390708838801306,0.01103168139210082,0.975161740319024,0.006415869450073707
Test_121,0.4357327351480588,0.011751340390867154,0.061471229720692924,0.49104469474038115
Test_122,0.6154604498178553,0.0665383190301214,0.30280703798575137,0.015194193166271911
Test_123,0.0012252584080204322,0.07242830825579083,0.9248078480227404,0.0015385853134482715
Test_124,0.6330603812923128,0.04332300857965353,0.021637516730035486,0.30197909339799817
Test_125,0.41481071805793385,0.14469704726763966,0.07294546377794524,0.3675467708964813
Test_126,0.8221297414051365,0.011053175671154856,0.023243009113671345,0.14357407381003723
Test_127,0.4018087083207011,0.001907465912278978,0.00996191040973395,0.5863219153572861
Test_128,0.01420412245209093,0.16664088594720888,0.7747929401118713,0.04436205148882884
Test_129,0.1200945230960702,0.14312772132715465,0.08359274561237899,0.6531850099643962
Test_130,0.004640232511546177,0.007138217835819649,0.00313638276428706,0.985085166888347
Test_131,0.004354945591687492,0.00229609371521041,0.002303538784542683,0.9910454219085594
Test_132,0.9284685610431117,0.004001001816027122,0.02848429647580931,0.039046140665051896
Test_133,0.0025699726462209064,0.02074544460343591,0.016414979392641253,0.960269603357702
Test_134,0.0927184300673973,0.02079697308186964,0.3337436320609434,0.5527409647897897
Test_135,0.018651862242497586,0.01821321212292264,0.042193506230654106,0.9209414194039257
Test_136,0.10299608949814254,0.003279916356984537,0.14616593678579146,0.7475580573590814
Test_137,2.7771672578643853e-05,0.14413895915110758,0.8512047141637634,0.004628555012550336
Test_138,0.032568563986969556,0.023402172247789784,0.9305513051236068,0.013477958641633859
Test_139,0.841613775764618,0.005327004708702931,0.07392330497348874,0.07913591455319031
Test_140,0.2804457240445864,0.004287496356716951,0.6381884170657256,0.07707836253297105
Test_141,0.3454298002267221,0.01842704731697932,0.4939301084558407,0.14221304400045792
Test_142,0.011331269138025731,0.16522583562413765,0.005510127831077256,0.8179327674067594
Test_143,0.20514985961244347,0.2777397442108616,0.4615309115798433,0.05557948459685158
Test_144,0.8899279842694361,0.0038261045231177565,0.09328673753105429,0.012959173676391876
Test_145,0.2725108300492497,0.22476255340709708,0.3562946323644387,0.14643198417921438
Test_146,8.91744746811232e-05,0.006523698512511713,0.993321884576744,6.524243606316246e-05
Test_147,0.02602766293815828,0.012274657437669919,0.7827861028826825,0.1789115767414893
Test_148,0.013065341854192086,0.40703193157345324,0.5237329999303852,0.05616972664196952
Test_149,0.2916872759420166,0.005571943671486144,0.6568693546487029,0.04587142573779436
Test_150,0.0463880128924436,0.07841368075185018,0.6779392777322836,0.19725902862342248
Test_151,0.016858836885474685,0.0054462447659700325,0.974489353295602,0.003205565052953285
Test_152,0.010035132265617391,0.17746837622983502,0.7657397429870868,0.04675674851746067
Test_153,0.2418933656208571,0.027733925642000973,0.1335169402835751,0.5968557684535668
Test_154,0.06280941305159501,0.01941100347418775,0.9048192138258211,0.01296036964839611
Test_155,0.0007755258135593841,0.07909771193257815,0.9037868064231536,0.016339955830708897
Test_156,0.2522964728790743,0.07489866452827969,0.16641228344881265,0.5063925791438333
Test_157,0.6722163828926508,0.003622527228975567,0.02647674691314376,0.2976843429652298
Test_158,0.03676937215408348,0.002654562212249808,0.0007797980757290709,0.9597962675579377
Test_159,0.45622776392563874,0.02229839925549422,0.4247955749980299,0.09667826182083707
Test_160,0.6979975017856714,0.003996634843311033,0.008205550407204928,0.28980031296381253
Test_161,0.011987295454749674,0.024771723541609305,0.9511042364910631,0.012136744512578016
Test_162,0.24049265145990478,0.027088046747180433,0.7230762080354312,0.00934309375748363
Test_163,0.1368731907120593,0.18009533588434765,0.2214953046608465,0.4615361687427466
Test_164,0.8371774231448742,0.0209553514034915,0.04639969065842797,0.09546753479320637
Test_165,0.012724043110683826,0.02801305737763124,0.0724813885759622,0.8867815109357228
Test_166,0.2599613369022588,0.012310358424354862,0.5503614080238539,0.17736689664953242
Test_167,0.15818528457741723,0.025926089031198703,0.7747124376371012,0.0411761887542829
Test_168,0.0008823684013024382,0.021953821743674513,0.9731214980715285,0.004042311783494709
Test_169,0.3628537872201508,0.06944872803740848,0.0494656635262584,0.5182318212161823
Test_170,0.030488137478451572,0.01476161621050394,0.1446885564928142,0.8100616898182303
Test_171,0.03725026938537134,0.020174082071885955,0.28301564504791826,0.6595600034948245
Test_172,0.0018611143108668094,0.18052915083232876,0.8003442869183859,0.017265447938418665
Test_173,0.0035037009701163776,0.01973577890316889,0.9749239624720609,0.0018365576546536969
Test_174,0.35950435549044846,0.06493024776870053,0.11517896043517611,0.4603864363056748
Test_175,0.2737667084367435,0.0601564639175587,0.0630980146370419,0.602978813008656
Test_176,0.00971534441257096,0.03389389702288419,0.9412416255605057,0.015149133004039007
Test_177,0.02028556084990383,0.0018135369964026888,0.002340969940773942,0.9755599322129195
Test_178,0.5867731991075019,0.009330809705168879,0.007322160319657915,0.3965738308676712
Test_179,0.0005236383076251211,0.03813709306667326,0.9606603313195018,0.0006789373061997519
Test_180,0.04349931969693573,0.006513072408655867,0.4011650758823833,0.548822532012025
Test_181,0.014867601148036562,0.03320715512738432,0.01381734879207696,0.9381078949325021
Test_182,0.011515266407980987,0.0695210522006081,0.8922735027772574,0.02669017861415359
Test_183,0.7958145214740049,0.0005356433244765588,0.17340174008498638,0.030248095116532318
Test_184,0.34971300061593213,0.07877424453126475,0.31451790584456607,0.25699484900823705
Test_185,0.21355867951961854,0.1431920117643273,0.13658880616967306,0.5066605025463812
Test_186,0.006535777975528031,0.01297403211903346,0.030448803175321153,0.9500413867301173
Test_187,0.06145422162246744,0.04625604663393269,0.821077418264922,0.07121231347867783
Test_188,0.06249347171424129,0.003510113175545704,0.9179116616562993,0.016084753453913563
Test_189,0.1978920587669806,0.00829440940264306,0.6533146040905476,0.14049892773982875
Test_190,0.1638791220471967,0.05155235319918823,0.769101616666101,0.015466908087513966
Test_191,7.267670900363427e-05,0.04915036674158752,0.9494689955686377,0.0013079609807713014
Test_192,0.7616882316038721,0.0004234291303428693,0.22795327073394997,0.009935068531835123
Test_193,0.01633108317607398,0.14185394971286516,0.28708337516171467,0.5547315919493462
Test_194,3.830204677826963e-05,0.06133346684894282,0.9366936862194017,0.0019345448848771566
Test_195,0.4882643607444459,0.06721947295744121,0.3371747114644293,0.10734145483368353
Test_196,0.03461110610298357,0.03149659378854872,0.004028687274673189,0.9298636128337944
Test_197,0.013226157305841731,0.03625531139972488,0.9259246859417634,0.024593845352670087
Test_198,0.018109564389179954,0.0735653230315054,0.2101582174701981,0.6981668951091164
Test_199,0.010663461181716858,0.006701414040168506,0.9757109217230994,0.0069242030550154265
Test_200,0.01675169936568556,0.007100261487279868,0.9562255962541321,0.01992244289290246
Test_201,0.004999864883499487,0.011216953607331825,0.04533446311810677,0.9384487183910619
Test_202,0.03272176957890601,0.13535550949929384,0.7797447643218177,0.05217795659998255
Test_203,0.06036617932094132,0.5603180614076271,0.2705352455280248,0.10878051374340668
Test_204,0.14349830170979117,0.010519213664105648,0.3839147016255455,0.4620677830005576
Test_205,0.02979749639926599,0.005204095132704075,0.005882638850250839,0.9591157696177791
Test_206,0.0015563087827207324,0.00819051327136967,0.0026702003183201486,0.9875829776275894
Test_207,0.010071766062801265,0.17991296245374347,0.37196535535436226,0.43804991612909294
Test_208,0.5391361206087452,0.03438728695894037,0.29979310309378737,0.12668348933852697
Test_209,0.011324819335724563,0.017426627305117213,0.9683700148275989,0.002878538531559322
Test_210,0.12034338277887904,0.010286747094005977,0.7289674538748778,0.14040241625223707
Test_211,0.0009840228921216062,0.3982212836593069,0.5697490031137346,0.03104569033483699
Test_212,0.07822784236696075,0.011148707606607263,0.9077230284389861,0.0029004215874458353
Test_213,0.00415528005082887,0.6666401927250384,0.05735244136267517,0.2718520858614576
Test_214,0.007361377297986161,0.06457934464796211,0.9061992091280894,0.021860068925962255
Test_215,0.7412795238356777,0.004202503288546774,0.029124594999825476,0.22539337787594996
Test_216,0.8788200555638138,0.005987893854535641,0.11128019867287163,0.003911851908778967
Test_217,0.04842887533861933,0.08313322732889508,0.10133579937068163,0.7671020979618038
Test_218,0.8432947533714784,0.002796085633188746,0.13262462640967954,0.02128453458565325
Test_219,0.17387569779853632,0.08848706164009572,0.6688730229057751,0.06876421765559292
Test_220,0.0015323435162580361,0.004337898053158185,0.007088794048357648,0.9870409643822262
Test_221,0.11821639579625193,0.1941949318226326,0.3419344147617064,0.34565425761940904
Test_222,0.022228020490832504,0.013725493959231085,0.961195742977948,0.0028507425719883554
Test_223,0.0007447905308649905,0.007953992616469733,0.9888566819769798,0.0024445348756853857
Test_224,0.7391663421255505,0.009243871773847412,0.060246722283500906,0.19134306381710106
Test_225,0.6171040343157399,0.01980905471804789,0.3412745678894759,0.021812343076736348
Test_226,0.00015512528358984265,0.9443299301200033,0.046977151230857606,0.008537793365549275
Test_227,0.024144859006910428,0.07425063627563108,0.1944552465244833,0.7071492581929752
Test_228,0.08784761773907235,0.007816299307572664,0.8877322984928474,0.016603784460507528
Test_229,0.08110081996242575,0.10187628445967753,0.7732825376427488,0.04374035793514785
Test_230,0.4515495304499219,0.003682222777472298,0.5242225597704575,0.020545687002148188
Test_231,0.03628711006168433,0.048628995506277105,0.15135996226073745,0.7637239321713011
Test_232,0.18708286427044066,0.011169128394533072,0.7930907111587114,0.008657296176314833
Test_233,0.8168884537011064,0.000618735896831677,0.04924975004123198,0.13324306036082992
Test_234,0.061121564360386585,0.12669098059306438,0.16922241241861993,0.6429650426279291
Test_235,0.020036447337887994,0.0230965032401083,0.15737438565923761,0.7994926637627661
Test_236,0.11742635528113736,0.2924761392606079,0.07905753181228053,0.5110399736459742
Test_237,0.5646484884375216,0.016813827849553615,0.04994278849676927,0.36859489521615557
Test_238,0.0011268578647986808,0.029263821859233735,0.9692482518437214,0.00036106843224607783
Test_239,0.0008687368457744305,0.1827297690246421,0.7958411249835012,0.020560369146082058
Test_240,0.0036079568901832815,0.35704390450548573,0.6297501193036924,0.009598019300638555
Test_241,0.0005279520385165236,0.03784462419247175,0.9515291943949208,0.010098229374090951
Test_242,0.538271854444151,0.14798462086936368,0.11989392237853716,0.19384960230794807
Test_243,0.9500829789602177,0.005219746521207996,0.0340238144710325,0.010673460047541796
Test_244,0.9423193592975557,0.014902891446615855,0.020657953092602484,0.02211979616322601
Test_245,0.14568979891067046,0.05805687838230022,0.36014118687809366,0.4361121358289356
Test_246,0.010018209906858457,0.12521433804363777,0.1904525057033805,0.6743149463461233
Test_247,0.0007279981787400747,0.018136958438816814,0.007950198528250352,0.9731848448541927
Test_248,0.8197120672939924,0.01809749745591062,0.018341760190888044,0.14384867505920895
Test_249,0.002779979186632636,0.024006935703402347,0.9640208187611077,0.009192266348857475
Test_250,0.9703733899130467,0.0013194957603237633,0.014995285080448353,0.01331182924618141
Test_251,0.780869232786206,0.001777918454090156,0.032618337214320184,0.18473451154538356
Test_252,0.36150630115243104,0.06783617913287895,0.45544615984316733,0.11521135987152263
Test_253,0.018866774850811008,0.25423092401813047,0.12271407138453638,0.6041882297465222
Test_254,0.1971020927449875,0.0252697048947529,0.18575792872507246,0.5918702736351871
Test_255,0.020934719357835686,0.00571803234513427,0.06519983831216154,0.9081474099848685
Test_256,0.00017273809655555275,0.004113662022626977,0.00036215084801973136,0.9953514490327977
Test_257,0.047661912242984716,0.017562973040239207,0.9157956066028282,0.018979508113947996
Test_258,0.02371068168785695,0.08524669861622551,0.8237183616810696,0.06732425801484779
Test_259,0.4931393851545518,0.05032215748922832,0.33327010227103726,0.12326835508518266
Test_260,0.16615188631652913,0.0014824736208084728,0.007097832804344495,0.8252678072583178
Test_261,0.021780091106998783,0.026203162239192387,0.7595584832878969,0.19245826336591196
Test_262,0.07546860518183103,0.2117637691523247,0.5760728992068884,0.1366947264589558
Test_263,0.38728542188587606,0.03183751730273479,0.22768946337292106,0.35318759743846817
Test_264,0.2857353777602145,0.004097585228790743,0.6825124099793102,0.02765462703168466
Test_265,0.585838444182861,0.039610264232118914,0.21650059726384882,0.1580506943211713
Test_266,0.00098898706537558,0.005715196110587312,0.028286218778999464,0.9650095980450376
Test_267,0.9414427797204764,0.0010134799538254382,0.05022583493116259,0.007317905394535612
Test_268,0.0008041945587810507,0.5310283504261533,0.4556766844705283,0.012490770544537472
Test_269,0.831200967393349,0.0037346609721753566,0.10756642117151405,0.05749795046296153
Test_270,0.18455620455116423,0.007485170064381671,0.02139026207912439,0.7865683633053298
Test_271,0.4811196175119979,0.04348992177966614,0.1104669986194151,0.3649234620889209
Test_272,0.008682608547041993,0.12925682276405173,0.30939485097541625,0.55266571771349
Test_273,0.7518199548390203,0.02775964338433463,0.027345860957880132,0.1930745408187649
Test_274,0.009390725255025819,0.023630326176003084,0.9540487627494529,0.012930185819518136
Test_275,0.017120057695841996,0.3205561056851987,0.5533587182224496,0.10896511839650957
Test_276,0.012475193129898783,0.01899012964480053,0.003969974892416486,0.9645647023328842
Test_277,0.22495388153797455,0.06827758772196664,0.3537671185721713,0.35300141216788755
Test_278,0.027468909530851154,0.05338123197352854,0.08641321795821935,0.8327366405374009
Test_279,0.13169140734526089,0.020531452456644613,0.8290710511655293,0.01870608903256517
Test_280,0.34406458777620375,0.007282085075349093,0.029844527212626926,0.6188087999358203
Test_281,0.14724218818396795,0.08872465182147549,0.18226596026700964,0.5817671997275469
Test_282,0.010982412916462708,0.7929731169343829,0.07528873029674192,0.12075573985241252
Test_283,0.09118538703528119,0.266254834983943,0.20179901715277762,0.44076076082799814
Test_284,0.054838872657163674,0.4570265956601094,0.2135474965771505,0.2745870351055764
Test_285,0.9651852927364075,0.0024778489105997414,0.012571833287654228,0.019765025065338584
Test_286,0.37192247562130026,0.02839443571392653,0.43527411340136596,0.1644089752634072
Test_287,0.9736187014146261,6.604056639865805e-05,0.010248375945907832,0.016066882073067165
Test_288,0.001685296439234972,0.0065849211767037485,0.004439149495116763,0.9872906328889446
Test_289,0.011149153303033654,0.012143762013924067,0.13229045061570446,0.8444166340673379
Test_290,0.01817832818805386,0.026932819877457093,0.8458451208214255,0.10904373111306352
Test_291,0.4232563854198877,0.014438337425262321,0.552463092398832,0.009842184756018037
Test_292,0.9618610989778236,0.00239151581684256,0.008364866895753397,0.02738251830958055
Test_293,0.09222561566461271,0.06630771523337357,0.7648015116234258,0.07666515747858801
Test_294,0.1197099534505552,0.03776826569442844,0.7984187191231934,0.044103061731822935
Test_295,0.270850660902022,0.019254007313308234,0.7046669285742965,0.0052284032103730995
Test_296,0.07540493384730974,0.06306256527913828,0.6614647526146055,0.20006774825894652
Test_297,1.627844941824116e-05,0.1095346383990296,0.0015261931812766143,0.8889228899702756
Test_298,0.00014048564093163611,0.11108912208581938,0.8330241557607061,0.055746236512542915
Test_299,0.020298622730993678,0.3068308270731951,0.05453379038971004,0.6183367598061011
Test_300,0.9168516823781913,0.0006701873072803385,0.0063377767122266455,0.07614035360230183
Test_301,0.027334224415763077,0.0528027787190115,0.6238572927360979,0.2960057041291275
Test_302,0.00542436332599811,0.1127725268157702,0.22800162173202201,0.6538014881262098
Test_303,0.8889817582720382,0.001422791108230297,0.0777741665733868,0.0318212840463446
Test_304,0.9324665547784392,0.007345541433457243,0.013993704431857316,0.046194199356246066
Test_305,0.33735885760955514,0.0957147132518121,0.0228998235423705,0.5440266055962621
Test_306,0.014984282642617279,0.2604774903619199,0.3985067877484543,0.32603143924700845
Test_307,0.23883680327725518,0.11313686128422477,0.6403712399738013,0.007655095464718743
Test_308,0.37757484016078463,0.03752593783432172,0.4901370490862233,0.09476217291867046
Test_309,0.02506947282466529,0.020115744598361268,0.8084552385237986,0.14635954405317483
Test_310,0.0006636897936801302,0.5068133868575617,0.45639270716411484,0.03613021618464322
Test_311,0.02213646645057235,0.015633575772982376,0.953648013777072,0.008581943999373272
Test_312,0.01239093264342046,0.015508460629427253,0.0030380332764217,0.9690625734507305
Test_313,0.012119737161768026,0.01272547110570425,0.058083448092721215,0.9170713436398065
Test_314,0.2050103940674816,0.04624496748173665,0.0576368756108893,0.6911077628398925
Test_315,0.11638038006682856,0.0007456305198286695,0.0077305550150722074,0.8751434343982706
Test_316,0.16949296629985425,0.0036580770046757906,0.7229455294381439,0.10390342725732614
Test_317,0.021502451012519443,0.01679610022178873,0.8930752593181309,0.06862618944756084
Test_318,0.0009962835959410807,0.7999274294771228,0.01142993750386775,0.18764634942306854
Test_319,0.0032902900480821125,0.05662420704010891,0.9348677178721324,0.00521778503967645
Test_320,0.029135597669979446,0.036572579261024585,0.8473699824729415,0.08692184059605433
Test_321,0.4837362536470341,0.06184822144094289,0.10508348600926706,0.34933203890275594
Test_322,0.5918498679912284,0.015184179616010577,0.16864482443970136,0.22432112795305953
Test_323,0.18284797896099458,0.10853555553912546,0.24814929576911238,0.46046716973076757
Test_324,0.059554210251400175,0.23242412314484748,0.6775803007347221,0.030441365869030314
Test_325,0.1028221418268664,0.009946114518030819,0.03956977321850044,0.8476619704366024
Test_326,0.13241526801832265,0.007958646225009948,0.8467461549596121,0.01287993079705533
Test_327,0.5179625083168999,0.027723841098625433,0.04936577382528088,0.4049478767591938
Test_328,0.020997645604746807,0.035563744301203314,0.7928256575943483,0.15061295249970158
Test_329,0.1945871767090247,0.01794017800009725,0.4881311969270569,0.2993414483638213
Test_330,0.006647047028441225,0.10458194759139168,0.2233855867197335,0.6653854186604335
Test_331,0.09206911125730442,0.0953049919364775,0.020622784239458153,0.7920031125667598
Test_332,0.6757405213612565,0.032489734291319815,0.26910308917441855,0.02266665517300508
Test_333,0.4738264841672466,0.007090993913462742,0.48814403220760166,0.03093848971168898
Test_334,0.0003047006042253866,0.006923937976009836,0.9919307409090372,0.0008406205107275717
Test_335,0.19880762665464805,0.14003466890236446,0.5058128312184257,0.15534487322456186
Test_336,0.33919149570959123,0.008654670359502365,0.47402345021008807,0.1781303837208184
Test_337,0.12460157577176023,0.21381665162320393,0.0706395614643194,0.5909422111407164
Test_338,0.9090745205463612,0.008729350238055685,0.06036453391173871,0.021831595303844552
Test_339,0.04938056491830183,0.5349044483299918,0.1379778089137215,0.2777371778379849
Test_340,0.0945657746119489,0.016046055853160737,0.5732264181161665,0.316161751418724
Test_341,0.5597733215224119,0.06951588427484756,0.12189896432991879,0.24881182987282174
Test_342,0.9731460565662713,0.001601625674928192,0.013255930272697452,0.011996387486103013
Test_343,0.9385094462814874,0.01109092037233787,0.01086127936335112,0.03953835398282361
Test_344,0.10834813777653082,0.04586755440885353,0.83281902826448,0.012965279550135723
Test_345,0.03859515651932316,0.006956089850257578,0.9501797226218069,0.0042690310086123395
Test_346,0.04125281404827099,0.031809506703740026,0.8907066249852027,0.03623105426278633
Test_347,0.03267559625410184,0.006156122418984836,0.8861438231934554,0.07502445813345786
Test_348,0.01152684808828246,0.004002326990023473,0.008911295777718625,0.9755595291439754
Test_349,0.38042351639359184,0.12055306324649473,0.4689523092180734,0.03007111114184002
Test_350,0.031071707091748585,0.2391549626867649,0.2285003239775652,0.5012730062439213
Test_351,7.602311498524438e-05,0.07981666482578573,0.9175219898038465,0.0025853222553825126
Test_352,0.07481853496879357,0.06866483745045442,0.01882209583378079,0.8376945317469712
Test_353,0.22189142307065668,0.07511190663133077,0.0460446091493485,0.656952061148664
Test_354,0.1646594474333528,0.15762417618487448,0.44901517109368494,0.22870120528808774
Test_355,0.40962901660336726,0.0924034954245247,0.16495644121044525,0.3330110467616628
Test_356,0.9051371973963765,0.005101525223692278,0.0578543206281351,0.03190695675179599
Test_357,0.961737812451001,0.001497440207845695,0.024061387489713433,0.012703359851439909
Test_358,0.04632673691821543,0.16169669358380326,0.6493381177210608,0.14263845177692042
Test_359,0.025774068618637777,0.013797149897442363,0.013208311517915215,0.9472204699660047
Test_360,0.5228422939753804,0.06440882342850734,0.07927298163011025,0.33347590096600194
Test_361,0.7961269722429388,0.007362522084891372,0.01872657702943019,0.17778392864273962
Test_362,0.9567908811213823,0.000598367637380793,0.020887405982952436,0.021723345258284597
Test_363,0.007021619195850271,0.036855499743301476,0.9394199570107312,0.01670292405011697
Test_364,0.07328111038289434,0.0038912045628882235,0.9177639631930571,0.005063721861160198
Test_365,0.4509014341146695,0.007494101718427311,0.5352100949641407,0.0063943692027624765
Test_366,0.029382229591059635,0.01165348039385011,0.9497584868540928,0.00920580316099747
Test_367,0.006976231999180338,0.024809809851564918,0.1783357022193578,0.7898782559298969
Test_368,0.4107305065496309,0.08118464156890566,0.33943827585768094,0.16864657602378239
Test_369,0.0066870673068365714,0.004276278115399571,0.007201765277538771,0.981834889300225
Test_370,0.20550841187187324,0.03476645772812566,0.756254303359375,0.0034708270406260625
Test_371,0.04519245613804536,0.020109866061809707,0.6236619999281888,0.311035677871956
Test_372,0.017430231999329807,0.06458834444763475,0.060774279533534904,0.8572071440195005
Test_373,0.02380231244902254,0.028263459015381426,0.7877000747042051,0.160234153831391
Test_374,0.08063699098415578,0.1280568834924832,0.1283654830725318,0.6629406424508292
Test_375,0.16143456099688652,0.002656113822703255,0.0036767907623360195,0.8322325344180742
Test_376,0.8770792680328905,0.0042313746707108996,0.019609079249384723,0.09908027804701376
Test_377,0.7488772848280144,0.00676697885183042,0.12318621113197077,0.12116952518818455
Test_378,0.07840373484772421,0.058865026192491024,0.8150565720960501,0.04767466686373484
Test_379,0.062175869700510054,0.07196851352630512,0.4848128992109793,0.3810427175622054
Test_380,0.2428293387031789,0.030561763688116014,0.19583182685036285,0.5307770707583422
Test_381,0.39133592058846484,0.04420385398221834,0.042869795508532614,0.5215904299207843
Test_382,0.08994616964377523,0.012073310031858908,0.032954611424747184,0.8650259088996187
Test_383,0.6154139058221758,0.03578253290294759,0.05465782021371467,0.29414574106116187
Test_384,0.5469237259566591,0.004623211433230396,0.36533377159423996,0.08311929101587054
Test_385,0.32577415381834834,0.015346959117814312,0.03755011710045111,0.6213287699633863
Test_386,0.00042610173171019034,0.1770947438429527,0.743596197352501,0.07888295707283606
Test_387,0.26672108841247605,0.0761566049892129,0.09439538930815079,0.5627269172901602
Test_388,0.8575776199066375,0.0012110974214868252,0.04860097799645718,0.09261030467541859
Test_389,0.2784875971453949,0.017416517965133698,0.7005636949762792,0.0035321899131921454
Test_390,0.350213539158612,0.0024100080804382393,0.01494037090033353,0.6324360818606163
Test_391,0.07347439974784784,0.4200560328657902,0.45765539949892753,0.04881416788743445
Test_392,0.01045303179154667,0.011107002025416817,0.8589621823050049,0.11947778387803154
Test_393,0.0725158734039727,0.0005613203338446199,0.00048643534460677374,0.9264363709175759
Test_394,0.6868153608929959,0.00518383044749691,0.10887434961267928,0.19912645904682802
Test_395,0.0005247187022617325,0.24376013987771022,0.7465988573653063,0.009116284054721828
Test_396,0.06855615697749141,0.07642095498490867,0.031473987452130835,0.8235489005854691
Test_397,0.004640133604131036,0.008598533970646445,0.006342064235519823,0.9804192681897027
Test_398,0.00041323070163918257,0.08988777306522082,0.8767335025116895,0.032965493721450675
Test_399,0.7499775050341899,0.019566386754897143,0.19768966538283478,0.03276644282807815
Test_400,0.006495592410832181,0.012702876532389369,0.9570945074574215,0.02370702359935696
Test_401,0.006932643068202282,0.06234147596181452,0.9117344010943343,0.018991479875648955
Test_402,0.0577653883485666,0.02048813185793553,0.29793492373422575,0.6238115560592721
Test_403,0.004681117720535844,0.058870881135881126,0.9304070764373572,0.006040924706225799
Test_404,0.0813515511977352,0.07550986153680508,0.5361960677608784,0.3069425195045814
Test_405,0.0036997950681139377,0.0015304302227129296,0.0008800431326978962,0.9938897315764753
Test_406,0.0004777742243299747,0.007031893762473042,0.0006793430638269848,0.99181098894937
Test_407,0.0024768860493481963,0.0074824116784841235,0.0007385306633941805,0.9893021716087734
Test_408,0.2871541641217415,0.08814597134158605,0.06492998004222637,0.559769884494446
Test_409,0.09017417768275622,0.010473893477210644,0.03411324138928288,0.8652386874507502
Test_410,0.01846893340302962,0.005884263011237188,0.017273424506569827,0.9583733790791633
Test_411,0.7808189977180061,0.006406426656467958,0.029923405201404334,0.1828511704241214
Test_412,0.020587277541844418,0.4174162876955543,0.5347475217617951,0.02724891300080618
Test_413,0.24381196928814705,0.0033339071435672155,0.7060714698518402,0.0467826537164456
Test_414,1.695990557336352e-05,0.0013414007430467125,0.998424262477902,0.00021737687347787103
Test_415,0.15197440122361774,0.054526293879711876,0.7254215697018739,0.06807773519479653
Test_416,0.046449537786000944,0.14926590668730153,0.39565299716999874,0.40863155835669884
Test_417,0.027036743843661483,0.0035377869244472304,0.9649449707094881,0.004480498522403215
Test_418,0.21252765432471307,0.17546147372319568,0.5777984765079192,0.03421239544417198
Test_419,0.839843518450415,0.006574588212481434,0.09756825515566574,0.05601363818143771
Test_420,0.008309962417859983,0.12798518411976678,0.8602185396811387,0.0034863137812344933
Test_421,0.006327957160939074,0.002996962332677702,0.006425519531035013,0.9842495609753482
Test_422,0.23831990856621943,0.10801986003290465,0.10585058535766506,0.5478096460432108
Test_423,0.0701382612102314,0.05979179572063349,0.8543087925215983,0.015761150547536837
Test_424,0.014659884052486135,0.11804390396294374,0.38297129820436326,0.4843249137802068
Test_425,0.7720500441408737,0.008899498254146111,0.05489544676922811,0.16415501083575199
Test_426,0.02633426691800142,0.0007287359730322356,0.969852879697783,0.0030841174111834162
Test_427,0.0007292024653863756,0.0011370474763282012,0.006050569211564706,0.9920831808467208
Test_428,0.002036898501660171,0.015799984485073866,0.008714405602759375,0.9734487114105067
Test_429,0.10660182341769997,0.2334880564544394,0.4239859486179991,0.23592417150986156
Test_430,0.7130767051635954,0.14279495570024603,0.13705719785317752,0.007071141282981027
Test_431,0.6496836211123826,0.03476918579986731,0.22131321596354908,0.09423397712420091
Test_432,0.026596297082509036,0.20736368221787913,0.02356490783189612,0.7424751128677157
Test_433,0.02041546232852886,0.020457200037138648,0.007614234034228936,0.9515131036001035
Test_434,0.013481320735807054,0.0035574739555198982,0.016528186844828343,0.9664330184638447
Test_435,0.3358019206820257,0.01862515781904688,0.4079498920868016,0.23762302941212576
Test_436,0.05653928749657761,0.048087489529993345,0.010025268213763277,0.8853479547596658
Test_437,0.15304599652559428,0.17087543691660928,0.6227553293047837,0.05332323725301266
Test_438,0.015834816829235616,0.09332243872449728,0.4325093945647758,0.4583333498814914
Test_439,0.04836851074382078,0.06264029671520666,0.8592095728312168,0.02978161970975564
Test_440,0.001538237767231796,0.1330869145753644,0.8588164345907797,0.006558413066623992
Test_441,0.771388338248808,0.036816956606319104,0.16418666601211146,0.02760803913276137
Test_442,0.001102884485785789,0.003328379449383478,0.995180510873664,0.00038822519116670895
Test_443,0.0032486242890823404,0.18261931734492876,0.10877341864749301,0.705358639718496
Test_444,0.7742610318780186,0.02743505329728285,0.0381600567810081,0.16014385804369036
Test_445,0.041054689529876995,0.022403150521197897,0.21819122596600649,0.7183509339829187
Test_446,0.0009233308723939625,0.11574388805852123,0.7422819870341503,0.14105079403493462
Test_447,0.249365075468669,0.08850938577710163,0.5404678142514818,0.12165772450274762
Test_448,0.01957754591125004,0.04467215192178943,0.9062989171581255,0.029451385008835138
