image_id,healthy,multiple_diseases,rust,scab
Test_0,0.05841285862543961,0.1834789549689125,0.6339573762528826,0.1241508101527653
Test_1,0.017239102904445157,0.21089136684395168,0.7248507212519862,0.04701880899961689
Test_2,0.004621436055563907,0.02043782179425955,0.04162229741644086,0.9333184447337356
Test_3,0.9441723477577761,0.0015946814338055712,0.045684944025167616,0.00854802678325092
Test_4,0.01366335141237519,0.024817956918224887,0.9349983884740677,0.02652030319533227
Test_5,0.8504899573033544,0.014056908502024026,0.07549795470069977,0.05995517949392194
Test_6,0.9106639322190021,0.004432249757300922,0.024723075877444208,0.060180742146253
Test_7,0.009508496584397903,0.037274215658674906,0.002762322472619219,0.950454965284308
Test_8,0.1114581580320168,0.2760577300108282,0.03842813644536826,0.5740559755117869
Test_9,0.023843091868924537,0.01000848877620556,0.9442643647409694,0.021884054613900413
Test_10,0.00597596636007785,0.053749507816348054,0.9375914482660966,0.0026830775574773398
Test_11,0.6410184098621567,0.008097651660304357,0.29402671911550965,0.05685721936202934
Test_12,0.06729030769421147,0.11924264189988151,0.00888081019946583,0.8045862402064412
Test_13,0.8505874674315381,0.004750911267186988,0.07117099592585051,0.07349062537542453
Test_14,0.12495967983337035,0.009619291082624583,0.7891591808349142,0.07626184824909094
Test_15,0.08394634412717208,0.04886936937783335,0.3360523733182986,0.531131913176696
Test_16,0.4550449595024598,0.039632211201729606,0.4321538160650222,0.07316901323078857
Test_17,0.012718139314976536,0.529112868392077,0.41258361942635935,0.04558537286658705
Test_18,0.40649655276281504,0.021629136252064574,0.3658666474385035,0.20600766354661684
Test_19,0.002246429012713323,0.16794608362512237,0.7997537133391648,0.030053774022999503
Test_20,0.27620221709599635,0.012006769488649732,0.0995165495201837,0.6122744638951703
Test_21,0.7496955736146406,0.0024681882056117902,0.03314026535466132,0.21469597282508635
Test_22,0.10611987941487216,0.17539258439124186,0.5055765811415761,0.21291095505230995
Test_23,0.4675178680709482,0.014668076016176234,0.142511522431369,0.37530253348150655
Test_24,0.7345837467183551,0.013631220542788694,0.11255299637977445,0.13923203635908166
Test_25,0.8751573772262353,0.00716990541002168,0.06005639431291255,0.05761632305083052
Test_26,0.17044275821000132,0.054322449658228966,0.35424999443725375,0.420984797694516
Test_27,0.0604496453513024,0.15737278665996834,0.6967613713977163,0.08541619659101292
Test_28,0.7535228040163314,0.050019599480965876,0.07310851859885475,0.12334907790384794
Test_29,0.01956810166841553,0.6502044297234851,0.2115389924875297,0.1186884761205697
Test_30,0.6146811956462952,0.025011013607565847,0.07034895663568658,0.2899588341104523
Test_31,0.008655356646020127,0.5912326421819639,0.23228997790185332,0.1678220232701626
Test_32,0.3770738291064876,0.001822502705513431,0.6031908979982669,0.01791277018973205
Test_33,0.011585785369887424,0.014649098158922009,0.0010334797221153568,0.9727316367490751
Test_34,0.05325213318801895,0.02828887044367606,0.30139055361244965,0.6170684427558554
Test_35,0.012581026654411017,0.015146096716262342,0.007604715025702151,0.9646681616036246
Test_36,0.15894309501971038,0.014422921085948871,0.7466963765156868,0.07993760737865394
Test_37,0.14736528481270647,0.02119942748713049,0.027295243070505723,0.8041400446296573
Test_38,0.0675233390595897,0.07510671966885382,0.0089378494971243,0.8484320917744321
Test_39,0.013714688155544073,0.016529526131232986,0.8934763277837083,0.0762794579295146
Test_40,0.13334331522207835,0.24809001072652823,0.2526703484389067,0.3658963256124867
Test_41,0.2968107576224465,0.042362843941027226,0.6426391528642291,0.018187245572297096
Test_42,0.019014384137072435,0.014064078211600854,0.009618078644250449,0.9573034590070764
Test_43,0.18653828090079813,0.023495147783674765,0.7823789867487257,0.007587584566801243
Test_44,0.24939980450853624,0.09101326923569783,0.08978734544771247,0.5697995808080535
Test_45,0.07214626553492658,0.3164306432776746,0.18302818489998912,0.4283949062874096
Test_46,0.29010006366730473,0.21078979524515598,0.14834628476949108,0.35076385631804824
Test_47,0.008916575314553535,0.08461418636751342,0.8238822243204532,0.08258701399747975
Test_48,0.044003843407100764,0.05090671599428123,0.8346868665289341,0.0704025740696839
Test_49,0.033574851066051875,0.04485008859695318,0.8928460510447636,0.028729009292231482
Test_50,0.003496961033957477,0.03602293064994652,0.9582427587070943,0.0022373496090015376
Test_51,0.5767663677912754,0.015696453286584963,0.1180065628115179,0.28953061611062175
Test_52,0.09520347296906352,0.07808321749738978,0.45416709810166145,0.3725462114318853
Test_53,0.1158226077602287,0.0702112390244963,0.8000578454100576,0.01390830780521736
Test_54,0.5820011648001967,0.04968400904380575,0.09610335333145693,0.2722114728245406
Test_55,0.10952986227424628,0.006432687035023233,0.09371141913762436,0.7903260315531061
Test_56,0.38906791679676417,0.04334397042469191,0.2854887898191702,0.2820993229593736
Test_57,0.5392382771731932,0.02112358164850998,0.26291104700668777,0.17672709417160906
Test_58,0.03747323619517796,0.1072129970317174,0.025497256424366763,0.8298165103487378
Test_59,0.050027034042726924,0.06018935711065809,0.8378477504948394,0.05193585835177563
Test_60,0.011961640286270647,0.0878910148073878,0.010193936022610265,0.8899534088837314
Test_61,0.5868763150845469,0.0166355078397603,0.17737745444789454,0.21911072262779835
Test_62,0.12988211984745604,0.05012696889558813,0.6580840973873445,0.16190681386961125
Test_63,0.367233365972116,0.011276853826587725,0.05592018506913504,0.5655695951321613
Test_64,0.299407925770598,0.0903171441829794,0.45496089245840815,0.1553140375880144
Test_65,0.07910709152521889,0.046594608589925306,0.437354737245288,0.4369435626395678
Test_66,0.7876779986626957,0.13270275847234747,0.04245399911144199,0.03716524375351487
Test_67,0.06413268156606175,0.19233224599911722,0.1190271656581347,0.6245079067766863
Test_68,0.025800812411035344,0.33993888884754,0.5436267366446874,0.09063356209673722
Test_69,0.009799622297987127,0.1117737276957315,0.8051109185109516,0.07331573149532983
Test_70,0.008088932275764843,0.007716977990928514,0.005018528333028609,0.979175561400278
Test_71,0.024736547025158363,0.010241566855930983,0.9560352371011139,0.008986649017796656
Test_72,0.11384877322818364,0.17146971409763914,0.1139265481258356,0.6007549645483417
Test_73,0.5629109167062021,0.07799483036614839,0.2851634928460015,0.07393076008164798
Test_74,0.8816542178390286,0.010883688256620824,0.011738821943606932,0.09572327196074362
Test_75,0.18853042699753456,0.18098030537333598,0.08831869332087355,0.542170574308256
Test_76,0.7353849932510956,0.01371640771834107,0.16416170268528332,0.08673689634527991
Test_77,0.7425071649550438,0.002541732836573252,0.2513198162125728,0.0036312859958101866
Test_78,0.23950741554149474,0.22534221730341356,0.12439792146348119,0.41075244569161046
Test_79,0.15612833031064663,0.12264969289958431,0.5876970472243179,0.1335249295654511
Test_80,0.020913562374597582,0.7927592732872782,0.07951559567166183,0.10681156866646221
Test_81,0.2831826935888769,0.014507199263767916,0.3670587046156184,0.33525140253173685
Test_82,0.12479528255432552,0.02397491544845289,0.8354543204012983,0.015775481595923353
Test_83,0.01909734395072138,0.03249983988699098,0.008122097787126864,0.9402807183751608
Test_84,0.46121032998735223,0.03463498713574372,0.34496213461681596,0.15919254826008816
Test_85,0.34469833630142976,0.004213526773243377,0.03186364523461872,0.6192244916907081
Test_86,0.43253755772442665,0.3029536235105104,0.17526802863403584,0.0892407901310271
Test_87,0.8130861457253251,0.0031105561005949625,0.02321069493989844,0.16059260323418145
Test_88,0.022884208881772505,0.012805508156193855,0.9074222040052509,0.056888078956782696
Test_89,0.38547620108733166,0.1998694897525212,0.28529459950348773,0.12935970965665936
Test_90,0.3169142295146603,0.2295228185486245,0.15100938673393338,0.30255356520278187
Test_91,0.8389179010247471,0.008830697028412144,0.05852051913078479,0.09373088281605606
Test_92,0.8859958404867723,0.0018739668741769298,0.041448495689182324,0.07068169694986846
Test_93,0.008194482648243006,0.11708719138551754,0.8651107692986165,0.00960755666762298
Test_94,0.38246940457840756,0.03220866494812931,0.0064148412666316075,0.5789070892068315
Test_95,0.2881785698032948,0.020887882993949655,0.40080758492473406,0.2901259622780215
Test_96,0.1257230848567352,0.009939008072366216,0.3473517956525757,0.5169861114183228
Test_97,0.8526173301195562,0.006212032262098366,0.05837765962645367,0.08279297799189195
Test_98,0.651492793195443,0.16629391167229574,0.0483756020537716,0.13383769307848972
Test_99,0.6798368281444844,0.017937623223004833,0.1687268488970855,0.1334986997354253
Test_100,0.033346476323178546,0.004100002165059948,0.0024499270653641873,0.9601035944463974
Test_101,0.6225922030839656,0.010502346811436454,0.165240936451575,0.201664513653023
Test_102,0.35715816814283136,0.07523081330752372,0.16481141421363618,0.4027996043360087
Test_103,0.02716431381576927,0.24544260947522764,0.7154018031042589,0.011991273604744229
Test_104,0.09451949882217577,0.102595042453017,0.3765513604072942,0.426334098317513
Test_105,0.11290214995799142,0.0068992921352327005,0.15706107639502773,0.7231374815117481
Test_106,0.6460398691211076,0.008030176031272323,0.1896020840970115,0.15632787075060858
Test_107,0.16381559902798037,0.05485933547031424,0.6749212346221745,0.10640383087953097
Test_108,0.09561245538740827,0.015247528201230683,0.10064167649769248,0.7884983399136685
Test_109,0.23597666025028782,0.05017187677879689,0.3374009201353714,0.3764505428355438
Test_110,0.5765325165075099,0.005555718878760308,0.21364421972219252,0.20426754489153728
Test_111,0.39832137388298455,0.053206742460168086,0.3144639306144847,0.23400795304236266
Test_112,0.10990828456553046,0.05117502276741909,0.6611806297153385,0.17773606295171204
Test_113,0.03653341975472804,0.320627195774435,0.06402619425122574,0.5788131902196112
Test_114,0.00451298926263083,0.2911941715397616,0.671236364979048,0.0330564742185595
Test_115,0.283246585506599,0.22607268743259504,0.3173728051471288,0.17330792191367714
Test_116,0.6387323919261192,0.08084994620331495,0.20577188796460733,0.07464577390595838
Test_117,0.005763645634915054,0.01298036199903234,0.9536171429153188,0.02763884945073372
Test_118,0.16198792767170725,0.06183518005187135,0.7619363170698659,0.014240575206555476
Test_119,0.8026621128946096,0.008337609598877596,0.18037237873524323,0.008627898771269434
Test_120,0.017995284828625748,0.04613201959129529,0.9133147789796902,0.022557916600388733
Test_121,0.2956134624129655,0.04305900659564701,0.14011367970364483,0.5212138512877427
Test_122,0.8302837173673815,0.0059573838721733744,0.15512679485042444,0.0086321039100206
Test_123,0.002794866704472728,0.0245453024871264,0.9718788108017261,0.0007810200066748805
Test_124,0.7267564240879396,0.013824833215601105,0.051039247360078956,0.20837949533638025
Test_125,0.287609107547826,0.24468446263228716,0.019568824769632284,0.4481376050502546
Test_126,0.5548327497596057,0.17212608034497648,0.07406639028442351,0.1989747796109944
Test_127,0.3544724709791634,0.011671364637235459,0.05938643587391624,0.5744697285096849
Test_128,0.13730808527347593,0.30081639560089507,0.401021280347082,0.16085423877854688
Test_129,0.10783548366636093,0.03808737059919332,0.21455956387920694,0.6395175818552387
Test_130,0.029938038715436762,0.04148788401432412,0.010086464029780385,0.9184876132404587
Test_131,0.006001109618250768,0.005403222585524766,0.00610258991039499,0.9824930778858294
Test_132,0.677749256761472,0.009046332021690971,0.10316386923463144,0.21004054198220548
Test_133,0.008077959441538577,0.025300492040330785,0.015452139402100365,0.9511694091160303
Test_134,0.1536960557972843,0.012696474579184902,0.41843344381993597,0.41517402580359486
Test_135,0.025907715799501616,0.04361726872305413,0.06975532578059097,0.8607196896968532
Test_136,0.10600639617546426,0.0021235523009247802,0.21617134066117388,0.6756987108624372
Test_137,5.403122303579207e-05,0.09975793452663785,0.8974721888230572,0.0027158454272690636
Test_138,0.14948525823857126,0.019058493541458457,0.8229952797225012,0.00846096849746904
Test_139,0.8024132542562108,0.013595706204958197,0.13048665930865525,0.053504380230175654
Test_140,0.41159350274012285,0.004049638335347821,0.47786250660438834,0.10649435232014094
Test_141,0.3292446431914131,0.024533288792267665,0.37204470222872543,0.2741773657875937
Test_142,0.026125031018413722,0.6259768205574863,0.010208944280672826,0.33768920414342724
Test_143,0.15012598494506454,0.43424778679854525,0.37698229987032716,0.038643928386063085
Test_144,0.9208781668558537,0.0023153185378826284,0.06849662717614101,0.008309887430122809
Test_145,0.5546644874537439,0.09201308249545467,0.2466405812586804,0.1066818487921212
Test_146,8.19075977010618e-05,0.0035617589660908336,0.9962878247303838,6.850870582417667e-05
Test_147,0.08563138002043158,0.007624980529409819,0.5130419284846659,0.3937017109654926
Test_148,0.014458453472960996,0.2959383836555093,0.6681657210626095,0.02143744180892032
Test_149,0.14976925921469567,0.02291525418206269,0.8073914349868111,0.0199240516164305
Test_150,0.1259578512241497,0.1263376248639101,0.6236967866660608,0.12400773724587934
Test_151,0.016048366991860293,0.008465837749777425,0.968324370160283,0.007161425098079098
Test_152,0.048289331803910485,0.1726918233875738,0.738677439610799,0.04034140519771663
Test_153,0.2911463554960779,0.008656681972310398,0.2592182530391604,0.44097870949245127
Test_154,0.08614123753246801,0.016033075399542334,0.7637859838333309,0.13403970323465886
Test_155,0.0035713460427380787,0.08966630318032451,0.8936454163043352,0.013116934472602175
Test_156,0.1997424108466959,0.1551506188031599,0.04867718830541366,0.5964297820447305
Test_157,0.6254814024093854,0.003379496852782155,0.033386253749347096,0.33775284698848534
Test_158,0.06296882182736037,0.0032094919304776737,0.002720111973135508,0.9311015742690264
Test_159,0.6231970366656175,0.023960761372927644,0.16706091962632197,0.18578128233513286
Test_160,0.5662249333128326,0.013994720134748142,0.004423552962630238,0.4153567935897889
Test_161,0.04453716424668185,0.017546837280581408,0.8973097874834269,0.0406062109893099
Test_162,0.26878015124593846,0.0515237532691656,0.6517462979647287,0.027949797520167248
Test_163,0.12318412745889462,0.1002618210965905,0.33380907019033723,0.4427449812541777
Test_164,0.8936353372819228,0.010198143220498258,0.040277783210828894,0.05588873628675
Test_165,0.03534622704443094,0.07615914670902682,0.28210163534676697,0.6063929908997753
Test_166,0.4164768363497775,0.02413657620151577,0.48264354680753135,0.07674304064117526
Test_167,0.3597259672050255,0.029942632330095448,0.4986324084070579,0.11169899205782115
Test_168,0.001642095936231716,0.007906510958619866,0.9892246992597254,0.0012266938454230003
Test_169,0.535076969598472,0.18626221787154384,0.07306060694708728,0.20560020558289704
Test_170,0.0401182364656835,0.02721858858437341,0.2968839927603995,0.6357791821895435
Test_171,0.056400259243024164,0.02177000860975128,0.5672863745617522,0.3545433575854722
Test_172,0.008010306560592874,0.4402728765225807,0.5412223518907846,0.010494465026041908
Test_173,0.005385749830410603,0.013338537098413754,0.9795535166960361,0.0017221963751395477
Test_174,0.2307809049028072,0.12383723390737753,0.2906388035346551,0.3547430576551603
Test_175,0.23048138697640633,0.04006982980196369,0.2399379584045336,0.4895108248170963
Test_176,0.012705982542220625,0.05860042107924174,0.9200431365251979,0.008650459853339777
Test_177,0.042556471625114806,0.008149474751600456,0.01004414635515796,0.9392499072681268
Test_178,0.6412075567709995,0.005129946041272572,0.01955084558230461,0.33411165160542333
Test_179,0.000447699675641022,0.022374269466398672,0.9769095175106849,0.00026851334727551873
Test_180,0.04841000687872689,0.027954443032068742,0.3050987629313744,0.61853678715783
Test_181,0.019886239954548822,0.04307596535080614,0.02244624689641653,0.9145915477982286
Test_182,0.0173795956483592,0.07282105555581879,0.8305319651477315,0.07926738364809044
Test_183,0.5480522910715065,0.005239791624098546,0.34890160260110054,0.09780631470329444
Test_184,0.40320769509933435,0.24335077751328643,0.1104192976138794,0.24302222977349983
Test_185,0.32620799357806773,0.2633398912037812,0.1711567555979304,0.23929535962022072
Test_186,0.023650687056230236,0.02182222540802895,0.029836038026825624,0.9246910495089152
Test_187,0.10716003955593859,0.079908660677544,0.5734552474884725,0.23947605227804486
Test_188,0.07090137152882658,0.011825873183919209,0.8975048944263478,0.019767860860906393
Test_189,0.1403313415863461,0.03460507611643292,0.3653149561655061,0.45974862613171485
Test_190,0.027745207877287015,0.17558732417463202,0.7709035562516852,0.025763911696395615
Test_191,0.00022116365803129576,0.03733841345868241,0.9617158111746207,0.0007246117086656639
Test_192,0.5988956321357849,0.0007907654797381541,0.3744663345244662,0.025847267860010778
Test_193,0.20536073866481555,0.10693807875239034,0.2632269952729315,0.4244741873098626
Test_194,0.0010472763667130549,0.2616520678786187,0.7087016268251061,0.028599028929562214
Test_195,0.4177340893100842,0.054793637579893514,0.3544107781321346,0.17306149497788761
Test_196,0.11718822530428412,0.016833975229382122,0.009272587380074906,0.8567052120862588
Test_197,0.013928781542958383,0.014021892269309494,0.9568498467221457,0.015199479465586481
Test_198,0.13874205663878472,0.13382632923989352,0.24807121173163899,0.4793604023896827
Test_199,0.038995914916235844,0.026312257803027844,0.8753013217279852,0.059390505552751126
Test_200,0.040641851391635384,0.0068578003958633515,0.893268821427585,0.05923152678491628
Test_201,0.006558162951247277,0.0034421064317947023,0.020778037620558742,0.9692216929963993
Test_202,0.060271759612191084,0.26260524063019913,0.5696105406061323,0.10751245915147738
Test_203,0.19025974862920483,0.671299754015027,0.03400700722208703,0.10443349013368138
Test_204,0.21561191731336682,0.014412952534822287,0.28318424153850635,0.48679088861330455
Test_205,0.044130096334538044,0.009657284680204572,0.037804883677854374,0.908407735307403
Test_206,0.002827606415670235,0.008431757487104915,0.0034641374375557355,0.985276498659669
Test_207,0.03478395910947397,0.12508227868469873,0.20817002082495248,0.6319637413808749
Test_208,0.687960097036808,0.03212467279840204,0.1830257309208776,0.09688949924391235
Test_209,0.010187499861667115,0.4005955706533947,0.5871953016292047,0.002021627855733571
Test_210,0.16789551466575703,0.008395063512009809,0.6986331139310246,0.12507630789120872
Test_211,0.007982213212919207,0.29824594538220944,0.6378467122021358,0.05592512920273553
Test_212,0.14190221659103258,0.009495452379704533,0.845019652102393,0.0035826789268698376
Test_213,0.017545979712575044,0.5675403153850858,0.08236310654050485,0.33255059836183437
Test_214,0.01625223253369961,0.05326567911315703,0.8499480264304341,0.08053406192270919
Test_215,0.9438678726727754,0.006041964272053223,0.011587397035279709,0.03850276601989179
Test_216,0.9524988518357547,0.0010479814775570676,0.042065549097226575,0.004387617589461512
Test_217,0.26457474043249984,0.04131206294976344,0.19706613209749968,0.4970470645202371
Test_218,0.8415613049396505,0.00030734270310181017,0.14874550810301812,0.009385844254229538
Test_219,0.20434656352880212,0.10518134250880778,0.5107096504107463,0.1797624435516437
Test_220,0.010466180975040956,0.01696044484048826,0.030317782485782457,0.9422555916986883
Test_221,0.11132596980556483,0.11280085946105477,0.6436002656458446,0.13227290508753575
Test_222,0.04192201377380362,0.013822310710796329,0.938217850616694,0.0060378248987059645
Test_223,0.028462571013354605,0.07334272305228408,0.8413952949062738,0.05679941102808744
Test_224,0.6429205321881173,0.017458740789249437,0.24718991769654322,0.09243080932609003
Test_225,0.4507868699919371,0.01239090093514812,0.5186828081927778,0.018139420880136918
Test_226,0.00610265876310348,0.7669326413063243,0.19125710738918633,0.03570759254138592
Test_227,0.06481377148395402,0.013469816809861113,0.04516800981370629,0.8765484018924785
Test_228,0.12277173691520057,0.01705283003174432,0.8311593816547929,0.029016051398262237
Test_229,0.19083645264785778,0.13934808755176747,0.5227890061960166,0.14702645360435812
Test_230,0.42376902037824554,0.0020415445096308507,0.5472269112095823,0.026962523902541363
Test_231,0.1495379241366559,0.028416057036794413,0.13673928897974402,0.6853067298468056
Test_232,0.4312761006709766,0.02275929770935121,0.5183252853955282,0.02763931622414394
Test_233,0.5983327683821513,0.0034097480659152713,0.09674552806305067,0.30151195548888265
Test_234,0.4094543812510155,0.08652254848239312,0.22297278659778838,0.28105028366880297
Test_235,0.0334002614018316,0.02242796807153115,0.0508820995964371,0.8932896709302001
Test_236,0.06162890309779791,0.19087922989076997,0.0445848514512094,0.7029070155602227
Test_237,0.47251705191276183,0.091185160647326,0.14911209211614745,0.2871856953237647
Test_238,0.0007296381308489026,0.12584378595744133,0.8718802043803001,0.0015463715314096814
Test_239,0.0019090568549506475,0.24183398607736248,0.7419642558328933,0.014292701234793597
Test_240,0.01649756857075134,0.24698129227505722,0.7227550628461137,0.013766076308077815
Test_241,0.015977338163936806,0.09513139019904082,0.8368501336935591,0.05204113794346316
Test_242,0.6263563645574791,0.13547168170356685,0.026475213891191392,0.21169673984776263
Test_243,0.8426777363006627,0.0029905941794559627,0.12194066463402804,0.032391004885853523
Test_244,0.8565557097649725,0.03714531615080938,0.03952795907043297,0.06677101501378498
Test_245,0.43116490610331565,0.04007381917840678,0.11874862182674747,0.4100126528915301
Test_246,0.02397537877577322,0.1672571407081626,0.07755192722842066,0.7312155532876435
Test_247,0.006848427815577309,0.04502451315179979,0.022854698960564447,0.9252723600720585
Test_248,0.7264520492524419,0.016951822967214595,0.0137426740395649,0.2428534537407787
Test_249,0.00659388055062331,0.034492106427224854,0.952466439503917,0.006447573518234976
Test_250,0.9637940366452542,0.000886782379580091,0.00940113670103902,0.025918044274126795
Test_251,0.6073357509856515,0.007717586572923004,0.05915361720909986,0.3257930452323256
Test_252,0.36470966315359965,0.04278350456358516,0.4728102584210451,0.11969657386177016
Test_253,0.05010834350493407,0.15792025886162855,0.10165903012959598,0.6903123675038415
Test_254,0.2656886722153771,0.020917799187126742,0.1178081538690274,0.5955853747284687
Test_255,0.06761678447270332,0.014130864446607789,0.016411621495606783,0.9018407295850821
Test_256,0.0002956587601827645,0.0014342150548104422,0.0001673042020877729,0.9981028219829189
Test_257,0.14073078858218924,0.03108545351842675,0.8020691242229052,0.02611463367647878
Test_258,0.059530798545063324,0.10652092359314864,0.707733045342516,0.12621523251927202
Test_259,0.5664746536461552,0.034250115838018326,0.2561582294221651,0.14311700109366138
Test_260,0.25552148987957063,0.005816564746252303,0.018007626047801463,0.7206543193263756
Test_261,0.03266727087425023,0.03195800931860867,0.77227613354869,0.1630985862584512
Test_262,0.26900740917140387,0.2453993064399967,0.18957455753033678,0.2960187268582626
Test_263,0.32826045594841147,0.011587922742672075,0.10139069313705455,0.5587609281718618
Test_264,0.2916178472976039,0.010519395650753266,0.6527821194636189,0.04508063758802403
Test_265,0.49724300473222344,0.030883028303791728,0.33296113181259607,0.13891283515138886
Test_266,0.008440717399252366,0.014449312391368263,0.1145985011944393,0.8625114690149401
Test_267,0.9043713171317729,0.007655762889894319,0.0682547988082784,0.019718121170054392
Test_268,0.0037301508055140355,0.44183207167833527,0.5372689399797835,0.01716883753636726
Test_269,0.669774114998334,0.005724896545473381,0.22713735886391795,0.09736362959227485
Test_270,0.18310698528570207,0.019713422709251013,0.02340181261531757,0.7737777793897294
Test_271,0.35128622704575185,0.018599780040661738,0.17976581761089114,0.4503481753026951
Test_272,0.008887540617830215,0.10860875031018015,0.47446353973040656,0.4080401693415831
Test_273,0.4343715920714851,0.009678686307206641,0.088178754561102,0.4677709670602064
Test_274,0.006860562166699429,0.009105569258765702,0.9805658856184131,0.003467982956121821
Test_275,0.0911911812365542,0.4078827686472154,0.27688505506155414,0.22404099505467634
Test_276,0.027559948296708887,0.025225857800074795,0.009124213777533885,0.9380899801256823
Test_277,0.17939141038680842,0.043408972400604096,0.36998229492952067,0.4072173222830667
Test_278,0.12033305772584427,0.04268636896808292,0.09133967027305535,0.7456409030330174
Test_279,0.04707088687200124,0.014177939013596342,0.9267322792101615,0.012018894904240832
Test_280,0.21556412793603114,0.005346550414568579,0.029818850215811137,0.7492704714335892
Test_281,0.09060431759450725,0.09646642091168488,0.1491701642097172,0.6637590972840907
Test_282,0.06682522408758353,0.4887356248842399,0.1784842505542401,0.2659549004739365
Test_283,0.20905427706270088,0.35553915929213026,0.20462101528012133,0.2307855483650475
Test_284,0.13959310962158952,0.32225572755565435,0.3877312050625723,0.15041995776018374
Test_285,0.963640152207249,0.0007538329426087556,0.02396717598487201,0.011638838865270345
Test_286,0.28258674876505513,0.014499059136356018,0.31945912612682675,0.3834550659717621
Test_287,0.8621806509770084,0.0004904572143016486,0.09358364576213887,0.04374524604655118
Test_288,0.004799130386714473,0.025402093370996404,0.003924916470816703,0.9658738597714723
Test_289,0.025302731995897623,0.01631959834498662,0.12478656205045972,0.8335911076086562
Test_290,0.041665423976499305,0.01721828105140236,0.6210642019694597,0.3200520930026387
Test_291,0.25287725093530106,0.001686412522509449,0.7423070433858895,0.0031292931562998446
Test_292,0.895070646565119,0.007881031898279123,0.05626350399327549,0.040784817543326454
Test_293,0.14506765838089689,0.07338341737178729,0.5752018225340964,0.20634710171321938
Test_294,0.17903813048844489,0.12161662613380043,0.46749814495623443,0.2318470984215202
Test_295,0.31693523440462334,0.0818342421740461,0.5653300045636409,0.035900518857689606
Test_296,0.18133455034573237,0.06486925494797897,0.4917601290414951,0.26203606566479365
Test_297,0.0001267159228739516,0.1122737594266084,0.008959459766026367,0.8786400648844913
Test_298,0.001646693545161283,0.11569147415873658,0.7890173559002845,0.09364447639581745
Test_299,0.07056550725076596,0.11684353596022234,0.0684882400239958,0.7441027167650158
Test_300,0.7851059482094126,0.010768013834592409,0.035327584451247576,0.16879845350474745
Test_301,0.0985655944455766,0.06246669058839664,0.5127126972343634,0.3262550177316633
Test_302,0.022002007171165763,0.16562683371355655,0.23558983668477698,0.5767813224305006
Test_303,0.876244870007257,0.005064383375842675,0.05935897934580632,0.05933176727109396
Test_304,0.9295857545243298,0.015554769432555621,0.01347307136742785,0.04138640467568672
Test_305,0.42705859241628824,0.1501902204806798,0.04397084270828046,0.3787803443947516
Test_306,0.014629490842200332,0.2846338318421548,0.32531992590134534,0.37541675141429953
Test_307,0.26521625150705364,0.0829231836465708,0.6349081595282452,0.01695240531813031
Test_308,0.46871294167387717,0.021959131125236477,0.4201684801399855,0.0891594470609009
Test_309,0.04485528355510923,0.0075295787029372886,0.7835392085872361,0.16407592915471728
Test_310,0.002754377195209584,0.5584296563873707,0.39719105591945353,0.0416249104979661
Test_311,0.22222349968600216,0.026326503998313433,0.7066689868443028,0.0447810094713816
Test_312,0.09202477301423323,0.07914399792940618,0.012561907350488755,0.8162693217058719
Test_313,0.06789333605449474,0.05746435722511177,0.15491256075367435,0.7197297459667191
Test_314,0.45177975918805374,0.10397759964714746,0.03376985887270963,0.4104727822920891
Test_315,0.17419973196949146,0.009206642249974703,0.26385256284269126,0.5527410629378426
Test_316,0.09119325322814466,0.0021292276234756366,0.7586462973126563,0.14803122183572331
Test_317,0.04582533094612808,0.004689683264431405,0.8803740426401553,0.0691109431492852
Test_318,0.003405465374252439,0.5386068001305374,0.01934997476383862,0.4386377597313716
Test_319,0.004713670208231108,0.15904878124373678,0.8226032891094947,0.013634259438537513
Test_320,0.07545297500940953,0.07172112852435393,0.6774876682899107,0.17533822817632588
Test_321,0.2873967846002132,0.0804511236869114,0.14592753401666214,0.4862245576962133
Test_322,0.3297300231976353,0.05232791326586216,0.40895372034745264,0.20898834318905002
Test_323,0.3060953340500523,0.04898023432001678,0.13510129647525515,0.5098231351546757
Test_324,0.03418498749457624,0.09933345332846158,0.8593246965998295,0.007156862577132811
Test_325,0.1314563696283147,0.016696897898632754,0.05952299102341766,0.7923237414496348
Test_326,0.4487574390158494,0.007735404010541342,0.4190570539243105,0.1244501030492987
Test_327,0.474573288714667,0.026580308182610278,0.17446114476737828,0.3243852583353445
Test_328,0.07594289671396134,0.01768103312964444,0.6958082421916665,0.21056782796472767
Test_329,0.07393849271342742,0.01382474464303883,0.29213865484887974,0.6200981077946539
Test_330,0.014467243181381546,0.19462596587821607,0.38290173467016786,0.4080050562702345
Test_331,0.1043063534843791,0.01820963428758645,0.017138633168156666,0.8603453790598778
Test_332,0.7477523887571558,0.02411390430765291,0.2070458685610786,0.021087838374112718
Test_333,0.5389326043433987,0.009787293201971093,0.43725303962092893,0.014027062833701346
Test_334,0.00019578227873959345,0.0003719670657792812,0.9992853405705597,0.00014691008492133124
Test_335,0.43164143379210596,0.062000301731526465,0.28166240281282784,0.22469586166353966
Test_336,0.33922352466511835,0.021409892237304447,0.3570497458822761,0.28231683721530115
Test_337,0.2597773576436298,0.07498025234667949,0.04132557482027413,0.6239168151894166
Test_338,0.8214027917664988,0.009837100120603392,0.06314160538209011,0.1056185027308076
Test_339,0.2078206132299889,0.22436775895840078,0.35863611741475104,0.20917551039685922
Test_340,0.192027898492833,0.009640716088762014,0.4987037790053062,0.2996276064130986
Test_341,0.4482482875853711,0.12095161117884932,0.17755408352491073,0.25324601771086896
Test_342,0.9045575975563758,0.0023822681900555216,0.07370721336984548,0.019352920883723312
Test_343,0.8992213984220544,0.046564224719847135,0.01605933850012063,0.038155038357977816
Test_344,0.13636807096909584,0.00803154532635503,0.8496757033371004,0.0059246803674486885
Test_345,0.1212233054552869,0.0503907908549135,0.7867332076774827,0.04165269601231674
Test_346,0.18284806229820832,0.04271691302662685,0.7203043978361068,0.05413062683905798
Test_347,0.008122403985131012,0.0022298386822322343,0.9849188718603449,0.0047288854722919976
Test_348,0.015931890598871897,0.0016168172904231133,0.006490819323343025,0.9759604727873621
Test_349,0.6033811351853037,0.03596534272902029,0.33731769593132666,0.0233358261543494
Test_350,0.0564007505283121,0.22291589219542277,0.28287683789979085,0.43780651937647436
Test_351,0.00020404791084915587,0.07524883763275765,0.922486073802117,0.0020610406542761256
Test_352,0.08653061370748572,0.02772836582774093,0.015780310794594146,0.8699607096701792
Test_353,0.22245687647734882,0.05503542856779906,0.08626162026181018,0.636246074693042
Test_354,0.17579246344846217,0.07958097856374256,0.47876276965880704,0.26586378832898827
Test_355,0.35135658191075214,0.04268528594661831,0.08767074264526446,0.5182873894973651
Test_356,0.778596425095954,0.012969219750109154,0.078335080384515,0.13009927476942182
Test_357,0.7508168780621512,0.01160359846562015,0.17741220798232618,0.06016731548990229
Test_358,0.13003065552127033,0.2621007405601259,0.41353051278647857,0.19433809113212525
Test_359,0.00675830726187811,0.02004810875218378,0.030644392734641167,0.942549191251297
Test_360,0.40944988960733236,0.06446634070485342,0.0882951544529805,0.43778861523483376
Test_361,0.8282983433333304,0.0025569806909618393,0.02727706896594292,0.14186760700976475
Test_362,0.9041489842573431,0.0013298750616608506,0.021442307294740573,0.07307883338625548
Test_363,0.035752109409898945,0.07072107169033805,0.77223224163601,0.12129457726375303
Test_364,0.06061163118593668,0.022165269775668954,0.9024290822614796,0.014794016776914868
Test_365,0.2610413119707782,0.0028056068151020713,0.731116402167832,0.005036679046287638
Test_366,0.05935781218011922,0.019070980261296003,0.9071755618864634,0.014395645672121378
Test_367,0.027175808024137497,0.023355119072851226,0.15840076962911834,0.7910683032738929
Test_368,0.5300129838897899,0.044369368836326716,0.1851765221798241,0.24044112509405924
Test_369,0.0230174515285892,0.008084042245895465,0.053970407571728225,0.914928098653787
Test_370,0.23797802140272725,0.11796089906960984,0.5948454925419934,0.049215586985669385
Test_371,0.077502164362175,0.03564098549510329,0.4637999601650161,0.4230568899777056
Test_372,0.05431590060616703,0.11294285200182237,0.06125144687546472,0.7714898005165459
Test_373,0.011119637399527298,0.0774942557400505,0.828943278816393,0.08244282804402928
Test_374,0.06825637859912957,0.08563041305067907,0.12207840176539161,0.7240348065847998
Test_375,0.11030632567791696,0.0159556838284983,0.0062137064323684425,0.8675242840612164
Test_376,0.8646003487905898,0.009437221321541334,0.02970540595411204,0.09625702393375685
Test_377,0.4426743557062595,0.06451542710707697,0.2267950547848241,0.26601516240183937
Test_378,0.22517808208895382,0.027389571421821204,0.6822541980343324,0.06517814845489261
Test_379,0.19331494929138826,0.06766400470741309,0.279305085360713,0.4597159606404857
Test_380,0.2310276317821451,0.06552067187284198,0.3611837468381021,0.34226794950691075
Test_381,0.4387640074334226,0.07910532950733505,0.0408547728424332,0.441275890216809
Test_382,0.15116347974048888,0.00892884927697648,0.1704919176307348,0.6694157533517998
Test_383,0.2509620539792916,0.09857123936626405,0.08007739602694865,0.5703893106274958
Test_384,0.38729420893790634,0.007307998986254841,0.45716651732596364,0.14823127474987516
Test_385,0.6183219296221313,0.020923123561870684,0.053085397910422695,0.3076695489055753
Test_386,0.001429514434828704,0.2766654803816063,0.6041643525658981,0.11774065261766692
Test_387,0.40205951118636113,0.03888588762919847,0.10626442057742605,0.45279018060701437
Test_388,0.7376187768202114,0.0038743278046924085,0.023417108950047616,0.2350897864250487
Test_389,0.2767349460975656,0.008088457342716215,0.7095103150550026,0.0056662815047157445
Test_390,0.27527018902921113,0.04183945553906729,0.04047915912560272,0.642411196306119
Test_391,0.0681601526034691,0.7884937778091333,0.08056167965236849,0.06278438993502908
Test_392,0.02103749292918018,0.020374226951858653,0.8195752797525367,0.1390130003664244
Test_393,0.07984632459875292,0.006979290589144102,0.012968162550906215,0.9002062222611967
Test_394,0.5805672130747024,0.004984050891133931,0.20718595535787887,0.2072627806762849
Test_395,0.0002031616513848975,0.07425887049195767,0.9232526577557457,0.0022853101009116194
Test_396,0.0882812502211163,0.07807065052282036,0.019281504093189576,0.8143665951628737
Test_397,0.0072704579230560415,0.02322192087856126,0.013637221525361285,0.9558703996730213
Test_398,0.002733856762173405,0.23319443638057338,0.7069552518626505,0.057116454994602654
Test_399,0.4334783392565144,0.052744029603535074,0.44170784687682885,0.07206978426312174
Test_400,0.009223177740463627,0.007007931064509101,0.940132731999738,0.04363615919528926
Test_401,0.10265300766422306,0.04437956893037342,0.8310596981260576,0.021907725279345938
Test_402,0.11374562763431158,0.025218524389217293,0.06606857155455614,0.794967276421915
Test_403,0.05674873445537468,0.04212816975710189,0.8767275404948812,0.024395555292642247
Test_404,0.19794701903367648,0.06635122420881359,0.613707122307957,0.12199463444955305
Test_405,0.049197527640421214,0.012509117868916645,0.015266075884108013,0.9230272786065541
Test_406,0.0005178035066431405,0.00532260574989161,0.00026879401299162816,0.9938907967304736
Test_407,0.013794282896964482,0.026470187317102708,0.0048025508535870925,0.9549329789323457
Test_408,0.44594068358778033,0.07922322514257654,0.07237938051474303,0.40245671075490014
Test_409,0.16856036173907368,0.040045501026315475,0.082954509439323,0.7084396277952878
Test_410,0.035565123950334704,0.010127375881029532,0.02230556744771862,0.9320019327209172
Test_411,0.555304501587314,0.01810322249410324,0.08097786148868305,0.34561441442989965
Test_412,0.06099002865926577,0.5048737891704691,0.40003791006001366,0.034098272110251474
Test_413,0.3949609665554387,0.06707091487403959,0.2878963542199701,0.2500717643505515
Test_414,9.773259009369624e-06,0.0003884243327959949,0.9995692133820938,3.258902610090149e-05
Test_415,0.30293658536274753,0.060934108104381934,0.4589624669449728,0.17716683958789775
Test_416,0.11765312492132136,0.09752607355363532,0.3148395658492432,0.46998123567580025
Test_417,0.0700728520027539,0.030556930503317814,0.8654299386168952,0.0339402788770331
Test_418,0.39429803731708274,0.06056958079648618,0.5189097867535345,0.026222595132896567
Test_419,0.8099528280113195,0.002024526522932519,0.1283788383426998,0.05964380712304818
Test_420,0.008221140832586233,0.06294209061846362,0.9270226452753831,0.0018141232735668657
Test_421,0.012806907392012512,0.008061723451165096,0.018440300681885968,0.9606910684749365
Test_422,0.24627916878982692,0.23749460225929905,0.18143826719084713,0.3347879617600269
Test_423,0.17029267128599646,0.02796046224657339,0.7510543984709112,0.05069246799651886
Test_424,0.03533944712542541,0.05557979618373659,0.5215514868620931,0.38752926982874486
Test_425,0.8645569331837326,0.013002182250718813,0.03173839453440553,0.09070249003114325
Test_426,0.09132198023479901,0.006924363230329498,0.8941768871034664,0.00757676943140504
Test_427,0.00967065663376245,0.0018112756533210485,0.008947921933695766,0.9795701457792207
Test_428,0.004922809777146134,0.03516632379327777,0.005627304020087967,0.9542835624094882
Test_429,0.04120414323263015,0.34221287615822293,0.4075022661806452,0.20908071442850182
Test_430,0.599957661211246,0.19824048701108235,0.19715982486127584,0.00464202691639591
Test_431,0.781031941209492,0.040426346602114485,0.09078802730627011,0.08775368488212347
Test_432,0.02070446210875392,0.11425316161347249,0.0195865341632966,0.8454558421144771
Test_433,0.0014166334817321293,0.0710805952664241,0.0018725778192650734,0.9256301934325786
Test_434,0.005884255831906961,0.11044409244658303,0.04635160419673833,0.8373200475247716
Test_435,0.2727842749087144,0.11205485415696942,0.276616215416417,0.3385446555178992
Test_436,0.25416573513078256,0.05016942289633528,0.016980243017606554,0.6786845989552756
Test_437,0.3981479419955007,0.1393077555865257,0.4049652021965519,0.057579100221421646
Test_438,0.11823391089775002,0.16818490189589302,0.3846511579999249,0.32893002920643216
Test_439,0.07487670223804167,0.1471835609759686,0.7303219976381349,0.047617739147854825
Test_440,0.010322146372714504,0.08968742031795134,0.8871392873711291,0.012851145938204998
Test_441,0.752534083045649,0.005983873034930431,0.19766383767457782,0.0438182062448426
Test_442,0.0021266523561015204,0.0006882247860676803,0.9970753529802895,0.00010976987754143023
Test_443,0.015469345595632506,0.21387142016052024,0.16513540242188948,0.6055238318219578
Test_444,0.49885758048818324,0.06734803914942183,0.06303659628298788,0.37075778407940696
Test_445,0.09692987241671407,0.007288243403322279,0.3171879418242762,0.5785939423556875
Test_446,0.004457987252782336,0.297905904588729,0.48909048685977036,0.20854562129871834
Test_447,0.1596405796004955,0.12348898418428902,0.6203699503580398,0.09650048585717569
Test_448,0.012949569506173052,0.04559699548338251,0.9345685090742165,0.006884925936228055
Test_449,0.07199675759666305,0.0494553886103222,0.11463180901209899,0.7639160447809158
Test_450,0.098693749994103,0.03323595201296001,0.8139255728682216,0.05414472512471533
