image_id,healthy,multiple_diseases,rust,scab
Test_0,0.02759288651901161,0.13470942161030314,0.7209649474515565,0.116732744419129
Test_1,0.013905775299631148,0.18644956440399504,0.6160869054189206,0.18355775487745324
Test_2,0.017449492161299398,0.06732320045496287,0.03316935913337741,0.8820579482503602
Test_3,0.8318758378881742,0.009189640807470395,0.08803992924778307,0.07089459205657227
Test_4,0.012090632733965155,0.05176720218898101,0.8885820613756328,0.047560103701421
Test_5,0.9947404885926189,0.0023012923431916096,0.00130057305059636,0.00165764601359319
Test_6,0.6398746641112099,0.12455128742550228,0.023691184162069955,0.21188286430121797
Test_7,0.009493280852950387,0.08250224655734043,0.011357926002108892,0.8966465465876002
Test_8,0.03749218335289426,0.18468420044485848,0.031939349074814556,0.7458842671274333
Test_9,0.03204234047842797,0.033240115380574135,0.9143450845467996,0.020372459594198093
Test_10,0.00924848497963016,0.06590613280628957,0.9089472566582552,0.015898125555825218
Test_11,0.21011316170601987,0.01963363637429895,0.672428313750495,0.0978248881691861
Test_12,0.4782202958030994,0.20840055261492374,0.09537533163350272,0.21800381994847418
Test_13,0.9111526789777199,0.012334585140996454,0.036201809929797484,0.04031092595148604
Test_14,0.2391750507546491,0.07428192482292935,0.6722425391920398,0.014300485230381502
Test_15,0.0961317928218442,0.03468437658608079,0.31089286942475747,0.5582909611673176
Test_16,0.8041232623080203,0.007184453209930179,0.11942865215403042,0.06926363232801892
Test_17,0.0777674340039099,0.15745754398448636,0.41614096903800907,0.3486340529735946
Test_18,0.6635379379213666,0.02606172069120047,0.10717592372927678,0.20322441765815613
Test_19,0.013062160098103435,0.12801331445001948,0.6579438664397482,0.20098065901212872
Test_20,0.09467289063017888,0.09169599743730471,0.11738880330225056,0.6962423086302658
Test_21,0.9335338880031605,0.01465400424511616,0.019531347871596546,0.032280759880126714
Test_22,0.015122727443998873,0.04475314186335049,0.9267330601306061,0.0133910705620444
Test_23,0.09563546390501744,0.02357059204333362,0.443156410128065,0.43763753392358407
Test_24,0.799089978214482,0.0265862438998785,0.06295724358630257,0.11136653429933711
Test_25,0.6728969440701739,0.0335043967933332,0.04829077552652634,0.2453078836099666
Test_26,0.09500563722875204,0.11302982326536465,0.0954356433253623,0.6965288961805209
Test_27,0.04665265485053962,0.1651220279088924,0.6626542936885209,0.1255710235520471
Test_28,0.9243418905194718,0.027175903227065524,0.013524538864669332,0.034957667388793356
Test_29,0.08297306069020757,0.21638374903121618,0.40666588639925455,0.29397730387932147
Test_30,0.5776393658365119,0.21528892610949227,0.08841422492062419,0.11865748313337177
Test_31,0.014106161622470172,0.4742524316446378,0.3795944835340133,0.13204692319887876
Test_32,0.1477003334132719,0.04448074382880813,0.7148600846595441,0.09295883809837602
Test_33,0.008496260785988375,0.0369112096954857,0.013902869691813148,0.9406896598267128
Test_34,0.16599552818973734,0.045943574735569676,0.02069855032820715,0.7673623467464861
Test_35,0.00965373971721296,0.03028925086100723,0.007486590385565972,0.9525704190362138
Test_36,0.02225530437652252,0.027609422849147802,0.9327954189458654,0.017339853828464213
Test_37,0.05940034411075259,0.04877986435533487,0.02064224987809544,0.8711775416558172
Test_38,0.13395874922272677,0.055828701731298044,0.03746003314027583,0.7727525159056993
Test_39,0.01426348999951298,0.03451198472979641,0.8910242931901549,0.06020023208053554
Test_40,0.08059747497963822,0.1666617825742167,0.41890511591071006,0.333835626535435
Test_41,0.12766578868933004,0.02554656137276334,0.834224563712534,0.012563086225372654
Test_42,0.020922915027338767,0.05360258925343709,0.02875139492921894,0.8967231007900052
Test_43,0.2654758288754732,0.005144691938979914,0.7284547117071489,0.0009247674783979573
Test_44,0.10474047395817684,0.30169516944307906,0.0790860133434717,0.5144783432552728
Test_45,0.2298146167776949,0.1330362597854034,0.33344740505301285,0.30370171838388876
Test_46,0.3227163078352238,0.0933622048815687,0.10159802952247433,0.48232345776073343
Test_47,0.04093272193060581,0.17144391685586877,0.6983249998636153,0.0892983613499102
Test_48,0.10614893494958492,0.05801543165018666,0.5528488574451181,0.2829867759551101
Test_49,0.08129618223354862,0.021810032195785197,0.869751981851102,0.02714180371956401
Test_50,0.006949514626938129,0.025220347674675785,0.9580978472730951,0.009732290425290904
Test_51,0.265734019548301,0.058763123305602225,0.3640480771496324,0.3114547799964641
Test_52,0.03091068335716317,0.013066269233041942,0.8342768803104921,0.12174616709930268
Test_53,0.02485537585462703,0.0930765513198231,0.7485364722616821,0.13353160056386765
Test_54,0.058904291198936844,0.1864145098370312,0.06020134418098441,0.6944798547830475
Test_55,0.2572820125810385,0.02331122206183461,0.2856196522044655,0.4337871131526619
Test_56,0.23392334015738642,0.08974885584662132,0.15362412147717375,0.5227036825188185
Test_57,0.527019174053735,0.024117345486796726,0.11765758828824226,0.331205892171226
Test_58,0.044457235455059335,0.047353657386520816,0.017951753172686737,0.8902373539857332
Test_59,0.07698147581585442,0.09671874573194594,0.6093733824087654,0.21692639604343433
Test_60,0.2249416404251827,0.08438814061104535,0.07016985048161403,0.6205003684821578
Test_61,0.6614302392621076,0.032109530358488035,0.08504291299326709,0.22141731738613718
Test_62,0.01683252446133448,0.08027048820225084,0.839522640826083,0.0633743465103318
Test_63,0.12032242688870474,0.02975455069596079,0.23759018060278297,0.6123328418125515
Test_64,0.7160302440414564,0.014728160112475635,0.12153833866471495,0.14770325718135263
Test_65,0.041753020797264916,0.13509681826858655,0.3891277615993458,0.4340223993348026
Test_66,0.964727114566591,0.02387576741152769,0.004927048998512262,0.006470069023369126
Test_67,0.051494130861775185,0.07842518011213688,0.7439279040993908,0.1261527849266971
Test_68,0.05061499988434929,0.22018731040890147,0.4343804725108427,0.29481721719590614
Test_69,0.12154956738062997,0.06498506444632951,0.41528181373963374,0.3981835544334072
Test_70,0.01608135387847838,0.02049038416751787,0.003530330406199133,0.9598979315478049
Test_71,0.039743980082209134,0.10210297827592799,0.8106706607191407,0.04748238092272186
Test_72,0.030393770554798066,0.02228135607545876,0.2127312031820141,0.7345936701877293
Test_73,0.7867377902727596,0.03986142078421458,0.13043442848278147,0.04296636046024441
Test_74,0.7705385098619287,0.008825962980290113,0.04832514217337006,0.17231038498441104
Test_75,0.04078245834140624,0.18713767522077185,0.04580144695873989,0.7262784194790821
Test_76,0.9468115124675897,0.005723586211687244,0.027450876473539224,0.020014024847183898
Test_77,0.8109401921288327,0.02534012344559864,0.14584971520098736,0.017869969224581183
Test_78,0.07007713021025001,0.18477989317493845,0.04205512513814906,0.7030878514766621
Test_79,0.2931500395957408,0.06496102654189494,0.526438331403596,0.11545060245876823
Test_80,0.08486946799776264,0.24040782368174188,0.1513549156984701,0.5233677926220252
Test_81,0.14196857965955403,0.033620458562217966,0.45324414994195483,0.37116681183627315
Test_82,0.14088332162097122,0.05493774259184695,0.7697450927686466,0.0344338430185353
Test_83,0.02126792417159305,0.05303201621990402,0.04409934349022212,0.8816007161182807
Test_84,0.618848417132219,0.06459641379963957,0.1778482345176591,0.13870693455048252
Test_85,0.7288133384891455,0.01549626327325697,0.020343884603825822,0.23534651363377163
Test_86,0.17719892102783544,0.40215046103395835,0.1592370085151859,0.26141360942302005
Test_87,0.23992349197746424,0.05906345342160129,0.09945833661103379,0.6015547179899005
Test_88,0.11046992907344574,0.1059557468045801,0.6853814744487142,0.09819284967325989
Test_89,0.8543341069980995,0.03726126502810357,0.06964834292193937,0.03875628505185748
Test_90,0.16840845035421892,0.22144555118991163,0.46446327795598563,0.14568272049988362
Test_91,0.9131358940689377,0.02587082187208053,0.02283614086926199,0.03815714318971976
Test_92,0.9064701633179855,0.006955273745988388,0.005369331572355631,0.08120523136367065
Test_93,0.016480411053948055,0.08889027106986434,0.8182218544036869,0.07640746347250069
Test_94,0.10517254898721311,0.03411878337191641,0.006187743636027391,0.8545209240048431
Test_95,0.772141477470566,0.022433812870705155,0.134706751376667,0.07071795828206165
Test_96,0.0578100386271489,0.012400608311055697,0.02227987863181395,0.9075094744299818
Test_97,0.7905439761476631,0.01189296152812445,0.07856211616497696,0.11900094615923537
Test_98,0.7631005814787665,0.13003028013543877,0.023093598781293297,0.0837755396045015
Test_99,0.3530234764239607,0.12209337147626251,0.3043738449608509,0.22050930713892594
Test_100,0.04855959467610565,0.0329210914080045,0.011777095825912255,0.9067422180899776
Test_101,0.8541893971960538,0.005456957419634038,0.04836402737174374,0.09198961801256852
Test_102,0.14274644463348213,0.03800861812111631,0.05805342132660265,0.7611915159187991
Test_103,0.0712863351474931,0.2157833019962668,0.6377723093664748,0.07515805348976555
Test_104,0.019495312071231764,0.05547855004500858,0.03642871622450995,0.8885974216592502
Test_105,0.22052092395045883,0.012404244827627914,0.054149824930929305,0.7129250062909842
Test_106,0.790964816660775,0.02935755168153496,0.11543259877106626,0.06424503288662375
Test_107,0.08814929827597202,0.04668876750032234,0.6849822017313537,0.18017973249235167
Test_108,0.09841015840688803,0.08516795611208078,0.08153385158364188,0.7348880338973892
Test_109,0.3489306757610237,0.3088269781280373,0.09046409244498721,0.2517782536659519
Test_110,0.18603648940419093,0.042906248190535526,0.2813990841894528,0.4896581782158205
Test_111,0.7052683780109182,0.028184786034793564,0.21882774710641203,0.047719088847876186
Test_112,0.0407951371121618,0.08751582073947022,0.6374760147562393,0.23421302739212876
Test_113,0.04774156026638496,0.05841719090554802,0.25016421105346365,0.6436770377746033
Test_114,0.023472765870792316,0.5338565229674331,0.31223245888123846,0.1304382522805362
Test_115,0.10579810978965376,0.05863323338713543,0.16242030056510873,0.6731483562581018
Test_116,0.37941965514966347,0.11340456407660789,0.4758944502211193,0.03128133055260937
Test_117,0.006736378762204493,0.029062181353171082,0.933017013018055,0.03118442686656925
Test_118,0.021677027957858714,0.08952373186855611,0.7622102733687823,0.12658896680480308
Test_119,0.9229188361648117,0.007332624396387482,0.050303782614641385,0.019444756824159488
Test_120,0.012191192229426473,0.022948400236562243,0.9502828935299948,0.014577514004016376
Test_121,0.47818107836473234,0.11886541525113939,0.04985598866642445,0.35309751771770403
Test_122,0.18537108757508797,0.11269215968546153,0.5180641188876817,0.18387263385176886
Test_123,0.01115524568717195,0.053498205918715694,0.9180582917759121,0.017288256618200607
Test_124,0.4558615664637074,0.09364492302855051,0.02839576389056194,0.4220977466171801
Test_125,0.3857247888079291,0.21987913229670084,0.26839318075989577,0.12600289813547433
Test_126,0.9276370011802242,0.020542062865718757,0.011522047018027268,0.04029888893603003
Test_127,0.37724378655650087,0.007731792045747678,0.014058215617165885,0.6009662057805851
Test_128,0.026751680038921158,0.07617128761533626,0.7674159134564696,0.12966111888927287
Test_129,0.05139268791853616,0.03348996576973432,0.1285151114418718,0.7866022348698578
Test_130,0.019108231201212914,0.3077887827856609,0.05764668469246234,0.6154563013206638
Test_131,0.009405367485814449,0.006080502380798313,0.004689780017433971,0.9798243501159536
Test_132,0.7826673711939027,0.041874535223598776,0.13573302840004034,0.03972506518245783
Test_133,0.014392835421711677,0.056118845684302254,0.02140580869557153,0.9080825101984148
Test_134,0.1460664650667794,0.09749943894006684,0.1987990690032395,0.5576350269899142
Test_135,0.0501117740790345,0.3777375205621778,0.13082127129793028,0.44132943406085745
Test_136,0.08716999198925213,0.032068499113128944,0.13211556519936526,0.7486459436982538
Test_137,0.0013834645974843815,0.1361630051606392,0.8479418897104325,0.014511640531443762
Test_138,0.12412665628427369,0.03843411989815552,0.8108777835384963,0.026561440279074373
Test_139,0.9675046387472971,0.0024837038162780246,0.015321594525486714,0.014690062910937997
Test_140,0.35414214919034115,0.03373524522778869,0.5771567165337841,0.03496588904808616
Test_141,0.7557017619190448,0.018783649939047475,0.09558538479011124,0.12992920335179614
Test_142,0.04468510346693884,0.3810121840390508,0.03380737054544664,0.5404953419485634
Test_143,0.8336003031761876,0.05818955889003365,0.05351951266734485,0.05469062526643386
Test_144,0.7877545125933892,0.05164967039779342,0.1526584985242331,0.007937318484583967
Test_145,0.2614369582173382,0.128420854591914,0.34591873376939597,0.2642234534213519
Test_146,0.009293756590627275,0.04385568359123671,0.9424453271876329,0.004405232630503754
Test_147,0.032398883850449756,0.03672016728780376,0.8388162542424813,0.09206469461926527
Test_148,0.04727545929324267,0.6323828037061462,0.27472174092566787,0.04561999607494329
Test_149,0.43904368829106494,0.007820411172379645,0.541478736490726,0.011657164045829343
Test_150,0.12573587955045065,0.06254478151258099,0.5316636504662146,0.2800556884707537
Test_151,0.003898471099152793,0.018634229277775794,0.9744095059993553,0.003057793623716155
Test_152,0.053483417633660275,0.20630877924389318,0.2957932852764357,0.44441451784601055
Test_153,0.5192534911863916,0.04769041525575921,0.17545047290268515,0.25760562065516374
Test_154,0.06407627652011694,0.0689180976658381,0.7664623486967514,0.10054327711729344
Test_155,0.013725348767773878,0.28692342406894533,0.599905186315946,0.0994460408473348
Test_156,0.8089198455522126,0.056222131468687576,0.02342558474236982,0.11143243823672992
Test_157,0.5283417424305982,0.01552132758483209,0.04404707492352121,0.41208985506104884
Test_158,0.005205529225150743,0.01678939565436276,0.0021866025409972346,0.9758184725794894
Test_159,0.2374199861594185,0.06132425463937342,0.3406310241023003,0.3606247350989078
Test_160,0.6638911014006851,0.04972557150350555,0.17904530328238125,0.10733802381342811
Test_161,0.019267576417948847,0.050846244076858886,0.8820413951130371,0.04784478439215502
Test_162,0.2765726570568048,0.07413869551534413,0.6159591176578442,0.03332952977000721
Test_163,0.07291153780698104,0.19060943878372905,0.2324809715359343,0.5039980518733553
Test_164,0.5190068929064666,0.08033116212618076,0.2259984241969408,0.17466352077041186
Test_165,0.0694750942977977,0.06738933938990765,0.04591029793195915,0.8172252683803359
Test_166,0.8115545880471033,0.02111315766926276,0.13264467466280613,0.03468757962082783
Test_167,0.136532873129367,0.024232167982484676,0.7828084726673821,0.05642648622076589
Test_168,0.005461590114667754,0.029589374102896842,0.9531997950703662,0.011749240712068867
Test_169,0.32000559556131564,0.04053774867419729,0.05033326585630207,0.589123389908185
Test_170,0.0773574874585218,0.041306793220621967,0.6175694973006435,0.26376622202021255
Test_171,0.023526524688797422,0.10032030346810822,0.5820035076918871,0.29414966415120725
Test_172,0.010402958313556594,0.11526146513871506,0.8574704712150464,0.016865105332681797
Test_173,0.010323987811551255,0.03436953524006734,0.9488683658345727,0.006438111113808596
Test_174,0.261708936728771,0.11048026552070944,0.23789191956676947,0.38991887818375
Test_175,0.7395216709572987,0.08008578848291188,0.0785923646840229,0.10180017587576595
Test_176,0.009980110317058076,0.03756317309992823,0.9403909318159999,0.012065784767013681
Test_177,0.013535943659898263,0.015715436433075707,0.0038233962876303867,0.9669252236193957
Test_178,0.12435105623029069,0.04435726441850882,0.008251747823888714,0.8230399315273118
Test_179,0.014755950760625075,0.07847433672593952,0.9037835972042061,0.002986115309229243
Test_180,0.16959481457488132,0.05856338671800212,0.2625841777402258,0.509257620966891
Test_181,0.009511521851155617,0.04315608543574338,0.02100780251091818,0.9263245902021828
Test_182,0.04431765405390356,0.2176456103171454,0.6996784004752928,0.038358335153658364
Test_183,0.8013264002024377,0.007565169967725142,0.16008908176204634,0.03101934806779053
Test_184,0.2317828438353797,0.23036708022118807,0.13153219617404238,0.40631787976939
Test_185,0.3717011298891297,0.1342541756888161,0.28543411903499855,0.20861057538705563
Test_186,0.024212876345502773,0.11774808458081433,0.03573600537233311,0.82230303370135
Test_187,0.058783691659551725,0.03962011784556026,0.7900196115433207,0.11157657895156742
Test_188,0.09805256898672433,0.03858669861677728,0.8218226244444183,0.04153810795208
Test_189,0.4178396379923204,0.057876865387725955,0.4073690130717864,0.116914483548167
Test_190,0.005827593357121283,0.2102330709644351,0.7657197678687478,0.01821956780969559
Test_191,0.010183985274005604,0.14648546603360954,0.8055276950977984,0.03780285359458641
Test_192,0.6964929913340757,0.023262968498308494,0.26425915001965916,0.015984890147956492
Test_193,0.014635195896642412,0.03880498855164171,0.324829282695923,0.6217305328557932
Test_194,0.014522200023731766,0.10642168889686711,0.8403484228195024,0.03870768825989896
Test_195,0.37583756721759143,0.09496491258218122,0.2981194690328133,0.231078051167414
Test_196,0.03102116435663352,0.05034053939905271,0.06002971745762997,0.8586085787866837
Test_197,0.0297768762886564,0.1254604845155351,0.7953578663917548,0.04940477280405356
Test_198,0.04754167675122825,0.41671964780337895,0.2251714329638042,0.31056724248158885
Test_199,0.013136629526987836,0.026520875309253386,0.9291756547035253,0.031166840460233488
Test_200,0.03646037430291184,0.09417611641206074,0.7936038306994002,0.07575967858562718
Test_201,0.0017542267136677783,0.008392367133338196,0.067720040513711,0.9221333656392832
Test_202,0.06249719330530727,0.12949878780792567,0.7257867079765543,0.08221731091021273
Test_203,0.16000717456324928,0.2197941565223551,0.277544815035981,0.3426538538784146
Test_204,0.04261891638614082,0.012803268950505044,0.11775640317986402,0.8268214114834902
Test_205,0.024501367169787236,0.011985204922719013,0.006408776169985746,0.9571046517375079
Test_206,0.02478369402611051,0.024961005835732863,0.0060564350935837985,0.9441988650445733
Test_207,0.06903340740860146,0.0937324632222886,0.5543035888151839,0.28293054055392586
Test_208,0.858581687951137,0.07733083248648023,0.03403909360454705,0.030048385957835683
Test_209,0.010829406329032348,0.024521970877066087,0.9537729952525338,0.01087562754136804
Test_210,0.04316262246216355,0.06328548869247975,0.7106911464189829,0.18286074242637385
Test_211,0.006841000976916362,0.3607958608264106,0.5592701958338979,0.07309294236277489
Test_212,0.06820528182996327,0.02205168001644672,0.9019180526327151,0.007824985520874947
Test_213,0.03723117549593407,0.27843178616660746,0.13382971420777712,0.5505073241296812
Test_214,0.004906402551269716,0.025760297149161848,0.7741915171233027,0.19514178317626593
Test_215,0.11962314667016732,0.23318981802370908,0.17172889725516358,0.47545813805095966
Test_216,0.9571125863227172,0.003924395793010794,0.03804452242245341,0.0009184954618186308
Test_217,0.04592248305213818,0.12827135595383288,0.11461639118959506,0.7111897698044337
Test_218,0.8144081353341525,0.022413443258846383,0.1487073725522261,0.014471048854775213
Test_219,0.37016440563712316,0.1099881792640274,0.35138693801259985,0.1684604770862492
Test_220,0.005605942610267079,0.025780120061783846,0.012688366154905227,0.9559255711730436
Test_221,0.6274743124636369,0.0986124989659888,0.07854602471537636,0.19536716385499775
Test_222,0.04316676121876548,0.0924296931183887,0.8580099424539721,0.006393603208873614
Test_223,0.01421863616135779,0.05290707837615404,0.9112128020722194,0.02166148339026904
Test_224,0.5175699738063877,0.04355956859398557,0.028229488233262833,0.41064096936636413
Test_225,0.14971158013544522,0.034380185768486206,0.8038712077259612,0.01203702637010757
Test_226,0.03342356393472863,0.20845612005469882,0.6381731525211624,0.11994716348940997
Test_227,0.0066666574255348455,0.030293549962369944,0.05722659943358244,0.9058131931785128
Test_228,0.20653770255922743,0.0157201483158183,0.7734461088517126,0.004296040273241423
Test_229,0.3126661892834055,0.14004392175270428,0.3633139755846034,0.18397591337928695
Test_230,0.20975531188109026,0.015036570093913014,0.766408899146667,0.00879921887832954
Test_231,0.004054361798439805,0.04441877058752696,0.07064243203080807,0.8808844355832252
Test_232,0.20778015760131294,0.031749448688838784,0.7215234621716807,0.03894693153816768
Test_233,0.2750590284550726,0.00737718400060706,0.14965867562642116,0.5679051119178993
Test_234,0.22431339215471666,0.06604715417388929,0.29677129642486383,0.4128681572465303
Test_235,0.04834001078590034,0.011693442165966789,0.18452938818224293,0.7554371588658899
Test_236,0.049848700464524706,0.0658902902768794,0.12791662064216058,0.7563443886164355
Test_237,0.3413304124088283,0.1364249670919891,0.06291454260367099,0.4593300778955118
Test_238,0.006038042601121624,0.05483239098716872,0.9303420007272094,0.008787565684500129
Test_239,0.005041769097151684,0.11646343679546525,0.7206554639831602,0.1578393301242228
Test_240,0.034883817803641734,0.14036736667209487,0.719460976674866,0.10528783884939753
Test_241,0.007038668133052472,0.07248888371573808,0.8708540757932139,0.04961837235799559
Test_242,0.6966365738285335,0.06940481104740262,0.01721960223621051,0.21673901288785327
Test_243,0.714725842150127,0.03803285377690406,0.15185806640487712,0.09538323766809195
Test_244,0.6111445522400982,0.14091634449120416,0.06746527514538128,0.18047382812331622
Test_245,0.13142544802703943,0.057231646418969495,0.321092690676818,0.4902502148771733
Test_246,0.019709468764683668,0.0750741278332865,0.3244466684987099,0.5807697349033195
Test_247,0.0048897944198832395,0.06616791322713682,0.04317510452115888,0.8857671878318207
Test_248,0.07455182839339368,0.24897019447567975,0.06309936272024046,0.6133786144106862
Test_249,0.02089887731110341,0.04839605071573921,0.8958672380336834,0.034837833939473976
Test_250,0.9926520135505958,0.0013015228967565142,0.004444906632325493,0.0016015569203221636
Test_251,0.3312270846340415,0.061773309597718803,0.05018585782760177,0.556813747940638
Test_252,0.7504193345161794,0.02488742331217207,0.04451536889019748,0.18017787328145088
Test_253,0.1738439326940927,0.20924815319969162,0.10707271024411036,0.5098352038621051
Test_254,0.11444236344635828,0.021478072061431142,0.16306088917025743,0.7010186753219533
Test_255,0.13988295587971294,0.02324181683578478,0.06456188806153697,0.7723133392229655
Test_256,0.015108661745524244,0.06913191505945336,0.020467270284353585,0.895292152910669
Test_257,0.17142103488989383,0.04826007101323902,0.7682036150241454,0.012115279072721643
Test_258,0.055812412570220335,0.14829347449539285,0.6009103693791261,0.19498374355526027
Test_259,0.784751680894073,0.019330972122115958,0.08461393910341457,0.11130340788039657
Test_260,0.23472428637818477,0.020984165753523364,0.03842952805610146,0.7058620198121903
Test_261,0.03553376598758984,0.04694312759490062,0.7809997446467862,0.136523361770723
Test_262,0.14737902696824198,0.12145263647738787,0.32247155671302286,0.4086967798413473
Test_263,0.4737907389116011,0.024396143279236417,0.15117160179415604,0.3506415160150063
Test_264,0.45151324959001826,0.03698558093135217,0.428172269456075,0.08332890002255469
Test_265,0.306658476188388,0.023112106079946557,0.6091700927741598,0.06105932495750593
Test_266,0.002718293921916524,0.008653079168865398,0.016655420198842204,0.971973206710376
Test_267,0.9721113524275825,0.010604765656749506,0.008273870078679461,0.009010011836988662
Test_268,0.010380783624851593,0.21765690300556445,0.7228953039939071,0.04906700937567655
Test_269,0.5624900419376221,0.02423953688324055,0.26693059182548984,0.1463398293536475
Test_270,0.3754626650518114,0.027536490583016632,0.013972782764882851,0.5830280616002891
Test_271,0.5359034471888964,0.032212756856364294,0.12772833871831094,0.3041554572364282
Test_272,0.005801220794391511,0.04481040495203994,0.740341775170563,0.20904659908300552
Test_273,0.8403561264666497,0.03436606936253754,0.02354282609133811,0.10173497807947463
Test_274,0.0810397643939553,0.048270130442323575,0.8124034176837732,0.05828668747994785
Test_275,0.068886810347808,0.03937494694580348,0.08899115720269926,0.8027470855036893
Test_276,0.005101403079039327,0.008001995552127135,0.009007870268178791,0.9778887311006543
Test_277,0.2788153179445994,0.18936852330763518,0.18241137400110674,0.3494047847466584
Test_278,0.016924998902288168,0.03549718223590713,0.022776389648722955,0.9248014292130818
Test_279,0.08385015685234969,0.09053563427024197,0.7988564888756544,0.02675772000175388
Test_280,0.3057102918385529,0.032034989656827766,0.0548131971302959,0.6074415213743234
Test_281,0.017226482496446878,0.06138506853768304,0.15544039530711606,0.7659480536587538
Test_282,0.07190892121687964,0.45720063279394213,0.14470481123451365,0.3261856347546648
Test_283,0.15362532178871596,0.1441867503424392,0.09734981698205288,0.6048381108867917
Test_284,0.038674772637683555,0.14580761725567185,0.44010686019840667,0.37541074990823753
Test_285,0.5204670770937276,0.011701959293757195,0.14609939161806593,0.3217315719944492
Test_286,0.3505417582302582,0.0624211913660773,0.17582702300444752,0.4112100273992172
Test_287,0.666168385838101,0.027527283979692375,0.01597215662600629,0.29033217355620033
Test_288,0.016225546153066626,0.012562693464965571,0.00650629078591785,0.9647054695960502
Test_289,0.011329375878878986,0.02089762691930087,0.03372259409578224,0.9340504031060382
Test_290,0.03289502238651342,0.023784736059387662,0.8046454739723778,0.13867476758172093
Test_291,0.2269242216658346,0.014164696608965828,0.7279524546064011,0.030958627118798456
Test_292,0.9563782383820914,0.003339898032867662,0.009073648381019024,0.031208215204022074
Test_293,0.07377741276304235,0.0868206248392504,0.7961800585670038,0.04322190383070349
Test_294,0.06235739610111518,0.023889073862478752,0.806673537455896,0.10707999258051
Test_295,0.07764017613498186,0.15617743183477556,0.7239016230325898,0.04228076899765297
Test_296,0.26103729329239483,0.07915546543769786,0.5501284508254195,0.1096787904444875
Test_297,0.0017469898401688952,0.07187366897752212,0.015010672689345894,0.9113686684929633
Test_298,0.01005078218374885,0.10534409942113111,0.6781004686644112,0.20650464973070864
Test_299,0.037048512762054245,0.44922174434275397,0.14772505970578348,0.3660046831894083
Test_300,0.8699397378935562,0.03291607685623852,0.007244632275116589,0.08989955297508838
Test_301,0.09881036603222153,0.033788435760578536,0.4903844394097189,0.3770167587974814
Test_302,0.016428213446083733,0.17613750613905083,0.32597703768027403,0.48145724273459173
Test_303,0.8075072569725275,0.025066150012606758,0.0785722254667876,0.08885436754807809
Test_304,0.9610088270581796,0.024136874149281565,0.00682714509467634,0.008027153697862523
Test_305,0.4589314536051867,0.07205672991446453,0.050246524241270824,0.41876529223907805
Test_306,0.05217881870210802,0.16425770927725078,0.46509986634224504,0.3184636056783962
Test_307,0.11431068966605698,0.044668000999919744,0.8319129308910544,0.009108378442969054
Test_308,0.2895204163586287,0.02166223408500805,0.5679962849156378,0.12082106464072494
Test_309,0.01897253973193807,0.11291793264731617,0.7850798448239067,0.08302968279683934
Test_310,0.010221597219773131,0.5171569322201024,0.3973415022174113,0.0752799683427133
Test_311,0.07757489378649501,0.06468494197269796,0.8000783258936529,0.05766183834715375
Test_312,0.016389562806563257,0.0074667880730916415,0.00994857501379846,0.9661950741065464
Test_313,0.04086223209838185,0.045842279179191064,0.05560765573750965,0.8576878329849175
Test_314,0.06092634870972004,0.04301823585385278,0.05011041578315069,0.8459449996532762
Test_315,0.3216185870190381,0.00782846616622785,0.010684410556319933,0.659868536258414
Test_316,0.05621897283021657,0.024581773647583127,0.87335415524757,0.045845098274630416
Test_317,0.012231034524109273,0.04319228185857186,0.8764410486002496,0.06813563501706875
Test_318,0.02496292685710891,0.2295646675745246,0.07515590013382244,0.6703165054345441
Test_319,0.024982088420413853,0.19041406681125123,0.76184687762575,0.022756967142585034
Test_320,0.044970489903928525,0.05859556031834751,0.8556191446640096,0.04081480511371437
Test_321,0.2338751364114337,0.0575933865282438,0.2743800609303707,0.434151416129952
Test_322,0.7188122780226462,0.01581454055125123,0.17168510411326904,0.09368807731283342
Test_323,0.046230857217401694,0.026626381684584692,0.17673565903438365,0.7504071020636298
Test_324,0.12428175493163218,0.12946427977784492,0.7166687284088028,0.029585236881720267
Test_325,0.0797225488026173,0.04945407168920289,0.2313069963184556,0.6395163831897246
Test_326,0.19880432943257287,0.03261027081511614,0.7375019699523198,0.03108342979999107
Test_327,0.21779211032950183,0.10019459449329185,0.0438169969361552,0.638196298241051
Test_328,0.014395011302698244,0.026622115602683533,0.8332322120575942,0.12575066103702365
Test_329,0.1254746746023105,0.04877800415702108,0.35225365492811406,0.4734936663125542
Test_330,0.014779029607621483,0.11926469736595877,0.6861377591070624,0.17981851391935755
Test_331,0.030693951521645235,0.06738877741673345,0.027700389460904872,0.8742168816007163
Test_332,0.9385748534191115,0.023927148265007428,0.017051930146754966,0.02044606816912619
Test_333,0.1444539284366642,0.03666544257360793,0.7493694883581711,0.06951114063155707
Test_334,0.0018234403635798081,0.012076362289199793,0.9841566453251197,0.001943552022100778
Test_335,0.37353336383608665,0.061257900130631364,0.4360788029909312,0.1291299330423508
Test_336,0.5652107708103005,0.039466097923031906,0.21869761492282902,0.1766255163438386
Test_337,0.417369366578244,0.17796379308017166,0.13431742424776016,0.27034941609382407
Test_338,0.9167085901384004,0.004926074681005044,0.04651160345063064,0.03185373172996384
Test_339,0.16102832266135228,0.11872073140318072,0.5853738749488366,0.1348770709866301
Test_340,0.19045885959147893,0.04558259510194295,0.461041762909445,0.3029167823971332
Test_341,0.5151198944621836,0.08624920937429453,0.170070083254637,0.22856081290888494
Test_342,0.9308884833633378,0.040521019947393544,0.015618234802559229,0.012972261886709555
Test_343,0.9810915467414641,0.001197399318535748,0.015442850818308158,0.0022682031216919593
Test_344,0.20084697489531492,0.14182381998827812,0.6221186175145118,0.03521058760189531
Test_345,0.010836697364652655,0.019219682819561046,0.9640494759633884,0.005894143852397744
Test_346,0.04498876668554253,0.06991067830428309,0.6995370427906704,0.185563512219504
Test_347,0.07830338388858091,0.050601343998962295,0.8225493147949157,0.04854595731754109
Test_348,0.07522577795632508,0.038324044737179576,0.024564703245020057,0.8618854740614751
Test_349,0.24449508566673686,0.09730675053212638,0.6230021023413119,0.035196061459824964
Test_350,0.016415348638814654,0.18443010994785472,0.17602053354415154,0.623134007869179
Test_351,0.003987985263662995,0.10117346390116363,0.8800843395776428,0.014754211257530523
Test_352,0.006327373950616566,0.011883578807104823,0.006392617625804841,0.9753964296164737
Test_353,0.44602882650592124,0.01861227241556534,0.10503449099079407,0.4303244100877192
Test_354,0.2257921234523286,0.23013652582804237,0.4814026963446503,0.06266865437497865
Test_355,0.14161872905218914,0.021471186977881564,0.19101952422201787,0.6458905597479114
Test_356,0.9894624176709254,0.006505916426425212,0.0022449771675915097,0.001786688735058098
Test_357,0.8347645559420085,0.0738574455703362,0.05194141821562674,0.039436580272028454
Test_358,0.4192862300818235,0.09891080023802011,0.21559499335138455,0.2662079763287722
Test_359,0.005607312548061818,0.007668740916620611,0.010787621796830517,0.9759363247384869
Test_360,0.7038278995448992,0.03397637445813459,0.060374413151835414,0.20182131284513088
Test_361,0.8060871239556998,0.07843653686766162,0.01873063754945476,0.096745701627184
Test_362,0.9557348408941393,0.0018630147381053178,0.029629638044706197,0.012772506323049174
Test_363,0.040081738662710704,0.1819321151009728,0.7171757547147545,0.06081039152156201
Test_364,0.015589770129608395,0.00750668271633657,0.9750779238557977,0.001825623298257021
Test_365,0.021975353808070995,0.027230993876057683,0.938345098875666,0.012448553440205635
Test_366,0.10911589269092964,0.004605929397643638,0.866041743477849,0.02023643443357762
Test_367,0.00658176220165128,0.012724314730131858,0.368531158822179,0.6121627642460374
Test_368,0.42614065287472624,0.025082286720062352,0.1503739162584286,0.3984031441467831
Test_369,0.023950945535387586,0.08043440658841852,0.04572353619746632,0.8498911116787278
Test_370,0.0660172882422572,0.022082328638207617,0.7514779230556848,0.16042246006385014
Test_371,0.023011158974523428,0.045918203808051214,0.8564663802143223,0.07460425700310305
Test_372,0.036103627345128037,0.11615361723420137,0.06310013144095042,0.7846426239797201
Test_373,0.023854617383800708,0.15020170882117262,0.34279314135054345,0.4831505324444833
Test_374,0.36303883143361226,0.029356982147801556,0.10755246815164793,0.500051718266938
Test_375,0.026006994498612126,0.03649144185396101,0.029583761533125894,0.9079178021143011
Test_376,0.9194040519672758,0.013546817610576902,0.03875830688330804,0.028290823538839372
Test_377,0.39640062440978896,0.07826266597772925,0.34667795503814675,0.17865875457433503
Test_378,0.25136647500743053,0.03702242074681764,0.6004764503291069,0.11113465391664487
Test_379,0.20417774784026946,0.02207691130881542,0.301748343756092,0.4719969970948233
Test_380,0.020825197231811556,0.07010696493212953,0.13087723849829014,0.7781905993377687
Test_381,0.3187682790151504,0.026640540928667925,0.03182088182493639,0.6227702982312453
Test_382,0.2704080218985617,0.04520729439973429,0.037580602396643015,0.646804081305061
Test_383,0.15553556434061436,0.07353907181308146,0.31868539486870695,0.4522399689775971
Test_384,0.07613076957819827,0.01277316961406657,0.8849846851007526,0.02611137570698249
Test_385,0.1521450917818154,0.020149221422297265,0.06503725260975053,0.7626684341861371
Test_386,0.0036465239670204082,0.04427285255461459,0.7473076424002686,0.2047729810780966
Test_387,0.23462959566743516,0.03620066690282464,0.28803224158610935,0.44113749584363093
Test_388,0.36436206083912914,0.018819838377235918,0.08124966494783369,0.5355684358358014
Test_389,0.3777348384346447,0.008026909688048622,0.586826220833432,0.027412031043874904
Test_390,0.24017403121885444,0.015768306501645513,0.010243131862865821,0.733814530416634
Test_391,0.21634149681343373,0.07714258132722814,0.0929951404903126,0.613520781369026
Test_392,0.062766013011061,0.013034818551525069,0.8313434828085802,0.09285568562883392
Test_393,0.04641322052450573,0.004428825079173189,0.0020855999672410967,0.9470723544290802
Test_394,0.7205599545789596,0.0150113367402848,0.06451369682386418,0.1999150118568913
Test_395,0.01655393242953942,0.1016325917830123,0.8683241136464545,0.01348936214099387
Test_396,0.03550769606920869,0.0658688956024621,0.0266927836992983,0.8719306246290309
Test_397,0.01502737857883755,0.03869648322133909,0.023803429916421218,0.9224727082834021
Test_398,0.008765559747706169,0.1509680163130622,0.7569310152586479,0.08333540868058391
Test_399,0.7521790873224449,0.006491885403352053,0.23149787161355925,0.009831155660643706
Test_400,0.017079474586126908,0.07412583188704334,0.8872865359790184,0.02150815754781157
Test_401,0.03616855499744469,0.04141831246819383,0.8853421763324937,0.037070956201867636
Test_402,0.03260519933728849,0.03337185606998299,0.045702111413855946,0.8883208331788723
Test_403,0.02415653017914439,0.04312464927778882,0.8638629235855559,0.06885589695751079
Test_404,0.36553630944178334,0.04057114185991376,0.47443912542543626,0.11945342327286675
Test_405,0.1111827204389352,0.0821145293217851,0.024062108696505165,0.7826406415427745
Test_406,0.002093302862473027,0.02216667383740237,0.004915248214442423,0.970824775085682
Test_407,0.006662395742245274,0.02205814547882148,0.004195902793540364,0.9670835559853928
Test_408,0.21107059227246472,0.12290369790093844,0.13800066098341934,0.5280250488431776
Test_409,0.33733237647738723,0.07739703667143927,0.19227322204473474,0.39299736480643865
Test_410,0.004293546475456489,0.004896656703214355,0.00417327637340869,0.9866365204479204
Test_411,0.8287632265202872,0.02191589292977791,0.03199403346256415,0.11732684708737054
Test_412,0.011706711229159207,0.25246238432431867,0.7192547373525388,0.01657616709398352
Test_413,0.1340898924808359,0.040897273186563825,0.7656796984420638,0.05933313589053676
Test_414,0.000670282341967367,0.03322465664987569,0.9541693235597054,0.011935737448451587
Test_415,0.06918781095164146,0.05313341526639253,0.784829897388425,0.09284887639354109
Test_416,0.04541451879947215,0.051562916315978584,0.17616139800627087,0.7268611668782781
Test_417,0.042057780708964564,0.05352386562414462,0.8866266737499028,0.017791679916988358
Test_418,0.2807433838601839,0.12848463400935584,0.5374715450240746,0.05330043710638573
Test_419,0.5272674369224363,0.06893870152449423,0.10061529299271665,0.30317856856035275
Test_420,0.00743755271863051,0.04655185256503537,0.9375999645870517,0.008410630129282105
Test_421,0.056543523735122614,0.00757238191939848,0.01580082947672314,0.9200832648687556
Test_422,0.3597905473514749,0.2928436612421843,0.12459240959860125,0.2227733818077399
Test_423,0.009186293523164607,0.01628872242885825,0.9337397449247519,0.040785239123225424
Test_424,0.05911680322249146,0.06801270500270797,0.6159428345258956,0.2569276572489049
Test_425,0.3740211029264635,0.029852720982714003,0.2506523648563705,0.34547381123445176
Test_426,0.07430523521186977,0.006721428433991613,0.9134352713987762,0.0055380649553624815
Test_427,0.005060933384767222,0.011657171311828122,0.02390708709879446,0.9593748082046101
Test_428,0.015903480999511988,0.026807452169161822,0.01736575197716406,0.9399233148541625
Test_429,0.05128106347988557,0.07614758151737992,0.6408081209589138,0.23176323404382082
Test_430,0.7734716991706039,0.14404345507093122,0.06553538920632032,0.016949456552144665
Test_431,0.6179341020622777,0.020173769266848454,0.2661711441679265,0.09572098450294737
Test_432,0.03314290815490575,0.12677313297658985,0.034591615234441986,0.8054923436340622
Test_433,0.011344082740920627,0.003500718006059815,0.010281064959877987,0.9748741342931416
Test_434,0.02907134000587446,0.022158324361062062,0.054852449968471134,0.8939178856645922
Test_435,0.27082195193894815,0.03692867990099006,0.4197001623842815,0.2725492057757803
Test_436,0.07860099016844516,0.14304768841719911,0.027156149895840156,0.7511951715185156
Test_437,0.6047113996533552,0.0409658005090562,0.24469315248706866,0.10962964735052036
Test_438,0.14011757186471338,0.2566099685302892,0.3563416666102933,0.24693079299470436
Test_439,0.042648697519929606,0.17419772910156137,0.7111127748862155,0.0720407984922935
Test_440,0.02069797228617203,0.13707233790417034,0.7978986161960677,0.044331073613589504
Test_441,0.7012449738180873,0.05097176722504337,0.1772821937154404,0.0705010652414291
Test_442,0.0019009855874441933,0.002498119134552383,0.9945550263775357,0.001045868900467701
Test_443,0.007160855863592205,0.051845357699107406,0.03355326598220491,0.9074405204550953
Test_444,0.798136768599028,0.024254477877066975,0.02611926868437426,0.1514894848395307
Test_445,0.018022523390284005,0.051636581464081066,0.4663368305185964,0.4640040646270383
Test_446,0.012018010645727235,0.08593601577920523,0.4526754803478443,0.4493704932272234
Test_447,0.1486902309269879,0.05367674783556923,0.6623449813179426,0.13528803991950009
Test_448,0.01562801949414624,0.1561968805818038,0.7794769043075229,0.048698195616527586
Test_449,0.051964666069189897,0.04330386330549267,0.03570175023670231,0.8690297203886156
Test_450,0.13806045416190915,0.04951555235791583,0.7950473630519646,0.017376630428210436
Test_451,0.002489109316519504,0.10463574064138115,0.8866914597255869,0.006183690316512284
Test_452,0.22628396238398787,0.0815521870171333,0.49315114072424704,0.19901270987463188
