image_id,healthy,multiple_diseases,rust,scab
Test_0,0.009325989690596202,0.037184576334256085,0.807780401295471,0.1457090326796769
Test_1,0.04483325838658448,0.22601280626768586,0.5336234334965356,0.19553050184919415
Test_2,0.13461074522046715,0.05574306147905041,0.33201214656350453,0.4776340467369781
Test_3,0.4908322820035472,0.0074905272252045185,0.32430912235956766,0.17736806841168076
Test_4,0.02046278830163491,0.1104676448903027,0.803920193152823,0.06514937365523978
Test_5,0.8626391995084629,0.016908651937777106,0.07713271106279099,0.04331943749096913
Test_6,0.5843740328475118,0.09197552080491245,0.055011189441452106,0.2686392569061236
Test_7,0.018141193365710375,0.05515871558897145,0.033559816390743145,0.893140274654575
Test_8,0.15215861595267965,0.08938745025049953,0.21775015664995503,0.5407037771468659
Test_9,0.08037288807398127,0.03187035406280747,0.8384062006059938,0.04935055725721728
Test_10,0.03706350570356168,0.11066869631481738,0.7755019038105958,0.07676589417102525
Test_11,0.44294911824907923,0.05280782723029437,0.3879938889568259,0.11624916556380052
Test_12,0.2125407073310247,0.16358592467647262,0.09247029860719046,0.5314030693853123
Test_13,0.52952229169145,0.11264123227200208,0.1939519592787202,0.16388451675782786
Test_14,0.11970308808431071,0.044084242888073784,0.7409361803285787,0.09527648869903677
Test_15,0.4819164482720591,0.03587303696347813,0.32371353625973726,0.15849697850472533
Test_16,0.5828078766913424,0.03432357312393214,0.16380192816212574,0.2190666220225996
Test_17,0.03391621334952424,0.08908028540517159,0.7093844363647696,0.16761906488053474
Test_18,0.23041593724129775,0.038844646036664626,0.46972069468608146,0.26101872203595605
Test_19,0.007584671876202125,0.12614893059011553,0.6470411281747311,0.21922526935895126
Test_20,0.15878191884512088,0.06316188733515031,0.040157721965949036,0.7378984718537798
Test_21,0.9054223983095727,0.005518543423704886,0.02596488695880856,0.06309417130791377
Test_22,0.09452386737688764,0.1995193355210902,0.3613646467198184,0.34459215038220414
Test_23,0.30067387605192736,0.02578962983027702,0.2095123285906074,0.46402416552718834
Test_24,0.8338220270051311,0.0199359033458059,0.04772073621236303,0.09852133343670029
Test_25,0.5333231721729507,0.039787001337374006,0.08944407116653957,0.33744575532313575
Test_26,0.15801206889003352,0.05423370370891497,0.2544835069210048,0.5332707204800465
Test_27,0.04078815293995225,0.11602208898716436,0.7643644385522648,0.07882531952061818
Test_28,0.8086557663908537,0.04365758656667993,0.07123591683807763,0.07645073020438864
Test_29,0.15021607049622523,0.04561152092862951,0.3676328616073319,0.43653954696781344
Test_30,0.8847196874600661,0.00940375826977498,0.08114086586724935,0.02473568840290955
Test_31,0.02645122086721655,0.28377044725567274,0.5401126161732486,0.14966571570386197
Test_32,0.815628343853193,0.005016893393481666,0.09436506469404916,0.08498969805927611
Test_33,0.010343067683388593,0.06326235390883898,0.02639944690800724,0.8999951314997653
Test_34,0.154718544080549,0.054413272739541406,0.16480558474560933,0.6260625984343
Test_35,0.042514633031526874,0.05474288141715974,0.06883971848713927,0.8339027670641742
Test_36,0.02073786227253591,0.027048145417904262,0.9145445388226214,0.03766945348693809
Test_37,0.2650430514241259,0.1162580851833773,0.059264196767321996,0.5594346666251747
Test_38,0.5206202568338063,0.04228524993637593,0.037471993362785776,0.399622499867032
Test_39,0.029565032491838547,0.04185495663534461,0.6471683950709024,0.28141161580191454
Test_40,0.134102598571605,0.1311331330866641,0.3788948022074161,0.355869466134315
Test_41,0.23005650716355547,0.05263300541099543,0.6840875068387932,0.033222980586655605
Test_42,0.09175805492880565,0.031888620962010804,0.03592260271895791,0.8404307213902256
Test_43,0.20247017520445645,0.02044953195189571,0.7606012808033951,0.016479012040252768
Test_44,0.43589884718204075,0.04046684360499182,0.16220398356176033,0.3614303256512074
Test_45,0.09211610500243314,0.05114571573904328,0.5410565765278046,0.31568160273071905
Test_46,0.4280803945534403,0.11710307634568262,0.13564317449194596,0.3191733546089309
Test_47,0.01093408485109968,0.07555319043282538,0.8706566861372219,0.042856038578853346
Test_48,0.04927858697454552,0.04334736556333204,0.7827165680336573,0.12465747942846529
Test_49,0.03252191523118978,0.017624196884914723,0.8895201058063404,0.0603337820775552
Test_50,0.023637852766502338,0.07294456096095144,0.8327671300637304,0.07065045620881583
Test_51,0.4394985999316774,0.05320810257190805,0.1702842140809171,0.33700908341549785
Test_52,0.055714112855719325,0.03665325418339771,0.22665026678639758,0.6809823661744853
Test_53,0.047949200552814375,0.03624910922758645,0.8275351333406258,0.0882665568789736
Test_54,0.2153316520011131,0.15448128785993265,0.21736942686938565,0.4128176332695688
Test_55,0.20134691428177018,0.0415154242675204,0.38130181874315805,0.3758358427075515
Test_56,0.3272768633218254,0.08104253042081773,0.20420858037317732,0.3874720258841797
Test_57,0.42290393066916404,0.031250172603179305,0.09925257023637851,0.4465933264912781
Test_58,0.07218826553366851,0.048452190399598395,0.03772178488983361,0.8416377591768994
Test_59,0.02944428483058222,0.035233124379090104,0.8538066109331505,0.08151597985717735
Test_60,0.14502761611756548,0.09665016367071312,0.05508716454753837,0.7032350556641831
Test_61,0.6254362997845627,0.028445852712832374,0.1278278872861131,0.21828996021649155
Test_62,0.14405968834196525,0.07270018536783528,0.4829856330792727,0.30025449321092684
Test_63,0.6073693799746391,0.035461636731237894,0.10716209048050455,0.25000689281361854
Test_64,0.185564891594331,0.015204752232100329,0.4621725779894985,0.3370577781840696
Test_65,0.11096371698464376,0.09030765342274283,0.39573733340091777,0.4029912961916955
Test_66,0.9262903554026919,0.008842237379982512,0.023085689051582897,0.041781718165742804
Test_67,0.13188260884336844,0.0909998135705435,0.4939347636992707,0.2831828138868172
Test_68,0.055623433866782264,0.15605428909102245,0.556153108663211,0.2321691683789845
Test_69,0.03564959368795556,0.13905864532350962,0.6268596460797771,0.1984321149087578
Test_70,0.12640339450442076,0.0251746344337757,0.015609654600349411,0.832812316461454
Test_71,0.035925875345224303,0.04404387898278731,0.897584521717946,0.022445723954042585
Test_72,0.13637714197177137,0.051648860935996015,0.20200687989439747,0.6099671171978354
Test_73,0.488397671117517,0.03968162603159929,0.20509808673962154,0.2668226161112621
Test_74,0.6739609578765605,0.019458754135771483,0.05393227142761334,0.2526480165600545
Test_75,0.09147190360416638,0.053467220311742385,0.30915955904060344,0.5459013170434878
Test_76,0.619317276931314,0.021859327980544723,0.0936734461635311,0.26514994892460986
Test_77,0.5611045033870712,0.021579184811178917,0.38065296345427835,0.036663348347471446
Test_78,0.20358690178613978,0.10040255644530349,0.11382305470210195,0.5821874870664552
Test_79,0.16924986701710887,0.12496809094145886,0.5279412534145012,0.177840788626931
Test_80,0.0909249324820666,0.24864186157274454,0.29564359616912256,0.36478960977606656
Test_81,0.38737674159610663,0.03668546936262246,0.47976578405368625,0.09617200498758523
Test_82,0.08015587190182431,0.023387702238133676,0.8770517435563975,0.019404682303644633
Test_83,0.038994043370888375,0.11979554570900705,0.07073095671863945,0.7704794542014652
Test_84,0.35775356912574824,0.05235518090556755,0.3814225987077323,0.20846865126095157
Test_85,0.5055187865895888,0.027636492634670176,0.08802599707145939,0.3788187237042819
Test_86,0.32894893433030137,0.11708902519194024,0.25661180288466656,0.29735023759309176
Test_87,0.28161146878298515,0.027063192264595578,0.06294966815785857,0.6283756707945607
Test_88,0.023160763415222937,0.038344669273742055,0.8239516565263164,0.11454291078471854
Test_89,0.7095604878961103,0.019470610595024005,0.10646658122029613,0.16450232028856984
Test_90,0.38587123642352983,0.07467218384053724,0.23723072719612628,0.30222585253980655
Test_91,0.8195801453942759,0.009168451466605793,0.05024502986505189,0.12100637327406646
Test_92,0.819657917909979,0.0076234583065148895,0.04983171228679011,0.12288691149671632
Test_93,0.010688525512464018,0.06668186162516339,0.8867652440406346,0.03586436882173802
Test_94,0.17016832755787226,0.08095824393564889,0.018561902298397777,0.7303115262080808
Test_95,0.5580664478410313,0.050179696810989105,0.18088532520273573,0.21086853014524404
Test_96,0.29340654083222356,0.09141561775815914,0.24761700362577324,0.36756083778384424
Test_97,0.374420723262456,0.014990358614593656,0.2116085140379195,0.3989804040850311
Test_98,0.7021418755001304,0.029071604707179576,0.10089569953115884,0.16789082026153118
Test_99,0.3394664654804961,0.04167805670776297,0.4746170823169847,0.1442383954947564
Test_100,0.15562876446702198,0.04874854743876113,0.02283137420413669,0.7727913138900804
Test_101,0.7518252463850587,0.007769775958291944,0.08743372715314651,0.15297125050350294
Test_102,0.12968087614148363,0.028812013484785334,0.42798840682324524,0.41351870355048564
Test_103,0.10753389223456783,0.210462232397356,0.5852555874583782,0.09674828790969829
Test_104,0.0302414423909543,0.07691272836476708,0.27631266421139955,0.6165331650328794
Test_105,0.6856352670348955,0.006996476767771449,0.028814893815030006,0.2785533623823029
Test_106,0.6724027296385172,0.0207421141833965,0.18779991489449113,0.11905524128359514
Test_107,0.10888897228830212,0.013219547701771538,0.7399535539063886,0.1379379261035379
Test_108,0.08558886715380055,0.06800671548630147,0.08108869352800772,0.7653157238318903
Test_109,0.23221719417389666,0.08292762669476592,0.2033865451126703,0.48146863401866685
Test_110,0.510383181495038,0.03067134103164352,0.17626223783937423,0.2826832396339446
Test_111,0.5458404310056136,0.06059096505338122,0.3229536410024729,0.07061496293853202
Test_112,0.04106425361082987,0.07947835424777672,0.6452769731099366,0.2341804190314571
Test_113,0.24238634737819095,0.0624931744647442,0.3887326386295383,0.3063878395275264
Test_114,0.025745536360617903,0.09192968982054237,0.7470846966385852,0.1352400771802542
Test_115,0.2581899084969264,0.07482273536560731,0.2544461147743331,0.4125412413631333
Test_116,0.40448085045150606,0.06365806644753719,0.43546621261931107,0.09639487048164565
Test_117,0.01524654500006263,0.07658536340879514,0.8399445806483802,0.06822351094276172
Test_118,0.0376414029536003,0.004893549089114838,0.9313850571168645,0.026079990840420616
Test_119,0.842693365060874,0.0164320020856171,0.10956123275328582,0.031313400100223175
Test_120,0.06716774417722629,0.028907193239661885,0.8525534420527137,0.05137162053039828
Test_121,0.4489369002322929,0.06528417097158111,0.05783514650068033,0.4279437822954459
Test_122,0.5432116973819159,0.032497046856389225,0.3377476379153745,0.0865436178463203
Test_123,0.004985398235856768,0.01948086827987611,0.9681227165363523,0.007411016947914773
Test_124,0.4466437349444418,0.1152127559206608,0.057590902446121674,0.3805526066887757
Test_125,0.26028189274507046,0.06894684847463209,0.16784563234589497,0.5029256264344024
Test_126,0.6187880263682991,0.05364931129299914,0.06183970187696087,0.26572296046174115
Test_127,0.4228360500306289,0.019692504410389534,0.1400113232431493,0.4174601223158326
Test_128,0.024018051841140385,0.03947929152054467,0.8885626175043492,0.04794003913396549
Test_129,0.4526073832378197,0.02175876103061233,0.08154090038086168,0.4440929553507064
Test_130,0.022392087375615946,0.023772124916931144,0.020357247944769136,0.9334785397626836
Test_131,0.040247028703048984,0.019853714045042194,0.03247323670249605,0.9074260205494129
Test_132,0.6035028979599609,0.016738126179544403,0.18753973521979317,0.19221924064070148
Test_133,0.031610692963541374,0.0842081557364086,0.04941662973466173,0.8347645215653883
Test_134,0.14537107417229445,0.0445108249746779,0.3334120982382368,0.4767060026147909
Test_135,0.045099361712948226,0.04454511548284791,0.175740584725468,0.7346149380787359
Test_136,0.30856519792165893,0.030729009112214007,0.305089725118712,0.355616067847415
Test_137,0.005102549206815179,0.16224007239746496,0.7795708447034668,0.05308653369225298
Test_138,0.06846693277247083,0.025391391683138097,0.8085367480531769,0.09760492749121372
Test_139,0.8200638101556726,0.005957367866977003,0.09183570765026752,0.08214311432708313
Test_140,0.290994267833867,0.02359472862190446,0.5936628756326477,0.09174812791158081
Test_141,0.5688547536164005,0.024148022439067735,0.19720079160216092,0.20979643234237083
Test_142,0.03800756635400506,0.09869844172119405,0.03913440711764062,0.8241595848071599
Test_143,0.5364357656921499,0.035133606104225085,0.33649236619142014,0.09193826201220498
Test_144,0.8246343115628242,0.010201275540203395,0.10494848722930719,0.06021592566766503
Test_145,0.4574192945684404,0.06584081645391898,0.1670056255283272,0.30973426344931376
Test_146,0.0005397065982024947,0.005059061524734757,0.9926626884957179,0.001738543381344941
Test_147,0.10723447562716924,0.03575830063514896,0.5792512524504724,0.27775597128720947
Test_148,0.05627111772986505,0.14561455794175107,0.48731891297863833,0.3107954113497455
Test_149,0.31245030112182876,0.006929375178019945,0.5441404499304313,0.1364798737697203
Test_150,0.0679134304568229,0.07732171803317349,0.42426461451483644,0.4305002369951673
Test_151,0.023419984934468396,0.0414945647212886,0.9064106369088654,0.02867481343537789
Test_152,0.04263226848651177,0.22072737328676975,0.5642832999852989,0.1723570582414193
Test_153,0.6239217143107965,0.013877286935532331,0.16087063318737743,0.20133036556629375
Test_154,0.09507229091164163,0.05084792921419161,0.7932631036866573,0.0608166761875093
Test_155,0.008837242993911762,0.1406954324274621,0.7824339222546174,0.06803340232400845
Test_156,0.4525753603299212,0.0389948756439109,0.2600747194141709,0.24835504461199673
Test_157,0.5871078973496484,0.01746287883790095,0.16503199057634063,0.23039723323611
Test_158,0.16358604154125794,0.07780332244779198,0.015122456638427883,0.7434881793725222
Test_159,0.5008294711511331,0.049678977315433116,0.29233242569019785,0.15715912584323616
Test_160,0.6128463958262692,0.00940496441550902,0.059646736097681424,0.31810190366054014
Test_161,0.024743096374621912,0.019865117898802957,0.8619747110152571,0.09341707471131817
Test_162,0.23591742628277182,0.08683202593285638,0.6067460284284124,0.07050451935595935
Test_163,0.2515018416534531,0.08722960304003495,0.15103972532899132,0.5102288299775205
Test_164,0.5731123845542397,0.056653308515942954,0.24623623439235487,0.1239980725374627
Test_165,0.06557012895262423,0.06166856883256186,0.22007334109653745,0.6526879611182765
Test_166,0.427427729522301,0.035169565593023436,0.23201579365999012,0.3053869112246853
Test_167,0.11874148608490814,0.014264959407663936,0.7844899590524188,0.08250359545500921
Test_168,0.012071013330662324,0.025367341079364118,0.9308142010806456,0.03174744450932806
Test_169,0.30050906839654606,0.03547604326549861,0.10103210506600048,0.5629827832719545
Test_170,0.13486179661335265,0.09399302549586286,0.17598556159119522,0.5951596162995894
Test_171,0.04362308140267715,0.05802890878961129,0.4974332593647706,0.40091475044294095
Test_172,0.019801659218504426,0.12043653088873782,0.8029769540108035,0.056784855881954095
Test_173,0.01128251630845177,0.04622514509830397,0.9265591980839833,0.015933140509260847
Test_174,0.22297712414630963,0.08719598766908843,0.17305493702085167,0.5167719511637502
Test_175,0.4575177564046595,0.061304158921032297,0.1721175958749075,0.30906048879940073
Test_176,0.03353910846160788,0.04209862920017133,0.8395160523421143,0.08484620999610616
Test_177,0.13145275989560665,0.04900631503151032,0.03878385380096785,0.7807570712719152
Test_178,0.46409983970649415,0.043967279131872504,0.04903313201116118,0.4428997491504721
Test_179,0.012810421707919222,0.046078723478095315,0.9215832032447363,0.019527651569249006
Test_180,0.1271160821473287,0.04568895983578285,0.32044884658712447,0.5067461114297642
Test_181,0.04091644466257358,0.057956095036582896,0.08122828006126832,0.8198991802395751
Test_182,0.09708614947667368,0.08610183677328972,0.75589227022784,0.060919743522196666
Test_183,0.7851572582452621,0.006965333269285868,0.1532856837643057,0.05459172472114625
Test_184,0.5103358587673146,0.056113800111629426,0.19184760836461506,0.24170273275644072
Test_185,0.264267092874253,0.03455961952503332,0.3477463158580403,0.3534269717426734
Test_186,0.07728159419678671,0.03901348184002038,0.04655538270062019,0.8371495412625727
Test_187,0.07584551640236357,0.09013253989071802,0.7037700630173116,0.1302518806896072
Test_188,0.20091576526273056,0.032764243979743105,0.7206623656147114,0.04565762514281481
Test_189,0.2856683141771857,0.021138927390757643,0.2552494980764492,0.43794326035560754
Test_190,0.17879322429661273,0.054630165059491406,0.6942458599611768,0.07233075068271932
Test_191,0.008500184027154687,0.13957925991930034,0.823406362306985,0.02851419374655981
Test_192,0.5807039587169266,0.011167626010393599,0.3781069229636249,0.030021492309054897
Test_193,0.04271146639697625,0.04864490528081529,0.5570796433380004,0.3515639849842084
Test_194,0.0037609238287579457,0.021719273103942317,0.9605871889107352,0.013932614156564434
Test_195,0.4431729480925693,0.04063712361326652,0.37281452776269536,0.14337540053146897
Test_196,0.16630038624869609,0.04145137649202924,0.04392699237524094,0.7483212448840337
Test_197,0.03805975379387983,0.06667912066371201,0.8401844240385257,0.05507670150388242
Test_198,0.017369222101857446,0.06801524825588502,0.11388513894395083,0.8007303906983069
Test_199,0.029734085341378214,0.024918109259028605,0.9064118564292456,0.03893594897034721
Test_200,0.07976660203629463,0.02625873767608425,0.8277866174264951,0.06618804286112633
Test_201,0.048705817636164335,0.020529818813838082,0.13761743729198797,0.79314692625801
Test_202,0.07901634923515073,0.05136943464810649,0.7619372553097952,0.1076769608069474
Test_203,0.0759128721133645,0.20705333286445865,0.3834683738936676,0.33356542112850956
Test_204,0.15441793992930733,0.04134756798977784,0.1623375486937762,0.6418969433871387
Test_205,0.03032572839792728,0.09079552471731042,0.028248622039454975,0.8506301248453075
Test_206,0.026120083403869503,0.07146718971229699,0.04067153498273101,0.8617411919011022
Test_207,0.048754545262257434,0.04501266548562301,0.41769228480853776,0.48854050444358177
Test_208,0.5226053760085865,0.021328789277765863,0.18217818102997102,0.2738876536836768
Test_209,0.013198887252644814,0.0302172714316396,0.9292469149197681,0.02733692639594743
Test_210,0.11761667895523878,0.08633988611835801,0.5383697978949423,0.25767363703146134
Test_211,0.012445524370860654,0.1349364094028431,0.7073707141809463,0.14524735204534983
Test_212,0.24082821987741349,0.013654646581216415,0.7331945498956425,0.01232258364572748
Test_213,0.02800165990555541,0.12568178014563378,0.10079642777406791,0.745520132174743
Test_214,0.02909344342428034,0.05262845667148291,0.7843776078764075,0.13390049202782942
Test_215,0.3513600529317517,0.09122898935631978,0.07744886141893438,0.4799620962929941
Test_216,0.9272394423114608,0.004207350498677039,0.05631375668139769,0.01223945050846477
Test_217,0.09288131985130592,0.049002214357860785,0.10555012781058777,0.7525663379802454
Test_218,0.7746731421582538,0.006436790754759567,0.1458975917226111,0.07299247536437582
Test_219,0.3338183292663524,0.04046457077899234,0.440020972976653,0.1856961269780026
Test_220,0.046970503022662105,0.0504910692498,0.15500683337182766,0.7475315943557105
Test_221,0.33834343112926996,0.04112386108516802,0.25565785954105136,0.36487484824451055
Test_222,0.06484524052841716,0.06491778726912983,0.8477229748827374,0.022513997319715765
Test_223,0.005916242034745396,0.02523579135604621,0.9542839759174393,0.014563990691769184
Test_224,0.73243045939326,0.02559993124305674,0.12340109997256843,0.1185685093911148
Test_225,0.393262911946771,0.03621498175565359,0.5049567603373283,0.0655653459602473
Test_226,0.028018389048378674,0.15242295741240175,0.6570267214281958,0.16253193211102343
Test_227,0.04794052852853191,0.0906820868325168,0.3470022562627894,0.5143751283761618
Test_228,0.1318380986769046,0.02279305243492146,0.732560066062085,0.11280878282608857
Test_229,0.11966339815081507,0.0454456596065734,0.7509033655462936,0.08398757669631783
Test_230,0.2818692819925668,0.01642196089083155,0.6788146976884535,0.02289405942814829
Test_231,0.16163234663593143,0.15304028815586054,0.2569989797860807,0.4283283854221272
Test_232,0.13609584591414947,0.006566956299486052,0.8163058263691115,0.041031371417252695
Test_233,0.6458421570303458,0.008990206056069048,0.11088947372812805,0.23427816318545724
Test_234,0.16825546389007381,0.07297627315791523,0.2561928766663294,0.5025753862856818
Test_235,0.03932019656115864,0.08251300854102744,0.1758078833347776,0.7023589115630364
Test_236,0.11917109453707043,0.04308582852113317,0.3756148196510156,0.46212825729078083
Test_237,0.21283010573772154,0.07557442919751073,0.34249132647220937,0.3691041385925585
Test_238,0.012558795091685728,0.04970648272447474,0.9201833042673399,0.01755141791649961
Test_239,0.040368082032529985,0.14674268319994227,0.6965109172828251,0.11637831748470269
Test_240,0.028033082632731892,0.10760656121168521,0.7345339689285009,0.12982638722708237
Test_241,0.0074197545082678226,0.026981829170059868,0.8199009809597007,0.14569743536197172
Test_242,0.6416844717243544,0.02795892848662919,0.024330511413796035,0.3060260883752205
Test_243,0.8195854982004955,0.012752015557062811,0.08847490737014271,0.07918757887229896
Test_244,0.8731124027285769,0.013963609744628647,0.04228907650913454,0.07063491101765992
Test_245,0.1786109602922179,0.06822258383311634,0.268785020314887,0.48438143555977864
Test_246,0.07836286315000754,0.11714936264459706,0.4329449595230763,0.3715428146823188
Test_247,0.0067048888698138425,0.08404381966573413,0.1177457415775255,0.7915055498869263
Test_248,0.5735610900528734,0.031801997338841675,0.09082447796001908,0.30381243464826596
Test_249,0.010059477309313484,0.0514458494552121,0.8891413503649155,0.049353322870558575
Test_250,0.8749280013964493,0.009509724302093224,0.054579620326302716,0.0609826539751548
Test_251,0.6114419830739057,0.04091491414685202,0.06443401130223261,0.28320909147700957
Test_252,0.3031639507116855,0.16898470851063335,0.32326465592533044,0.20458668485235043
Test_253,0.0768210438082547,0.0775187228121397,0.1432323107204401,0.7024279226591654
Test_254,0.134945738445839,0.06903491672161514,0.15539875027365713,0.6406205945588886
Test_255,0.07268274370772097,0.03708552052358396,0.05710876643398631,0.8331229693347086
Test_256,0.03901240812811444,0.027499363092373493,0.02129189852178503,0.9121963302577268
Test_257,0.20208976197124964,0.035255831605025954,0.7266494886159941,0.03600491780773006
Test_258,0.04598108439682421,0.07987054539724474,0.6104303187486574,0.2637180514572735
Test_259,0.5955517135188907,0.06486845085031757,0.13115661724111966,0.20842321838967212
Test_260,0.21954570892118458,0.011071524757720549,0.01964461936089451,0.7497381469602006
Test_261,0.029065234517735836,0.059211576720184574,0.7150947259618522,0.19662846280022728
Test_262,0.0820503829073263,0.13760974330813086,0.5909998865959893,0.1893399871885534
Test_263,0.5263501494644406,0.07453260628614435,0.2018772120679837,0.19724003218143144
Test_264,0.2897858198427624,0.036223240213807975,0.5231091229103122,0.15088181703311748
Test_265,0.1821103972311843,0.02551685025635663,0.6201868426937738,0.17218590981868526
Test_266,0.017531286640406266,0.10421149046549469,0.0863320572463204,0.7919251656477789
Test_267,0.8761610396935366,0.025177754937055215,0.03593087360198405,0.06273033176742417
Test_268,0.029029569309950456,0.2424506555850868,0.5710463425621823,0.1574734325427802
Test_269,0.6630999189331415,0.011695714468804828,0.18926993997751299,0.13593442662054087
Test_270,0.3212258542470006,0.01908890426011015,0.031204892342824125,0.6284803491500651
Test_271,0.30576104268832555,0.032743597591004855,0.21432183906489902,0.4471735206557707
Test_272,0.02746654595276563,0.03818679179303242,0.2134098567162243,0.7209368055379776
Test_273,0.7804086174868515,0.038444178615776564,0.049765154838622885,0.13138204905874917
Test_274,0.017362378407887572,0.020902436899299805,0.9116393406036537,0.050095844089158965
Test_275,0.10389055568641865,0.09036570002060598,0.33173791527090457,0.4740058290220704
Test_276,0.020717472098171083,0.044385076029614216,0.04563694930521634,0.8892605025669982
Test_277,0.1637053783795361,0.0728805405108872,0.3902191120965944,0.3731949690129823
Test_278,0.05488586148383598,0.1178085139689367,0.1372271223286452,0.6900785022185819
Test_279,0.1883558206273298,0.05046383112742626,0.7096821912482707,0.051498156996973195
Test_280,0.4320736188948892,0.035498384772317704,0.061744500562536775,0.4706834957702559
Test_281,0.14130564446377336,0.059644999902882974,0.19742739392348477,0.601621961709859
Test_282,0.14993492254026827,0.18649810098030115,0.1782956364930079,0.48527133998642297
Test_283,0.14854951687918372,0.15703763663486184,0.17526672768406695,0.5191461188018878
Test_284,0.10160938753501071,0.13167708506828862,0.45396017155398527,0.3127533558427156
Test_285,0.6610179322653164,0.010426064909317656,0.2626923771925364,0.06586362563282978
Test_286,0.47254155609879084,0.03391412432748319,0.26365993324523357,0.2298843863284921
Test_287,0.864451876270604,0.009823520981721698,0.051366579818166565,0.07435802292950745
Test_288,0.0232508257838476,0.06707133025002637,0.02053017548821465,0.8891476684779115
Test_289,0.0543440166871629,0.12518257733849583,0.24276224150723882,0.5777111644671026
Test_290,0.058543185907625715,0.04528444363597843,0.6758476608552652,0.22032470960113074
Test_291,0.41608863176421257,0.03130164170415918,0.4618270813236704,0.09078264520795802
Test_292,0.8938485371715894,0.00726577990195118,0.03521084422064688,0.06367483870581245
Test_293,0.0548914498636842,0.05400874156818061,0.8558392055765721,0.03526060299156282
Test_294,0.15106046005767743,0.07571264736806235,0.6827384170534851,0.09048847552077512
Test_295,0.1523323867379301,0.0401158591244928,0.7644285460906196,0.04312320804695725
Test_296,0.3464834790013695,0.0397908323137348,0.5025145375747571,0.11121115111013867
Test_297,0.005102174593567592,0.08335496988648536,0.03303243396883017,0.8785104215511167
Test_298,0.006989657756084867,0.2432663457462777,0.40536223218895734,0.34438176430867995
Test_299,0.08943686219064396,0.11066723954956303,0.3117197576250224,0.4881761406347709
Test_300,0.894600428876811,0.004530756823259066,0.020843814978571254,0.08002499932135884
Test_301,0.11850601115787307,0.02318387266060964,0.7047386911591277,0.15357142502238974
Test_302,0.02980223513944418,0.10868059854588373,0.17811757204271636,0.6833995942719558
Test_303,0.7553910046484298,0.038605494063077686,0.14071990553421615,0.0652835957542764
Test_304,0.6576834103800804,0.06902119415751572,0.04243587963460092,0.23085951582780298
Test_305,0.30777085301005025,0.021819070237500713,0.04322264342944158,0.6271874333230074
Test_306,0.04487520910462691,0.19236144325407753,0.2485494415125987,0.514213906128697
Test_307,0.2117799816722378,0.04088654239694338,0.6993322948646346,0.04800118106618445
Test_308,0.365346153221816,0.10110332436344459,0.3241361921186957,0.20941433029604375
Test_309,0.02806479589778567,0.02082768563267511,0.8123142411391601,0.13879327733037883
Test_310,0.018952752635913367,0.06453170463105619,0.8257031101428493,0.090812432590181
Test_311,0.2518424780047007,0.03131409509494359,0.602550125957099,0.11429330094325689
Test_312,0.040748255350797166,0.04594664410363303,0.028793766709762754,0.8845113338358067
Test_313,0.06707827069873264,0.030949395479634156,0.12495272805342969,0.7770196057682032
Test_314,0.15065520541919547,0.07249245850091793,0.0771249545420688,0.6997273815378178
Test_315,0.18588257666485905,0.006118552975205062,0.046941188689401565,0.7610576816705344
Test_316,0.10985720445133668,0.010821040008298444,0.7562782006701709,0.12304355487019389
Test_317,0.05604294600321719,0.06224162060529474,0.8207762635581436,0.060939169833344436
Test_318,0.043152486233717424,0.08886665804429052,0.28397927336637513,0.5840015823556173
Test_319,0.026273445004673192,0.08521930958373804,0.8432062060310039,0.04530103938058473
Test_320,0.05529177321323738,0.037562572592395455,0.7641371951821821,0.1430084590121849
Test_321,0.5701457625009678,0.0775560452926623,0.11990910548955376,0.23238908671681607
Test_322,0.611700497987982,0.033825883685328906,0.15085805489209997,0.20361556343458925
Test_323,0.08452168957426512,0.020236029210481638,0.40124160700079886,0.49400067421445437
Test_324,0.04779714659366669,0.0786916463228128,0.8112639220733708,0.06224728501014982
Test_325,0.07705256860466628,0.022555504006150123,0.07283096138798971,0.8275609660011937
Test_326,0.14462032699408434,0.017199900876271212,0.7953433841827554,0.042836387946888925
Test_327,0.26629901861308436,0.15422883963010145,0.11514031403425368,0.46433182772256076
Test_328,0.05366509008250189,0.07512287943078445,0.5073211770141813,0.3638908534725322
Test_329,0.3184197087668766,0.0508297233712959,0.2060916998621484,0.4246588679996791
Test_330,0.03179153632706428,0.11023479290407853,0.39542894213207413,0.46254472863678286
Test_331,0.267279401671674,0.05805521259801992,0.07691557944680937,0.5977498062834969
Test_332,0.7213559650245687,0.02408181729800115,0.19460371968189247,0.05995849799553747
Test_333,0.21218942179375838,0.0203536217211391,0.6547233263967712,0.1127336300883312
Test_334,0.008343511159487295,0.02755924783892338,0.9516591717005634,0.012438069301025886
Test_335,0.37089055635438495,0.13607436468524312,0.387261039851904,0.10577403910846785
Test_336,0.6032272797900018,0.02666801871010649,0.14163015168929355,0.22847454981059825
Test_337,0.4381391537314999,0.08887692612114903,0.1442807744485847,0.3287031456987664
Test_338,0.7705804047043708,0.015274820965566442,0.11198217150584698,0.10216260282421595
Test_339,0.07886027973322025,0.06793745129087807,0.5359098471231258,0.3172924218527756
Test_340,0.2361099446306381,0.026943876195005902,0.4508240580659776,0.28612212110837876
Test_341,0.42646062239806737,0.06158322681727022,0.20391085843466336,0.3080452923499991
Test_342,0.9359224280732896,0.004049101870854045,0.040079363006944264,0.019949107048911792
Test_343,0.9142079760624603,0.00583292062524658,0.024276614261004987,0.05568248905128797
Test_344,0.15050161232742598,0.03977377055450125,0.6835492531684942,0.12617536394957857
Test_345,0.09436003372966238,0.035221600621826415,0.8045737997955633,0.06584456585294785
Test_346,0.06260401453283991,0.03206947382324609,0.7876811160929521,0.11764539555096185
Test_347,0.04268260244109979,0.015079011156276663,0.8809193472583333,0.061319039144290335
Test_348,0.07745470037285375,0.023185288749890093,0.03307675161478557,0.8662832592624705
Test_349,0.22485061009216395,0.07507367057536041,0.5636193694841876,0.1364563498482877
Test_350,0.05929866517033737,0.21298724463776378,0.2597753414795565,0.4679387487123424
Test_351,0.011443859770655433,0.1084406869182822,0.8402032043707877,0.03991224894027457
Test_352,0.21536233567079793,0.038344297463684875,0.12095089462207036,0.6253424722434469
Test_353,0.3277947885972778,0.03355128320565221,0.2601035535612075,0.37855037463586244
Test_354,0.26784515606681475,0.06881686271083268,0.3679369795850093,0.29540100163734334
Test_355,0.3768398950735182,0.045365945084571,0.18944364224995394,0.3883505175919568
Test_356,0.8606598702860829,0.04443263782106631,0.03959221464932312,0.055315277243527486
Test_357,0.7872721374015678,0.02835447669651403,0.13215629429420295,0.052217091607715156
Test_358,0.3002868103615383,0.0863876312600607,0.39205576957846827,0.2212697887999328
Test_359,0.06935939435332054,0.05724707628018167,0.06396050567160719,0.8094330236948909
Test_360,0.32502343543450357,0.08489814285283258,0.18003143064794422,0.4100469910647197
Test_361,0.4174182268945737,0.02338146849595256,0.11985900326111544,0.43934130134835847
Test_362,0.8103897089771964,0.013395732156818631,0.11446930310421521,0.06174525576176965
Test_363,0.027108225429796153,0.04162119400786932,0.869989651335744,0.06128092922659065
Test_364,0.1976873171427422,0.029732072670390047,0.7347592093577217,0.03782140082914611
Test_365,0.09553202461635373,0.06635887820842354,0.8081955409641342,0.029913556211088124
Test_366,0.03720518595397353,0.014374192296634681,0.939467077754027,0.00895354399536514
Test_367,0.05440513480291544,0.03827952988395892,0.4260256772922439,0.4812896580208816
Test_368,0.3746265904117706,0.058117404543638874,0.16947656554378518,0.3977794395008055
Test_369,0.013271118527220379,0.042433522489856795,0.04597328817293616,0.8983220708099867
Test_370,0.11559953202025296,0.059388492938085444,0.7865256130242416,0.03848636201742024
Test_371,0.04004072789983004,0.03485966133842269,0.5432390520394227,0.38186055872232433
Test_372,0.057444860908088397,0.0952119669332548,0.08100587165155199,0.7663373005071047
Test_373,0.04291691694073558,0.07878620593273156,0.5074282343371027,0.3708686427894298
Test_374,0.09314995319000749,0.0210431403968388,0.1732358213511011,0.7125710850620528
Test_375,0.18973040634504498,0.05380638693549364,0.04324777002856501,0.7132154366908963
Test_376,0.6183821175024766,0.012345914434268638,0.10658981799194467,0.2626821500713102
Test_377,0.3972041724638891,0.10830169476326586,0.20159377587955818,0.2929003568932864
Test_378,0.21305085725910863,0.06693666955587634,0.5539675990653165,0.1660448741196985
Test_379,0.3039783878308283,0.034855383149873104,0.30646397688467886,0.35470225213461953
Test_380,0.11980937769188339,0.09397824611289503,0.20427344082250343,0.5819389353727187
Test_381,0.5157711665828338,0.024240156974233214,0.05058872365583159,0.4093999527871015
Test_382,0.22667856019577545,0.03006430250033256,0.1799877525338204,0.5632693847700718
Test_383,0.3574848211283314,0.06326447591051951,0.16795320337544692,0.41129749958570216
Test_384,0.1979328057497535,0.02715414881177464,0.5992219321539646,0.17569111328450748
Test_385,0.12144208034424614,0.03689653094888058,0.03137680508843043,0.8102845836184426
Test_386,0.002040799115333105,0.0957718854852142,0.8016574222961369,0.10052989310331566
Test_387,0.1807237086297661,0.07890644918430505,0.29263325803620815,0.44773658414972073
Test_388,0.6064223171337711,0.008798286860404871,0.2798570111121583,0.10492238489366545
Test_389,0.44172217053400104,0.015236478901520425,0.5236716359150974,0.01936971464938127
Test_390,0.3380913864463237,0.056253284038273114,0.027212792284243843,0.578442537231159
Test_391,0.1927828838047344,0.041921031155915424,0.5030970671706994,0.2621990178686509
Test_392,0.041921758537389255,0.02718518960572745,0.7064054978702091,0.2244875539866744
Test_393,0.16994527730208364,0.017055060082415068,0.02204325460263684,0.7909564080128642
Test_394,0.5383949404445472,0.016009852503805592,0.17597275841818544,0.26962244863346163
Test_395,0.015539719336739585,0.1321388853936491,0.7735127264914138,0.07880866877819731
Test_396,0.10864472898208141,0.07319663649695442,0.0796903764028429,0.7384682581181211
Test_397,0.03805768638584143,0.04923135938139844,0.03486636227515204,0.8778445919576082
Test_398,0.01578761352171327,0.18275035628127595,0.5417151702107753,0.25974685998623537
Test_399,0.8035610920152397,0.006839588334066489,0.133832464001963,0.055766855648731115
Test_400,0.010826578919052197,0.04321974149020752,0.9119789334703207,0.03397474612041955
Test_401,0.017611672680774803,0.017990285570364077,0.9407451951599196,0.023652846588941533
Test_402,0.09920560247742666,0.03317207892966246,0.0753359707770851,0.7922863478158256
Test_403,0.04584334013380534,0.21162768901383733,0.6364253934623231,0.10610357739003422
Test_404,0.08701123472243281,0.044596164523484166,0.764815561539136,0.10357703921494704
Test_405,0.06344050217642232,0.09929495044231447,0.025437217110497515,0.8118273302707658
Test_406,0.022892113655799316,0.06519360071000498,0.02801365216376907,0.8839006334704268
Test_407,0.022203225092356678,0.1404801479145413,0.021059354148748658,0.8162572728443531
Test_408,0.6522106658834685,0.05076799825651633,0.05432488623239852,0.24269644962761666
Test_409,0.10300395225250836,0.11381265813869137,0.13021857219896815,0.652964817409832
Test_410,0.04510766686489079,0.03893607997972127,0.03540433799626353,0.8805519151591247
Test_411,0.7446223004909875,0.02213616560969036,0.03927010181505666,0.19397143208426543
Test_412,0.10428185430455843,0.16887232840584182,0.6425626146533061,0.08428320263629353
Test_413,0.4106534538609753,0.04039830885988934,0.3192676623078909,0.22968057497124433
Test_414,0.0008880115138001576,0.006325270618006834,0.9892465111278862,0.0035402067403070584
Test_415,0.24926067988951672,0.029883225439706198,0.6136785279632859,0.10717756670749148
Test_416,0.05785475583000628,0.04175833026536078,0.5763341093196195,0.32405280458501323
Test_417,0.045501522028004525,0.019034034073822897,0.9190148591314803,0.01644958476669248
Test_418,0.26294518480906415,0.12245746581853165,0.4057758809623969,0.20882146841000707
Test_419,0.8700754803917948,0.018682079561517875,0.06266852153187849,0.048573918514808655
Test_420,0.011187304734382668,0.033966866455622656,0.9102416967187987,0.04460413209119578
Test_421,0.04341774851554531,0.0216332281628912,0.07688473428150155,0.8580642890400619
Test_422,0.125091819919103,0.0753837381711827,0.03835835998402111,0.761166081925693
Test_423,0.01876459268044339,0.01190199887087365,0.9444899226435686,0.024843485805114487
Test_424,0.04276533348992034,0.06420537580090963,0.5540574440225695,0.3389718466866007
Test_425,0.49804689262994123,0.028874273466806998,0.07634528576644069,0.396733548136811
Test_426,0.0983351640811885,0.011879782862729709,0.8689191060202085,0.02086594703587334
Test_427,0.009443100605605569,0.02283758364161392,0.04423146017655149,0.9234878555762285
Test_428,0.010273396729423333,0.0681091433851135,0.025378804954313904,0.8962386549311491
Test_429,0.14916290867232648,0.11762215710023066,0.44374468759965835,0.28947024662778476
Test_430,0.7154763555166512,0.07418951366034475,0.10238246782671329,0.10795166299629078
Test_431,0.7620446997150849,0.015299613111399468,0.17453018630058487,0.048125500872930875
Test_432,0.05221961084371065,0.08976592765884467,0.1621960744712955,0.6958183870261492
Test_433,0.10399141745458428,0.05516008730617618,0.022005025251572607,0.818843469987667
Test_434,0.07767344293135046,0.024469410563452546,0.053119726888117974,0.8447374196170788
Test_435,0.38703101426640024,0.05494119632616944,0.3268745732920193,0.23115321611541076
Test_436,0.10459146797721061,0.06739314605463573,0.06348288705891687,0.7645324989092368
Test_437,0.18068971240207493,0.052647679333976585,0.5820851462794173,0.18457746198453093
Test_438,0.0404667951273477,0.06612144935277177,0.20736532947530517,0.6860464260445753
Test_439,0.03249906172291451,0.05079934040578166,0.8839839547328148,0.03271764313848919
Test_440,0.025709396482279368,0.0736578431591088,0.8318325888058214,0.06880017155279039
Test_441,0.7991999406490016,0.013923489411433457,0.11459823815003588,0.07227833178952883
Test_442,0.0050818185769083875,0.01012028523202594,0.9817461358543771,0.0030517603366884386
Test_443,0.02385988792566057,0.06205254021525099,0.2065356586649441,0.7075519131941439
Test_444,0.7159807552955684,0.05689456656265373,0.05685022069374565,0.17027445744803224
Test_445,0.05924276862379318,0.04162036513030004,0.22398497308721715,0.6751518931586897
Test_446,0.013487201200860688,0.12472796088245001,0.439316473013217,0.42246836490347234
Test_447,0.12118980180876544,0.03910795229390249,0.6624165521949384,0.17728569370239358
Test_448,0.02148121948233775,0.06535178466702708,0.7658473216255934,0.14731967422504166
Test_449,0.13275611660262604,0.10955504594922043,0.21862618844916157,0.5390626489989918
Test_450,0.2342838589188867,0.025975620010624527,0.7061356622191426,0.03360485885134643
Test_451,0.01674514541465374,0.09396523007194213,0.8565449274094525,0.03274469710395187
Test_452,0.4364807570362659,0.03657355742097764,0.3021465260607396,0.22479915948201687
Test_453,0.14060483471526167,0.06292230199068011,0.07374925637307028,0.7227236069209882
