image_id,healthy,multiple_diseases,rust,scab
Test_0,0.08203330252143418,0.0697241224911461,0.7307803247873381,0.11746225020008154
Test_1,0.20699286414424,0.13978552695323965,0.4372049513633054,0.21601665753921473
Test_2,0.03499298382612815,0.03588046478761331,0.034700029895894435,0.8944265214903641
Test_3,0.6238364252707864,0.012648581967680688,0.12396404113493957,0.23955095162659343
Test_4,0.06281380643755338,0.046738291700956634,0.7502196153127054,0.14022828654878422
Test_5,0.7884674041494506,0.026610448117555682,0.13504961757204753,0.04987253016094608
Test_6,0.6097810163959928,0.03148876649636314,0.045017626304149,0.313712590803495
Test_7,0.021876587204724157,0.05480053069936571,0.04873313852173171,0.8745897435741783
Test_8,0.10194990167477885,0.260503229285273,0.07271970202879678,0.5648271670111511
Test_9,0.22011362479960647,0.020133531345289158,0.7009204459029543,0.05883239795214971
Test_10,0.05331236052322853,0.13052448736554656,0.6419001600520918,0.17426299205913307
Test_11,0.7788638879008806,0.03494237515084408,0.1567908754494049,0.02940286149887031
Test_12,0.39610527255771855,0.05099202120022167,0.059933944930234385,0.4929687613118255
Test_13,0.570023029760364,0.07449639663200754,0.07587654447989477,0.27960402912773374
Test_14,0.04095997661367595,0.04744743380225915,0.8494427836930172,0.06214980589104791
Test_15,0.1273454892743056,0.05683592776842665,0.7270599057686461,0.08875867718862152
Test_16,0.7423565357001335,0.01918302167155991,0.10813866158201324,0.1303217810462934
Test_17,0.01531749585075786,0.42666215530023244,0.35145723191455824,0.20656311693445148
Test_18,0.4166035098628465,0.026576989349801152,0.2470389168223718,0.3097805839649807
Test_19,0.004111965962301731,0.15392430351455935,0.5668740935829704,0.27508963694016847
Test_20,0.6208100616590118,0.009934127756582563,0.04425111848173743,0.32500469210266836
Test_21,0.7201343650430897,0.011012016389021316,0.076270113259348,0.19258350530854068
Test_22,0.06697248960731102,0.17732533318849683,0.6295093417492077,0.12619283545498428
Test_23,0.10666882281212355,0.012462789080340554,0.14164234551132404,0.7392260425962119
Test_24,0.8273867417046115,0.05585164354035876,0.02415843725049756,0.09260317750453187
Test_25,0.519577725113342,0.02917836170153664,0.10344500705218984,0.34779890613293163
Test_26,0.08859248532879292,0.08513486128209344,0.28677317376032435,0.5394994796287895
Test_27,0.015936776494199025,0.06638315961272322,0.7473055172341285,0.17037454665894933
Test_28,0.7772083607577402,0.028018084012999666,0.11120289064052023,0.08357066458873967
Test_29,0.0455930029202266,0.4807041703492883,0.21975900937243462,0.2539438173580506
Test_30,0.9191529676418246,0.010738633131152435,0.036356632434704335,0.03375176679231855
Test_31,0.0025210954203778797,0.459543748451933,0.29536071158779986,0.24257444453988944
Test_32,0.717534697257983,0.00656413833305447,0.11634981530188017,0.15955134910708188
Test_33,0.008557966201688933,0.07699973112842587,0.023755824985076703,0.8906864776848089
Test_34,0.24161012944576538,0.0070513818813117525,0.10883047272112348,0.6425080159517996
Test_35,0.022001898747885995,0.07213879478555804,0.11810645473109961,0.7877528517354567
Test_36,0.02948831998202625,0.0635079280879674,0.8635132510268332,0.04349050090317322
Test_37,0.18048953971474083,0.10929849830591272,0.029539587850275793,0.6806723741290706
Test_38,0.06940294982678259,0.040165669556304524,0.011779374989647953,0.8786520056272646
Test_39,0.02341696977889774,0.02780220840337477,0.7789213671776315,0.16985945464009614
Test_40,0.11850663397262108,0.1053460674722707,0.24608304564934,0.5300642529057685
Test_41,0.20028919133376785,0.0836550008703269,0.6492834995463659,0.06677230824953934
Test_42,0.02643297717408234,0.019243362818275486,0.03565246329620481,0.9186711967114373
Test_43,0.4837972418756531,0.019253591984755496,0.48820356924889285,0.008745596890698393
Test_44,0.09613337972576058,0.1446338476989865,0.13760502227776056,0.6216277502974923
Test_45,0.04113261446572624,0.14304373607043855,0.15615601154350484,0.6596676379203307
Test_46,0.14318080966269622,0.12870312930457647,0.16417095750864324,0.5639451035240838
Test_47,0.02542057075565176,0.06079214829185162,0.8784735924655629,0.03531368848693393
Test_48,0.14498065616229064,0.09683903903672744,0.6802902056766345,0.07789009912434747
Test_49,0.029860701583645264,0.04199573197008126,0.804890617231934,0.12325294921433967
Test_50,0.005887827178454301,0.08681040329065208,0.8565694640457774,0.050732305485116265
Test_51,0.48322001585312147,0.07479453983090326,0.1695042196327966,0.27248122468317865
Test_52,0.07313784459342311,0.03896270539575885,0.7800309679911241,0.10786848201969397
Test_53,0.047176810429966576,0.09347713197781594,0.8238586260831618,0.035487431509055534
Test_54,0.38661210490373793,0.11605813467259112,0.4150247196866116,0.08230504073705938
Test_55,0.20273414569142356,0.040885384659544985,0.26091281657642174,0.49546765307261004
Test_56,0.2456517057000067,0.05422041255145724,0.36029647647674756,0.33983140527178846
Test_57,0.19222768204403545,0.014403463071590909,0.03144938135962211,0.7619194735247515
Test_58,0.07356265013950804,0.03240609922979329,0.022039103435600435,0.8719921471950983
Test_59,0.08133184468368655,0.15245554174727252,0.661894252346705,0.10431836122233598
Test_60,0.1360499729987696,0.06911056308208173,0.06374764298868484,0.7310918209304641
Test_61,0.4381818212608356,0.040417597554453975,0.2858330300042185,0.2355675511804919
Test_62,0.13030802897455449,0.04581842990239307,0.5513867626146832,0.2724867785083694
Test_63,0.18730571605493304,0.019332379343048284,0.02082999980792967,0.7725319047940892
Test_64,0.15346556922575955,0.0450641496336813,0.26128023436663433,0.5401900467739247
Test_65,0.05925896885649619,0.19908524138522166,0.2058217223661336,0.5358340673921486
Test_66,0.9198158877086329,0.014221871465190276,0.01716633249667374,0.04879590832950315
Test_67,0.15407866143179552,0.0628156221037832,0.28217095916562807,0.5009347572987932
Test_68,0.005737494736043315,0.08613802033672274,0.7524098214854711,0.15571466344176266
Test_69,0.014599987490382122,0.1820509252249746,0.36356840253205125,0.4397806847525921
Test_70,0.11362369079439655,0.03479453023983956,0.022398984359479925,0.8291827946062837
Test_71,0.012606886318137408,0.04939651598664959,0.9201323075448613,0.017864290150351528
Test_72,0.21335918661857542,0.06673347900426801,0.295526255129734,0.42438107924742285
Test_73,0.4245003317922591,0.05711572215112115,0.3354377453319853,0.18294620072463447
Test_74,0.8650868469868573,0.03577554414898282,0.04313579672723052,0.05600181213692934
Test_75,0.07151676717133136,0.12135990937179121,0.036624275621653754,0.7704990478352236
Test_76,0.5469974180399451,0.01560948559997547,0.168800634842251,0.26859246151782823
Test_77,0.854745353843063,0.007826296624791442,0.07902764578003942,0.058400703752105876
Test_78,0.017685880492268394,0.07353098478277953,0.03143340678814997,0.8773497279368021
Test_79,0.22748134054627756,0.17272398416817777,0.2924058664633809,0.30738880882216396
Test_80,0.05760855564149873,0.2888062070286322,0.17667672713581178,0.4769085101940572
Test_81,0.40925810915372546,0.07872193527013335,0.30458134810464116,0.2074386074714999
Test_82,0.39086717210379274,0.08688635162064509,0.4615957393088165,0.06065073696674578
Test_83,0.07142407200870479,0.15388911567987063,0.04355079917515264,0.7311360131362717
Test_84,0.3603488900181904,0.023405720769687294,0.3200206129018923,0.29622477631022986
Test_85,0.579162640241221,0.016070892719364425,0.026714659452745718,0.3780518075866687
Test_86,0.18351907149360114,0.43376052947749544,0.20661418883489535,0.176106210194008
Test_87,0.49372140316034446,0.03634943706464059,0.07206732891304907,0.3978618308619655
Test_88,0.05473699029027565,0.07951744791268867,0.5867631867798911,0.2789823750171443
Test_89,0.5594009149223943,0.06206270382611963,0.14294778772736308,0.23558859352412298
Test_90,0.3483677590742026,0.06827365267594979,0.28710693269106563,0.2962516555587821
Test_91,0.7901214543278493,0.016898408046698617,0.07593340550120585,0.11704673212424635
Test_92,0.7736784139543234,0.014093631333279085,0.061124787252181914,0.15110316746021552
Test_93,0.0159002704954536,0.20139109321555332,0.696605083961286,0.0861035523277075
Test_94,0.22954714817303265,0.03565707701526941,0.014992474548407256,0.7198033002632906
Test_95,0.6626740438752245,0.007759654225578805,0.17049246431187445,0.15907383758732235
Test_96,0.3156599111775679,0.014346673387336153,0.21102998708727763,0.4589634283478183
Test_97,0.8238161557730618,0.016278963829433966,0.09774550841658144,0.0621593719809229
Test_98,0.5768014326258794,0.09706399700966328,0.11093628357466195,0.21519828678979513
Test_99,0.36921369743708016,0.0317836037181193,0.34095718801022784,0.25804551083457283
Test_100,0.12515829172023776,0.024712402891217716,0.017538333184773647,0.832590972203771
Test_101,0.5752345924051122,0.017194692548131787,0.05638766043193408,0.3511830546148221
Test_102,0.3420037431713852,0.05344808683258781,0.1696719930194064,0.4348761769766205
Test_103,0.023357420432237576,0.2044694217969326,0.7166999087605185,0.05547324901031114
Test_104,0.02877864668106274,0.10740754901225757,0.5279835916157182,0.3358302126909621
Test_105,0.21026743672001866,0.010755118164832192,0.049569870924400884,0.7294075741907482
Test_106,0.6178607895954241,0.015645354329995673,0.18263429826206504,0.18385955781251534
Test_107,0.44089279215753874,0.03977095096333131,0.30535896101013266,0.21397729586899722
Test_108,0.2205418907913912,0.043957580677175326,0.14490096052009038,0.5905995680113431
Test_109,0.46561648689479623,0.048197748660855216,0.20175762657386984,0.28442813787047866
Test_110,0.5333930699541352,0.021222145953130427,0.1950381479450089,0.25034663614772545
Test_111,0.4974388223659615,0.04477799828527255,0.09388313377588292,0.36390004557288325
Test_112,0.05091831119825164,0.20747770031678064,0.5046123493343136,0.23699163915065405
Test_113,0.013958935487310642,0.08926962565621539,0.07354932211968122,0.8232221167367928
Test_114,0.008716263842055308,0.14809738893047442,0.8102109710259934,0.032975376201476655
Test_115,0.14866340595204938,0.07129272165639591,0.3112670928454249,0.4687767795461298
Test_116,0.3977193869048379,0.09256567630648647,0.38828970124026657,0.12142523554840877
Test_117,0.005422483570706958,0.04701827709243956,0.912906083799812,0.03465315553704134
Test_118,0.0723485128755568,0.04760426185733247,0.7872169483896175,0.09283027687749329
Test_119,0.7812595966388035,0.02554470112294367,0.16709620311790552,0.02609949912034747
Test_120,0.04796315681397015,0.06685740904150023,0.7205992869007533,0.16458014724377606
Test_121,0.30542790019327426,0.034776824918725004,0.2694884523351282,0.39030682255287275
Test_122,0.6730333697487741,0.07911416157310593,0.10666929936323531,0.1411831693148848
Test_123,0.003160837741885697,0.23036313553047338,0.7135733749986971,0.05290265172894374
Test_124,0.6976061030384287,0.020520678909050613,0.016033795567568485,0.2658394224849521
Test_125,0.3669801198940398,0.08521383803471562,0.034322335451249214,0.5134837066199952
Test_126,0.8047168792284644,0.04311171458512776,0.11032729795181818,0.04184410823458978
Test_127,0.6666402880061784,0.014170548962105614,0.040444047695653844,0.2787451153360623
Test_128,0.11239499335487035,0.23272664366568252,0.4426508379758144,0.21222752500363268
Test_129,0.22175100295956626,0.20341661528462454,0.2021514625837955,0.37268091917201335
Test_130,0.018848906514227992,0.026214829526168406,0.011151001682139816,0.943785262277464
Test_131,0.03291255972684993,0.01172768181251014,0.02531865629810027,0.9300411021625395
Test_132,0.7431989538333865,0.014326777641860753,0.041908141657788875,0.2005661268669638
Test_133,0.014562070845228614,0.0460008609551747,0.055058295160607916,0.8843787730389888
Test_134,0.24761224662868744,0.03500902462915067,0.2898101059241197,0.427568622818042
Test_135,0.035942856311890814,0.1471548854729442,0.1554105051332245,0.6614917530819404
Test_136,0.1442520939543257,0.016970491314978253,0.2439843839787758,0.5947930307519205
Test_137,0.0008103848820524425,0.09940326241464993,0.8664384625300745,0.0333478901732233
Test_138,0.10055680311132306,0.03866180322470848,0.8000843069589568,0.0606970867050116
Test_139,0.8896997817181161,0.005116172712273712,0.05412262213705427,0.051061423432555895
Test_140,0.7939560246723687,0.03148875017542122,0.09868899626258953,0.07586622888962026
Test_141,0.426918758108185,0.04822964753891436,0.38291451380924113,0.14193708054366
Test_142,0.054178366751535846,0.22586220602833618,0.08823928808345037,0.6317201391366775
Test_143,0.17209949824587098,0.18458358536584596,0.30025486189357736,0.3430620544947058
Test_144,0.7071911212173165,0.011661499593311586,0.2617696994189385,0.019377679770433195
Test_145,0.201355302451573,0.11321621731960063,0.545369160640456,0.14005931958837026
Test_146,0.0029763634386236544,0.016238974994274322,0.9776265792258272,0.0031580823412750967
Test_147,0.10410364386165473,0.08069121625971121,0.5004275018478279,0.3147776380308059
Test_148,0.026055610527011483,0.23371987377181097,0.6879310487209992,0.052293466980178234
Test_149,0.34641780807889594,0.025825958619431724,0.6147411942332908,0.013015039068381317
Test_150,0.06635131879861357,0.08350670991364126,0.667496899281579,0.18264507200616623
Test_151,0.014019885600311931,0.03544979243423362,0.9291562198909813,0.02137410207447279
Test_152,0.028345764501441193,0.2034451990074396,0.6242246694000867,0.14398436709103285
Test_153,0.18576250052276022,0.02790605419980425,0.20051988152483685,0.5858115637525987
Test_154,0.05089024184729655,0.08994635040542298,0.7732749363397925,0.08588847140748847
Test_155,0.002684295686025295,0.20634846029008327,0.729061746495943,0.0619054975279482
Test_156,0.22078753332891302,0.13081206669594767,0.2031772099634879,0.4452231900116512
Test_157,0.7666924805509684,0.019764360559543545,0.08237519113010731,0.1311679677593806
Test_158,0.15305758100543207,0.012439468783417838,0.007696227022822849,0.8268067231883273
Test_159,0.6459159803443081,0.022143920875120904,0.1029587767307351,0.22898132204983593
Test_160,0.9133470521580149,0.01798065160881565,0.022324082760453258,0.046348213472716074
Test_161,0.49637486066104236,0.04294177503706366,0.32286697926891794,0.13781638503297622
Test_162,0.1861243280416501,0.047001472591723825,0.6663197134816136,0.10055448588501212
Test_163,0.03440227536846511,0.1477995141863199,0.23801288048457017,0.5797853299606451
Test_164,0.6603235792590697,0.03263331675798205,0.06214879067877197,0.2448943133041766
Test_165,0.09232298216829807,0.2510963347419405,0.21445343352809595,0.44212724956166516
Test_166,0.5095120371651187,0.01294140565253683,0.38139085880572177,0.09615569837662268
Test_167,0.3791076971176065,0.025479084355895812,0.24165521635687917,0.35375800216961845
Test_168,0.0059203732214530395,0.08793704557535628,0.8708501586069849,0.035292422596205714
Test_169,0.26759096604067834,0.061285443981371174,0.06944508500764197,0.6016785049703087
Test_170,0.1870240771808283,0.02303033406944236,0.4671613162365605,0.3227842725131686
Test_171,0.04006078670507718,0.02042592077787751,0.3430718673247491,0.5964414251922963
Test_172,0.02557290785367841,0.18485375596346587,0.6831363887916065,0.10643694739124909
Test_173,0.02284872593476283,0.0917204506067909,0.8251938246723157,0.060236998786130654
Test_174,0.24014104412038711,0.11075188814735457,0.3257483939851328,0.3233586737471259
Test_175,0.4177413828713217,0.06280113244876379,0.23072244231164046,0.288735042368274
Test_176,0.02027282972225537,0.0977128249893065,0.8037178128318719,0.07829653245656615
Test_177,0.03569896626622038,0.0325661285759592,0.024398676191495956,0.9073362289663244
Test_178,0.2373155408074285,0.03955801844338357,0.05776320168901078,0.665363239060177
Test_179,0.0017718810799973134,0.06970518772197042,0.916669418928155,0.011853512269876939
Test_180,0.21125676460974252,0.05446703859820085,0.19860058238186296,0.5356756144101934
Test_181,0.02495813906613019,0.12772553157058736,0.09482812720311726,0.7524882021601652
Test_182,0.12443932576535303,0.22828919830008929,0.4313107292761793,0.21596074665837828
Test_183,0.5372623612964119,0.0166092661438574,0.38592246882588993,0.0602059037338408
Test_184,0.27068307784892776,0.1088349888040998,0.1955737904196834,0.42490814292728907
Test_185,0.3074310838047801,0.24981955823888946,0.1612781774257644,0.2814711805305662
Test_186,0.05096239054122118,0.0781255087118253,0.08461111295861995,0.7863009877883333
Test_187,0.09914185251343315,0.04093698676036766,0.5457438461585885,0.31417731456761067
Test_188,0.06135818318655414,0.008667626178812782,0.8937210972880325,0.03625309334660074
Test_189,0.1707315228276899,0.09164882735596074,0.4505146356434532,0.28710501417289586
Test_190,0.010645971912341162,0.08155562867374908,0.8702043242154472,0.03759407519846252
Test_191,0.0007885172330558803,0.07167519322580204,0.9141872956354874,0.013348993905654666
Test_192,0.8223853535846612,0.00591863358774017,0.100031982131183,0.07166403069641542
Test_193,0.07550887268527183,0.06236604494350074,0.5445101149426994,0.3176149674285281
Test_194,0.0016984588202892182,0.2322106606636046,0.7326274240442455,0.03346345647186063
Test_195,0.6178659666347621,0.05589939579766172,0.240595667149314,0.08563897041826214
Test_196,0.23038102670701516,0.03954223613107768,0.031126415322052552,0.698950321839854
Test_197,0.016475101954072407,0.11682766386880254,0.8085576768863765,0.05813955729074866
Test_198,0.02437861285849496,0.12894620091041858,0.4429049250728536,0.40377026115823267
Test_199,0.044942853875372106,0.03667040048151495,0.7804308624895878,0.137955883153525
Test_200,0.05400525865300113,0.051632774097398054,0.848038731179458,0.04632323607014298
Test_201,0.023411849106602725,0.02381276815990276,0.15186734070046343,0.8009080420330313
Test_202,0.20098531861303462,0.08701532627446228,0.33750509171829374,0.37449426339420955
Test_203,0.030295616112994184,0.19111503356901413,0.3449785605424347,0.43361078977555695
Test_204,0.39248871171278227,0.034147371762054,0.10854530287093209,0.46481861365423166
Test_205,0.0532703158770396,0.026610034740735852,0.055478774280401176,0.8646408751018234
Test_206,0.02816718376981761,0.03169532092569773,0.017863624845957517,0.9222738704585269
Test_207,0.08153168720873392,0.06545355922407753,0.38409219177508086,0.4689225617921075
Test_208,0.4742063462394401,0.08848545616284269,0.24250212167733246,0.19480607592038507
Test_209,0.014510943359386724,0.3270488076472945,0.6348440276315,0.023596221361818746
Test_210,0.38173877484631735,0.04671490446652708,0.44481847517472056,0.12672784551243488
Test_211,0.01263682580239855,0.2526268391410384,0.563019749276411,0.17171658578015186
Test_212,0.31357643974465244,0.04333685514073213,0.6257408274073459,0.017345877707269548
Test_213,0.013760185204955472,0.36845655408163014,0.10952846634573792,0.5082547943676766
Test_214,0.023479813887398813,0.19030808293828427,0.6451067385776916,0.14110536459662534
Test_215,0.8359428488645257,0.058979808292194034,0.06333016062407952,0.04174718221920075
Test_216,0.8509748844788835,0.025871085178303402,0.11233351976230636,0.010820510580507028
Test_217,0.2091907798234494,0.06536097881544009,0.14757189156247608,0.5778763497986346
Test_218,0.7552526131067899,0.003465828354765229,0.22567742255185322,0.015604135986591489
Test_219,0.269481875270308,0.056015064231670506,0.4668753310076731,0.20762772949034838
Test_220,0.011026869538896427,0.053423848953222136,0.07251080048478244,0.8630384810230989
Test_221,0.11440627758693511,0.11469266568396795,0.15010097254168586,0.6208000841874111
Test_222,0.06641576765684473,0.02618272405009868,0.8870412088465424,0.020360299446514206
Test_223,0.02369976474790718,0.07336616600521216,0.7105224266250284,0.19241164262185223
Test_224,0.7141834434494344,0.017792465378234763,0.14084068999749416,0.12718340117483687
Test_225,0.6728005475946095,0.015657993603019768,0.2880181733169363,0.02352328548543427
Test_226,0.004055140181878322,0.6126677289787418,0.22025159007100625,0.16302554076837372
Test_227,0.1762489574895875,0.0476752041164365,0.11812104215072135,0.6579547962432546
Test_228,0.30498231065444914,0.016359581359995986,0.6067056443918787,0.07195246359367653
Test_229,0.22704491762803455,0.12415877968704297,0.312226435569891,0.3365698671150311
Test_230,0.7270618148719545,0.015470942377152281,0.222182454011043,0.03528478873985036
Test_231,0.15049726281284684,0.0744738220532117,0.21921168408479794,0.5558172310491434
Test_232,0.5727111591057887,0.021142743568795995,0.37751504236007966,0.02863105496533541
Test_233,0.3826282261607904,0.009323422292792344,0.1444745542482138,0.4635737972982038
Test_234,0.2324315005032613,0.094199437495824,0.29303934612363663,0.380329715877278
Test_235,0.1299244527605634,0.049726017196460914,0.3951732893956828,0.42517624064729276
Test_236,0.0659456545994112,0.05396605870636593,0.14832257952079622,0.7317657071734264
Test_237,0.5423606804274155,0.02140364011053803,0.1756924839774083,0.2605431954846385
Test_238,0.0010189958730754535,0.05217925860251002,0.934531859157722,0.012269886366692441
Test_239,0.005167730331475197,0.22280982152460055,0.6660992455068548,0.10592320263706922
Test_240,0.019458062844991384,0.2474002174935216,0.6928660719453201,0.040275647716166554
Test_241,0.006088025231604672,0.08411059889664559,0.823123439362329,0.08667793650942082
Test_242,0.5662989073098549,0.251446797810956,0.06653533886639153,0.11571895601279765
Test_243,0.8931810237858877,0.00689409708427103,0.05827315178674881,0.04165172734309234
Test_244,0.6320635002775348,0.06281398274537994,0.07661953278148925,0.22850298419559645
Test_245,0.31819798096378477,0.06106222210442631,0.4148744313316777,0.20586536560011168
Test_246,0.014902726765885612,0.1348727605005453,0.4004892500386954,0.44973526269487374
Test_247,0.00755865501305525,0.05089971110946675,0.03322822321254392,0.9083134106649338
Test_248,0.6222212380219626,0.019975850413269294,0.04739385703700174,0.3104090545277661
Test_249,0.017533099548972066,0.07118070042962431,0.7954543625174277,0.11583183750397609
Test_250,0.9533352601291984,0.005790138525321438,0.015574634625209395,0.02529996672027099
Test_251,0.5771351390439736,0.024567746422020236,0.06346130062957973,0.33483581390442657
Test_252,0.3960247957230777,0.07654127514633878,0.4557304069901225,0.07170352214046097
Test_253,0.03801723126988447,0.04159783240461107,0.06364232533853804,0.8567426109869661
Test_254,0.21817638714844748,0.04973502584406454,0.21316235488088447,0.5189262321266038
Test_255,0.22555908560592788,0.03058810806925287,0.08559801280624209,0.6582547935185772
Test_256,0.0046555765783666105,0.042439931565762666,0.01920318371779851,0.9337013081380723
Test_257,0.24416093667188699,0.03829698471917342,0.6590632665988249,0.05847881201011469
Test_258,0.10657027133847867,0.07997805830276307,0.6237992230799319,0.1896524472788265
Test_259,0.7008401821411684,0.05910825215732146,0.1756442642032808,0.06440730149822971
Test_260,0.3084720925218219,0.01608679975624882,0.028829840751232284,0.646611266970697
Test_261,0.025112155920036208,0.04863740904543177,0.5551709303709379,0.371079504663594
Test_262,0.1422102664542001,0.14046147986786892,0.37258988473289156,0.34473836894503945
Test_263,0.23553666049293376,0.15983423780993267,0.451001414045425,0.1536276876517084
Test_264,0.46040442989127905,0.01707155722546178,0.4005545767125598,0.1219694361706995
Test_265,0.19038645519349973,0.07799836320880785,0.39152986103827825,0.34008532055941443
Test_266,0.024060419294085443,0.022174944919322755,0.18970429723546553,0.7640603385511263
Test_267,0.8590035108685313,0.008216809948778424,0.08553811744369683,0.04724156173899326
Test_268,0.0042874110672414594,0.4721045006438753,0.4354092859311708,0.08819880235771259
Test_269,0.529905569369041,0.03231297963953403,0.18999305601320585,0.24778839497821936
Test_270,0.14487980196644482,0.04421538957478785,0.019121235344758496,0.7917835731140085
Test_271,0.4979095770682244,0.02541953521900662,0.09606933357528266,0.38060155413748636
Test_272,0.0013650221575931922,0.12332681703077718,0.19204884201875422,0.6832593187928753
Test_273,0.4153804772941931,0.0500158812926091,0.05216441534086588,0.4824392260723319
Test_274,0.024706002809798764,0.062199024702864196,0.881058397599115,0.03203657488822203
Test_275,0.03894922765063376,0.1164124382454622,0.677438545194987,0.16719978890891704
Test_276,0.030529820450631653,0.06172016072984934,0.03199002801155156,0.8757599908079675
Test_277,0.06387919705122479,0.1389113277379968,0.15752967862594183,0.639679796584837
Test_278,0.0897564155256237,0.03806146248974761,0.12612642527577356,0.7460556967088554
Test_279,0.10968750791799582,0.022333538577622197,0.8487100717906056,0.019268881713776394
Test_280,0.3474048688870229,0.011700845820047372,0.08988906968956945,0.5510052156033602
Test_281,0.02518847279059411,0.034140402155076216,0.03891594638034277,0.9017551786739869
Test_282,0.07948404729566176,0.2645504424034331,0.2020862477357258,0.4538792625651792
Test_283,0.09080505670727657,0.23994677397017228,0.19145461587836926,0.47779355344418206
Test_284,0.025944422392676306,0.26084015329458254,0.6364743588420222,0.07674106547071922
Test_285,0.9105512124509179,0.004000430215241323,0.03199404868105773,0.05345430865278312
Test_286,0.19011810418404698,0.009989367580148853,0.2506864139065574,0.5492061143292469
Test_287,0.7716411887235453,0.011145055021076995,0.1167776496061898,0.10043610664918808
Test_288,0.025082838804436777,0.011315157700599852,0.008328255996013006,0.95527374749895
Test_289,0.021828311910682453,0.03779773120319475,0.40320566832904925,0.5371682885570738
Test_290,0.12670295856481342,0.0665944188308088,0.5707548651127862,0.2359477574915918
Test_291,0.398313819460185,0.026688979263490446,0.536647460167078,0.038349741109246833
Test_292,0.9219888452483701,0.008781220443079482,0.017887879058997774,0.051342055249552494
Test_293,0.09951985305260622,0.08566572442401847,0.439116802628736,0.3756976198946398
Test_294,0.22039826473801066,0.12339401160401912,0.25983692269306324,0.3963708009649073
Test_295,0.22318341234299863,0.023362530702267754,0.6928740757001232,0.06057998125461069
Test_296,0.21017790426607683,0.0762667974312365,0.2762797188633478,0.437275579439339
Test_297,0.0002845929407478282,0.12036215431284242,0.04332639338510281,0.836026859361307
Test_298,0.0036608729766001544,0.08485684609474796,0.7320410716805997,0.17944120924805237
Test_299,0.024161369571486572,0.43768834244330157,0.2687634547950359,0.2693868331901758
Test_300,0.5110529777387804,0.040127521484751454,0.04619040736596538,0.40262909341050307
Test_301,0.3149467288718525,0.06568436663878044,0.18540596442080073,0.43396294006856634
Test_302,0.02729751746160624,0.1485756540903507,0.4151692759428952,0.4089575525051482
Test_303,0.6512066487807857,0.028759912047564146,0.0856756657912286,0.2343577733804215
Test_304,0.9266477286563796,0.026173096308330812,0.030790101496712897,0.016389073538576843
Test_305,0.2714506122443428,0.20600967438955425,0.06877008241276387,0.4537696309533394
Test_306,0.021854067705652753,0.24078851874923818,0.6225502060023927,0.11480720754271664
Test_307,0.2343982491147782,0.11124573242809489,0.550033576852855,0.10432244160427227
Test_308,0.4866043369348815,0.03192332244682531,0.4114764191467331,0.06999592147156036
Test_309,0.04851668512655924,0.06631329662806511,0.5164850128563162,0.36868500538905946
Test_310,0.000591354402102031,0.22653221577964636,0.7147301812022343,0.058146248616017575
Test_311,0.04616337311570511,0.05419826175776163,0.8533107923701526,0.046327572756380664
Test_312,0.04235302775146928,0.06703327197166946,0.02044719666348977,0.8701665036133718
Test_313,0.03309320407404928,0.03520007837935372,0.0734964035975464,0.8582103139490508
Test_314,0.09801776190280945,0.041783013933312865,0.032577106317262836,0.8276221178466148
Test_315,0.30424596250143604,0.03234044961485666,0.1974069131487033,0.46600667473500373
Test_316,0.18116944708195676,0.03381977985549815,0.5672745905169787,0.21773618254556612
Test_317,0.05635326897720963,0.00599683321235225,0.8642253607208178,0.07342453708962045
Test_318,0.0034039753616496335,0.2941597635423827,0.04939229314091957,0.653043967955048
Test_319,0.013986575590638574,0.07614917838210997,0.8233455064610751,0.08651873956617613
Test_320,0.0671755923540389,0.06260083108238297,0.6466997125655768,0.2235238639980013
Test_321,0.22576352069824532,0.04977166010855602,0.037718609880156,0.6867462093130428
Test_322,0.542081893045079,0.04489713608856346,0.20144970564253256,0.21157126522382544
Test_323,0.07736560592470595,0.036162651940276846,0.024992167374917235,0.8614795747600997
Test_324,0.06465437363920189,0.20446410823410394,0.684340760658435,0.04654075746825911
Test_325,0.10665194653186973,0.0864964987868714,0.08429063372425137,0.7225609209570074
Test_326,0.3444033092829074,0.04060240309159963,0.4440932682353758,0.17090101939011743
Test_327,0.3168748539322995,0.05083078845673881,0.26648871124071016,0.36580564637025126
Test_328,0.022252247491868004,0.0389413668247329,0.7804253454201263,0.15838104026327252
Test_329,0.1532324980774766,0.04923192733324947,0.7149650478329221,0.08257052675635208
Test_330,0.014103524976186454,0.08678235591846382,0.305568814522834,0.5935453045825155
Test_331,0.13724227989286647,0.06285879838723844,0.08444018322918294,0.7154587384907122
Test_332,0.6771375545759156,0.033854390963103914,0.22990949400409053,0.059098560456890006
Test_333,0.3730768210560274,0.03612340151205539,0.4174060149504008,0.17339376248151656
Test_334,0.0035418213921521,0.02250208247436141,0.968623919400769,0.005332176732717733
Test_335,0.43479571159568386,0.0651885390413416,0.2872326853301557,0.2127830640328188
Test_336,0.3852986565834772,0.0355002607630904,0.2859253683289386,0.29327571432449356
Test_337,0.2543198593456935,0.0897494120426682,0.09200396793010907,0.563926760681529
Test_338,0.747123964328661,0.018840799704157644,0.10290074023712885,0.1311344957300526
Test_339,0.1954311623589487,0.3279292238451584,0.3905483507740864,0.08609126302180624
Test_340,0.39841270577311305,0.0230561849263637,0.403638684058563,0.1748924252419601
Test_341,0.24370749070802925,0.0709325635548932,0.0865685957226106,0.5987913500144667
Test_342,0.8301993234370794,0.014099576786643747,0.08506466031206467,0.07063643946421232
Test_343,0.8481298267611849,0.033713637716516684,0.009988991949128596,0.1081675435731698
Test_344,0.20356330117830262,0.044838292847289185,0.6919904602743447,0.05960794570006362
Test_345,0.13788553210662632,0.07132132663669952,0.7051096815005448,0.0856834597561293
Test_346,0.10492962335217892,0.04721783496104948,0.7660327817834482,0.08181975990332307
Test_347,0.031115983564031665,0.027408674095695907,0.8925781591253428,0.04889718321492976
Test_348,0.08543428685224994,0.03326671800739043,0.029856262711066135,0.8514427324292936
Test_349,0.24497736218874852,0.09066036122355838,0.4904035033551461,0.1739587732325471
Test_350,0.017491630585499584,0.20704050984529157,0.15615298278793804,0.619314876781271
Test_351,0.0014398139301451212,0.09351212305847678,0.8821729396423017,0.022875123369076468
Test_352,0.18121388296102736,0.04274061223833409,0.02570275292147096,0.750342751879168
Test_353,0.35441420290018627,0.052366197423900494,0.12708850596214127,0.466131093713772
Test_354,0.23082811838772205,0.1297764709521805,0.4446754308508077,0.19471997980928996
Test_355,0.5141887464740252,0.04704289845598993,0.12357013030019205,0.31519822476979314
Test_356,0.8333370661398191,0.029421344522369216,0.07647317344761605,0.06076841589019571
Test_357,0.8450221910732527,0.010547725319768173,0.11337809582219385,0.031051987784785157
Test_358,0.1362364833531443,0.074527870737143,0.4487064643887319,0.3405291815209808
Test_359,0.011938240926346733,0.05052521747669043,0.04658125956233123,0.8909552820346314
Test_360,0.1676482923578378,0.019002505284886402,0.18411366672487345,0.6292355356324023
Test_361,0.6471296724100433,0.04687683784683318,0.06967332350479905,0.2363201662383247
Test_362,0.7592630149324787,0.005899055189373557,0.1762087151512264,0.05862921472692159
Test_363,0.08161154614687384,0.10084821384661224,0.3646229227576633,0.4529173172488503
Test_364,0.253382144311193,0.025073961474495456,0.6778894067262179,0.043654487488094015
Test_365,0.0380364119428171,0.100777941464072,0.854237854811608,0.00694779178150268
Test_366,0.14210724828788646,0.08099664971022932,0.7323055673245366,0.044590534677347665
Test_367,0.07986499965837394,0.03145470798149538,0.3091656323879471,0.5795146599721839
Test_368,0.584602670945803,0.06738121242085507,0.14352160097456323,0.20449451565877863
Test_369,0.042071169053601434,0.019068025743748582,0.034364454071083524,0.9044963511315663
Test_370,0.2620147728645004,0.07152483366729044,0.28607407121522227,0.38038632225298674
Test_371,0.26072747305842964,0.026777093254748467,0.42400406292930415,0.28849137075751774
Test_372,0.07858040493540706,0.06285315856439022,0.04544813855875859,0.813118297941444
Test_373,0.012365606286033917,0.13430684107169566,0.6242991240791257,0.2290284285631451
Test_374,0.11305222251364157,0.05951794171652007,0.35722574093917686,0.47020409483066156
Test_375,0.21096534753501625,0.018886519598371246,0.009793474579531133,0.7603546582870814
Test_376,0.7511104463241653,0.023361862803414214,0.0269885936936487,0.1985390971787716
Test_377,0.2500145488361302,0.07272045560114615,0.3842103980369451,0.29305459752577834
Test_378,0.31123099403610954,0.03351973602719858,0.571758167678165,0.08349110225852664
Test_379,0.1305260164755641,0.10350433295468973,0.22924323676180697,0.5367264138079393
Test_380,0.2453522169853086,0.13322531832229237,0.1340665520110849,0.4873559126813143
Test_381,0.2951619115856316,0.06384715726625634,0.06337396767860973,0.5776169634695023
Test_382,0.2073441303177036,0.03132608356682951,0.16282029726214467,0.5985094888533224
Test_383,0.20148121455912207,0.26956905258769187,0.17690842659420475,0.3520413062589812
Test_384,0.5421591363883026,0.01474769254306172,0.27042333400641355,0.17266983706222191
Test_385,0.4860065903685268,0.01397324474967536,0.1061573112813038,0.39386285360049406
Test_386,0.005951998507779155,0.10440751151209038,0.34997691076628334,0.5396635792138472
Test_387,0.3029677759911032,0.1056583096413202,0.10507528734703749,0.4862986270205391
Test_388,0.46705745059508597,0.0030130283180314675,0.07958713640864543,0.45034238467823745
Test_389,0.7161444172361292,0.013832791041677084,0.2475006972953129,0.02252209442688079
Test_390,0.3837438223168042,0.014631890073362276,0.046477700944993164,0.5551465866648402
Test_391,0.13718104418450636,0.3574791471997205,0.1020916646334838,0.40324814398228953
Test_392,0.15229901211284164,0.02801450568869217,0.72034934660976,0.09933713558870617
Test_393,0.0975006122160476,0.01902507674505321,0.014174422879901729,0.8692998881589976
Test_394,0.8012376157527469,0.005398706477638098,0.0583068683276418,0.13505680944197324
Test_395,0.0016322742656677677,0.05030749890270629,0.937992094605666,0.010068132225959852
Test_396,0.23389612931782192,0.07115655275843796,0.04926714948588649,0.6456801684378536
Test_397,0.008980759597960365,0.0065604394684307486,0.009099909914955103,0.975358891018654
Test_398,0.0024726489433160616,0.15152525093339336,0.6634458254409968,0.18255627468229352
Test_399,0.24777970447974343,0.035509560457505626,0.1618010585180708,0.55490967654468
Test_400,0.14861919939099438,0.031783555154134516,0.7271868849345295,0.09241036052034178
Test_401,0.03374894128023618,0.10757321231518716,0.7831603610303814,0.07551748537419521
Test_402,0.10572501975910645,0.03996811540176021,0.23839759230946492,0.6159092725296683
Test_403,0.012784372984883682,0.04330795886423066,0.9210427088515528,0.022864959299332816
Test_404,0.2915709890664956,0.047693570247419693,0.6160853845651579,0.04465005612092696
Test_405,0.14925630847254356,0.031009911597676257,0.03913537098054228,0.780598408949238
Test_406,0.0017966568576270705,0.024073523457491662,0.0028278184953051625,0.9713020011895765
Test_407,0.05531097008167021,0.04040471736221654,0.016777314223882272,0.8875069983322308
Test_408,0.18183827242454467,0.06254393998776736,0.08756695004505298,0.6680508375426351
Test_409,0.29346292513303107,0.049959642292473336,0.20066563722574296,0.4559117953487527
Test_410,0.05695316373896584,0.03859738989398813,0.04442674713727813,0.8600226992297677
Test_411,0.7385511828730849,0.022613186006490423,0.08874155749916494,0.15009407362126007
Test_412,0.027399998157847955,0.38341932364580467,0.35211861880710543,0.23706205938924216
Test_413,0.3963338739424898,0.037480580148008195,0.500831201864667,0.06535434404483492
Test_414,0.0007560430365368535,0.01549532465516092,0.9802229272221045,0.003525705086198057
Test_415,0.5614171645250193,0.06055524538220956,0.13339941039159586,0.2446281797011752
Test_416,0.05922168144323286,0.12634268783021702,0.6091142559147874,0.20532137481176269
Test_417,0.05679676127381085,0.0365931722411903,0.847983957687939,0.05862610879705998
Test_418,0.1060520456352707,0.0752065121030024,0.7942215070855148,0.024519935176211826
Test_419,0.7821178379651617,0.012578575582339794,0.1499478400824611,0.05535574637003743
Test_420,0.009109746542576536,0.15439942815496738,0.8176891804035303,0.018801644898925916
Test_421,0.056000141857601084,0.013530650082562762,0.031999781623293456,0.8984694264365426
Test_422,0.6097614491624838,0.07674628952793591,0.08441098732058672,0.22908127398899353
Test_423,0.1107172878595134,0.17457426429516507,0.5297718523786794,0.18493659546664204
Test_424,0.06897281924692673,0.13280042350508478,0.5564887030084877,0.24173805423950098
Test_425,0.6862969103973092,0.030071915030594545,0.08502750710389821,0.19860366746819816
Test_426,0.16550228894150612,0.008253489579565362,0.7232888019426219,0.10295541953630684
Test_427,0.03683325934761207,0.006662058560459695,0.02590990001315366,0.9305947820787747
Test_428,0.016887762884708956,0.016495151351055663,0.013348311873458904,0.9532687738907764
Test_429,0.05495893585133088,0.12866325253484107,0.2622855309372038,0.5540922806766245
Test_430,0.5014322897394986,0.19967641837491523,0.26842377229540243,0.030467519590184115
Test_431,0.5607914491956538,0.10844525282003695,0.14953930630901993,0.1812239916752896
Test_432,0.029186071389245144,0.1747069928020849,0.06953969316900542,0.7265672426396644
Test_433,0.0023712326546611153,0.019269471260907743,0.008191633240345499,0.9701676628440854
Test_434,0.012458155243027428,0.03929490892957215,0.19469482785556008,0.7535521079718396
Test_435,0.11216466689150308,0.028625376109149572,0.5647547178067093,0.2944552391926383
Test_436,0.24078772544140092,0.05512488454632874,0.017125542456039117,0.6869618475562315
Test_437,0.6053697806417166,0.0716098150324842,0.26821982730835986,0.05480057701743901
Test_438,0.03882812071344392,0.18911433330271174,0.2512604574479371,0.520797088535907
Test_439,0.05460701412442397,0.0691636218881547,0.7637665721966307,0.11246279179079094
Test_440,0.00746016380125326,0.150923325047074,0.780532132413458,0.06108437873821456
Test_441,0.566078785691326,0.02069969026270069,0.269189739194172,0.14403178485180157
Test_442,0.009285074459564563,0.013489170547601603,0.9730334365558243,0.004192318437009381
Test_443,0.009776760115277634,0.1207203078097856,0.09335213188608817,0.7761508001888486
Test_444,0.5213991922952265,0.04546740570124484,0.11233142690074449,0.3208019751027843
Test_445,0.0864837192625569,0.057649282596567535,0.3251894492152064,0.5306775489256691
Test_446,0.002623721818441291,0.08374936882906023,0.7348010615330501,0.17882584781944855
Test_447,0.1248264674368044,0.03544861418367461,0.632525226664633,0.20719969171488803
Test_448,0.021584617817604564,0.10063306706515586,0.7855807032497842,0.09220161186745557
Test_449,0.05792536203797102,0.05319256281089295,0.1715768597584192,0.7173052153927173
Test_450,0.12280291688006365,0.05410106730255873,0.7751612536445386,0.04793476217283895
Test_451,0.0004979097590215023,0.12558484820676022,0.8564389281796414,0.017478313854576762
Test_452,0.22728871745537274,0.11462137151151025,0.08169002814097699,0.5763998828921401
Test_453,0.12871553355062415,0.018269503810662543,0.06303944931383636,0.7899755133248768
Test_454,0.07813962739137748,0.1775184471878044,0.526202399240185,0.2181395261806331
