image_id,healthy,multiple_diseases,rust,scab
Test_0,0.06471754134137231,0.087133795062564,0.7251350143683443,0.12301364922771935
Test_1,0.17544377210058998,0.11468666622345279,0.282609298979326,0.42726026269663114
Test_2,0.13045932225397236,0.018378122650955304,0.10611844113995396,0.7450441139551182
Test_3,0.6798142497843983,0.007393537327901402,0.2621641144300204,0.05062809845767989
Test_4,0.04773826465611135,0.07420112485071156,0.8373780900327314,0.04068252046044561
Test_5,0.7709354799838891,0.04861451839331415,0.07023336552309026,0.11021663609970642
Test_6,0.505730338236973,0.05420773051376908,0.02594690889507876,0.41411502235417913
Test_7,0.023042435998277006,0.07759944217463226,0.029740780663123433,0.8696173411639673
Test_8,0.27146755795046046,0.12439207557490362,0.17711485541818037,0.42702551105645586
Test_9,0.1837321701530735,0.027613091192812727,0.7672360118380636,0.021418726816050268
Test_10,0.047254560559323394,0.06690237555772696,0.734161614172456,0.15168144971049355
Test_11,0.6172692004915853,0.03026927894387457,0.26805537129768675,0.08440614926685332
Test_12,0.3339569271994346,0.12205823014180886,0.06486515893645925,0.4791196837222974
Test_13,0.6563335374644684,0.056419852934401486,0.15455771398968474,0.13268889561144542
Test_14,0.08248733392627441,0.057325903944166715,0.7698398086050927,0.09034695352446591
Test_15,0.23925803816803146,0.056800893228303354,0.30870020845714363,0.3952408601465213
Test_16,0.45927923853921726,0.01102075384317187,0.418979551964408,0.11072045565320292
Test_17,0.14047545723799035,0.20263838687457364,0.524329988102688,0.13255616778474785
Test_18,0.5212294521014109,0.037977371052710575,0.16030235559933745,0.2804908212465413
Test_19,0.014695565259627558,0.07408210793527795,0.7907725509518428,0.12044977585325133
Test_20,0.26035761250349554,0.013742941904429495,0.03343806125629084,0.6924613843357845
Test_21,0.7731589981963252,0.07741530664271287,0.06318655384730264,0.08623914131365949
Test_22,0.021457170219081105,0.058265675924789165,0.8932347024354614,0.027042451420668086
Test_23,0.16042617259147643,0.04126588611099183,0.33980979857266774,0.45849814272486394
Test_24,0.7296893691000319,0.03620218593900435,0.17978861681157834,0.054319828149385546
Test_25,0.7816637842544973,0.06418623820578295,0.1084161771686088,0.04573380037111113
Test_26,0.22049367127830993,0.06577154475492698,0.24415597752916895,0.46957880643759375
Test_27,0.036419208289201005,0.05609669780299524,0.8114052154817982,0.09607887842600592
Test_28,0.7922041369419861,0.08276475991341287,0.05016425292108006,0.07486685022352071
Test_29,0.0508688266920016,0.11128221074525045,0.3169703956938191,0.520878566868929
Test_30,0.7386589899784469,0.03763235679556806,0.03047418944709995,0.19323446377888512
Test_31,0.02277534817234657,0.08718521406164159,0.6946524002691352,0.19538703749687678
Test_32,0.4590558941359949,0.01979650173548682,0.5091939988691951,0.011953605259323338
Test_33,0.05486105440976578,0.04739869097819404,0.008452347110390208,0.8892879075016502
Test_34,0.19847485403703927,0.020656762392213087,0.12482135610070633,0.6560470274700416
Test_35,0.07221926953153482,0.03153022070783881,0.03238436133938917,0.8638661484212372
Test_36,0.07589889976714809,0.0759098765628234,0.659300688886527,0.18889053478350126
Test_37,0.20453239225008912,0.11711190894635012,0.05056165314805671,0.6277940456555043
Test_38,0.1651290441354579,0.0742050853989007,0.019272442087611044,0.7413934283780302
Test_39,0.04358223183174186,0.037994373531582304,0.6879018636435731,0.23052153099310263
Test_40,0.20888635023628316,0.14738202581304802,0.3435004422869029,0.300231181663766
Test_41,0.30664064906937794,0.055168528418506814,0.6024987887835946,0.03569203372852086
Test_42,0.01979240364283785,0.033786524172791335,0.04658161716953661,0.8998394550148341
Test_43,0.24136089622931073,0.024108361394045392,0.7295647064924806,0.004966035884163554
Test_44,0.3695864729748154,0.13555274021318942,0.17980776559487693,0.3150530212171182
Test_45,0.0895825104890867,0.08682033869564447,0.1886512217302459,0.6349459290850229
Test_46,0.38461423136481027,0.14422674037879427,0.15878199441587165,0.3123770338405242
Test_47,0.02339253236699263,0.0946271738175877,0.8282049416936879,0.053775352121731936
Test_48,0.04809399102844944,0.04910764955163288,0.8513034072080965,0.05149495221182116
Test_49,0.04401526964965026,0.022852071316838744,0.8946314236218712,0.03850123541163977
Test_50,0.025053085038398794,0.1004207167581218,0.8423866985897336,0.032139499613745987
Test_51,0.5418623200082144,0.03310495143785958,0.19536878055588677,0.22966394799803963
Test_52,0.10961293675764246,0.03614239327705753,0.6231136228989593,0.23113104706634055
Test_53,0.14853784752171348,0.038889386851980005,0.4689020475468951,0.34367071807941163
Test_54,0.574108138646533,0.08613774804705687,0.18780014802717201,0.15195396527923838
Test_55,0.19730587196629118,0.061531787240636834,0.21154211389914784,0.5296202268939241
Test_56,0.30839206593277696,0.042894959534928064,0.13921674805870193,0.5094962264735929
Test_57,0.2839293985465697,0.011848355967821382,0.11361770798913487,0.5906045374964736
Test_58,0.04243307480032735,0.07182973908190195,0.027616550838517172,0.8581206352792536
Test_59,0.05129158302013709,0.054831398261229444,0.8490479060704653,0.04482911264816819
Test_60,0.04142084824657208,0.030163250182428245,0.02181066160490699,0.9066052399660932
Test_61,0.5835976100620914,0.051803789693766505,0.14346262613871558,0.22113597410542674
Test_62,0.10910009387043665,0.07943012273267308,0.3792803431073019,0.43218944028958867
Test_63,0.3619727607977679,0.011723111676834479,0.07462646363827645,0.5516776638871215
Test_64,0.30989312618740744,0.013262437194387716,0.17495085990736148,0.5018935767108432
Test_65,0.13551988005208812,0.08103246647671042,0.33533406641256863,0.4481135870586327
Test_66,0.9457548378592457,0.024432097986323814,0.014901756818495069,0.01491130733593549
Test_67,0.10066949615266954,0.1489300350180198,0.10632961433485254,0.6440708544944579
Test_68,0.021147553171904813,0.08893284092820415,0.7477413530375119,0.1421782528623786
Test_69,0.11503819661151506,0.12937479380026867,0.6389927081860987,0.11659430140211771
Test_70,0.01696874476530241,0.013822058967929944,0.0046523270168099175,0.9645568692499576
Test_71,0.04891883940618861,0.07195828096507398,0.8549029148182968,0.024219964810440607
Test_72,0.10738667644709918,0.09338524337087535,0.2510221553931168,0.5482059247889085
Test_73,0.4678688463298104,0.039486757847042794,0.3049420246066673,0.18770237121647967
Test_74,0.771373473186131,0.07280376089659414,0.052759177750014166,0.10306358816726095
Test_75,0.2642880221068966,0.04775472514359221,0.06325477700353795,0.6247024757459729
Test_76,0.6016236115499624,0.019826992673684457,0.16523910402295788,0.21331029175339533
Test_77,0.6157413070046678,0.03250442490896335,0.33834837846860405,0.013405889617764729
Test_78,0.32493798897998233,0.23472019352649928,0.16988803967382426,0.2704537778196939
Test_79,0.19415778042739704,0.027279012717490274,0.714053291332777,0.064509915522336
Test_80,0.10512077720982796,0.2535089988828896,0.25598711627865517,0.38538310762862754
Test_81,0.28718581928723474,0.04105924250244182,0.44287327289657524,0.22888166531374818
Test_82,0.15913072056096508,0.09834737975988697,0.6940911655614262,0.04843073411772157
Test_83,0.11969853026740727,0.08870867921597313,0.04158400898373533,0.7500087815328844
Test_84,0.6971250858624697,0.017226533521668877,0.16067193416304995,0.12497644645281163
Test_85,0.5058993101702557,0.013462083884493837,0.04883203616304352,0.43180656978220733
Test_86,0.38166499656906694,0.19019308329979034,0.23202957511275954,0.1961123450183833
Test_87,0.5763122693531805,0.01858138812328274,0.01785382600377655,0.38725251651976034
Test_88,0.08738600336759038,0.06377007109819789,0.6723813292684256,0.17646259626578598
Test_89,0.4794333010165293,0.03305637588280545,0.08330356005553825,0.40420676304512715
Test_90,0.3157957145633604,0.0562772661496094,0.3859682183009466,0.24195880098608372
Test_91,0.7301944245657098,0.0341007760590709,0.08471970157180186,0.15098509780341782
Test_92,0.8212689737419693,0.030825908521083474,0.050296198526355265,0.09760891921059173
Test_93,0.033906716152678866,0.10834871599281992,0.7852354028193174,0.0725091650351838
Test_94,0.3320278547060186,0.04026689307215017,0.018858017713162426,0.6088472345086688
Test_95,0.4031183676435013,0.036521164645478575,0.28882638394784943,0.2715340837631705
Test_96,0.41184497884228854,0.02961643018552958,0.0758483319657345,0.48269025900644735
Test_97,0.6773035551954938,0.027705255078075836,0.14418440962145967,0.1508067801049709
Test_98,0.7206387542343471,0.07579526487788234,0.06370209540237848,0.13986388548539222
Test_99,0.5540306599333278,0.034057087217188135,0.15767670175381954,0.2542355510956648
Test_100,0.07255736788227997,0.02180536107970023,0.0076600050748665514,0.8979772659631532
Test_101,0.7592667846038866,0.022073546356864992,0.05530727683884492,0.16335239220040343
Test_102,0.5471702022897719,0.014841149701571611,0.08496029094885063,0.35302835705980584
Test_103,0.07102011743162198,0.19767947896505395,0.6461130522676669,0.08518735133565757
Test_104,0.06554893543191012,0.08479779037799563,0.2057328170835325,0.6439204571065617
Test_105,0.16341016758847723,0.03037265385522448,0.09799937222096446,0.7082178063353339
Test_106,0.5602375955821454,0.02836576095846366,0.29114853478714364,0.12024810867224699
Test_107,0.17007941558080863,0.03407655942047452,0.4188940888342084,0.37694993616450845
Test_108,0.1690208552493124,0.04606522327634162,0.1409547802869529,0.6439591411873932
Test_109,0.44608669561209935,0.06051560346110102,0.2602317962944335,0.23316590463236675
Test_110,0.577015895280799,0.029487975454912337,0.23452203725294188,0.15897409201134707
Test_111,0.6110617689950312,0.03200178833245022,0.23377092201803532,0.12316552065448325
Test_112,0.14305627268563212,0.0881945718495208,0.5963990162826736,0.1723501391821737
Test_113,0.10057069595021284,0.12945685691052425,0.14739080970265478,0.622581637436608
Test_114,0.0373882082053395,0.10319304501048286,0.7856118925823179,0.07380685420185965
Test_115,0.23169676902086844,0.12290706837574278,0.230967438721455,0.4144287238819338
Test_116,0.3720967474035953,0.05473063258704863,0.4193155488216553,0.15385707118770076
Test_117,0.029436916625192464,0.08833213641661135,0.8193955519282446,0.06283539502995145
Test_118,0.06904130298581639,0.0638582045132652,0.7587223494450187,0.10837814305589982
Test_119,0.7854022578838571,0.015325869933043577,0.18708222574214314,0.012189646440956204
Test_120,0.03974550724535456,0.047965774241498366,0.8738443742741682,0.038444344238978974
Test_121,0.36309942038343873,0.07686120795211523,0.12981664328887355,0.4302227283755728
Test_122,0.6142109795033088,0.039422756360086526,0.23922002881328805,0.10714623532331657
Test_123,0.022946688704560767,0.11976608680930634,0.8237910896457613,0.03349613484037162
Test_124,0.6321577805535269,0.06799407935193126,0.05633647224135879,0.24351166785318343
Test_125,0.6035414191750889,0.12273190865789231,0.07989094365668029,0.19383572851033848
Test_126,0.7174092538213762,0.041536602386326296,0.028215282087555665,0.2128388617047418
Test_127,0.41073451787013704,0.023903930231422163,0.015555574019190119,0.5498059778792507
Test_128,0.12235004236749823,0.13470862025423738,0.6139212746331,0.12902006274516448
Test_129,0.10821725884956493,0.07136336274404981,0.09550261377538609,0.724916764630999
Test_130,0.015961470024798877,0.0322551546306927,0.01581709083760893,0.9359662845068993
Test_131,0.010651149117298368,0.015486633329047155,0.010337309404089891,0.9635249081495648
Test_132,0.5210625631880561,0.031881281632360016,0.1809019280352745,0.26615422714430953
Test_133,0.04705754304384715,0.05635553165520773,0.0683602833821916,0.8282266419187537
Test_134,0.21378145320018024,0.05186382026540346,0.39363957019654533,0.340715156337871
Test_135,0.07823586547529375,0.06544151114386194,0.25170533069007384,0.6046172926907705
Test_136,0.13113831422359237,0.011555189458302922,0.1321376237015208,0.725168872616584
Test_137,0.009303773935571445,0.10608683788937769,0.852164295231754,0.03244509294329704
Test_138,0.05407590452183799,0.024409682357687257,0.8803509484924658,0.04116346462800883
Test_139,0.835246564138767,0.028731654754602313,0.0965661769214952,0.03945560418513534
Test_140,0.38894113542595643,0.026741063194818407,0.500685149860118,0.08363265151910694
Test_141,0.5042330565273263,0.02836193960684259,0.3253306708044982,0.14207433306133277
Test_142,0.1190870680288818,0.10577650498173197,0.05448016745360177,0.7206562595357844
Test_143,0.29620470267429766,0.09755070308881644,0.5382873339708556,0.06795726026603043
Test_144,0.7889409482308559,0.047446051587474704,0.14038161241405303,0.023231387767616563
Test_145,0.6235998239304115,0.06275993289118603,0.17751394088804337,0.1361263022903592
Test_146,0.005394793365121584,0.021356722117681536,0.9657178269681966,0.00753065754900074
Test_147,0.16069811101728365,0.04121693769795858,0.5833466781904723,0.2147382730942856
Test_148,0.06084689580659796,0.17251864545706486,0.6410490224292429,0.1255854363070943
Test_149,0.14031972413917573,0.0222795451745821,0.810343666283486,0.02705706440275626
Test_150,0.15234755791713453,0.13419549834346411,0.5026943003104568,0.21076264342894432
Test_151,0.035804406114934795,0.03921279110409965,0.8881233015167015,0.03685950126426409
Test_152,0.048607137803595914,0.07918462942754953,0.8105622278467133,0.061646004922141125
Test_153,0.35278116639108453,0.016302694124555202,0.28087920359782215,0.35003693588653817
Test_154,0.03151678897066627,0.05145487987111685,0.8225297145634828,0.09449861659473426
Test_155,0.009578487309278341,0.08829945692230359,0.8396930699589222,0.06242898580949583
Test_156,0.17661039008194282,0.04080813604757209,0.10074376322237784,0.6818377106481078
Test_157,0.6411594767210546,0.01058216599138994,0.08566016403694462,0.26259819325061096
Test_158,0.1026002564161717,0.015434965635608176,0.0054360176595127955,0.8765287602887073
Test_159,0.4224309136168888,0.04149973623202006,0.4238337953576499,0.11223555479344113
Test_160,0.500502465462067,0.021677680713601127,0.014275634074641705,0.46354421974969034
Test_161,0.04844939807856906,0.029006860905989584,0.8821580381155149,0.04038570289992653
Test_162,0.3710407057927252,0.06992509612987953,0.5095061809706939,0.04952801710670101
Test_163,0.13368171716247734,0.06421383147993502,0.3036102597132321,0.4984941916443555
Test_164,0.8082574390354463,0.02141280897931164,0.06368160563748251,0.10664814634775986
Test_165,0.0591010305881974,0.08985578597256798,0.21583432955457943,0.6352088538846552
Test_166,0.4340125478502011,0.015106907783550791,0.4555130905785059,0.09536745378774204
Test_167,0.07592095290273362,0.025388638018795717,0.7877573523815824,0.11093305669688834
Test_168,0.006410225709984541,0.023719534941386962,0.957278019661647,0.012592219686981617
Test_169,0.31886599158752715,0.07367902667009564,0.07413233118440017,0.5333226505579772
Test_170,0.06264981779237666,0.03039596284570712,0.1189064944909957,0.7880477248709203
Test_171,0.05343882423072023,0.03848300185527158,0.2486595024125669,0.659418671501441
Test_172,0.06131670053419741,0.16571984257451264,0.7252287277417719,0.047734729149517895
Test_173,0.025833049940634494,0.06418476861376403,0.8866115751746706,0.023370606270930735
Test_174,0.1991161481254626,0.06909432338155166,0.12853946375207229,0.6032500647409137
Test_175,0.40081388392445044,0.0727625385865369,0.22672453968346157,0.29969903780555096
Test_176,0.01685382066910349,0.03163036007138558,0.9213783555549917,0.030137463704518874
Test_177,0.05730402690428374,0.024405966332457715,0.018662099761747986,0.8996279070015104
Test_178,0.34427493500069917,0.04647936116449014,0.06825857269752551,0.5409871311372851
Test_179,0.008380500678744518,0.05373610678028772,0.9235099642956601,0.014373428245307752
Test_180,0.29376642997196806,0.02262114801163383,0.16009174620590824,0.5235206758104898
Test_181,0.03757473812360238,0.05516574309498149,0.03419876288077236,0.8730607559006439
Test_182,0.05873913211068862,0.11162630549903604,0.7622611820432988,0.06737338034697635
Test_183,0.6430550403363842,0.009413609911151248,0.3198182984421404,0.027713051310324085
Test_184,0.4469369169980551,0.0951979162682943,0.09246642825516974,0.365398738478481
Test_185,0.27270879159299044,0.10296716629777838,0.12326971368707744,0.5010543284221539
Test_186,0.062347015764382806,0.0745359013466707,0.05217134095992236,0.810945741929024
Test_187,0.32902024615076597,0.043992272629822415,0.5437922967438703,0.08319518447554107
Test_188,0.0722828189462011,0.01255102947668522,0.8501795846322302,0.06498656694488342
Test_189,0.38271857532054226,0.03028453731589581,0.39383101933701004,0.19316586802655145
Test_190,0.044831875807409785,0.2542474124923508,0.6002728214652305,0.10064789023500875
Test_191,0.016555860605023124,0.2189400354558305,0.7371062392293651,0.027397864709781315
Test_192,0.7452291726204137,0.018919054645677513,0.2021421186419696,0.03370965409193916
Test_193,0.10457995130184243,0.03847996237911093,0.1375718186895551,0.7193682676294921
Test_194,0.017701729144052714,0.18045141494841663,0.7559601483298117,0.04588670757771859
Test_195,0.547247720038305,0.08412139405203997,0.1824495075711139,0.1861813783385412
Test_196,0.10268436799367196,0.08294274590878752,0.01801425199272087,0.7963586341048198
Test_197,0.09556340710586866,0.0702490483526154,0.647356110617852,0.186831433923664
Test_198,0.04510772272935474,0.05016142673449755,0.050968794326139585,0.8537620562100082
Test_199,0.03515325517787266,0.043890698118272786,0.8828592238445303,0.03809682285932438
Test_200,0.11350338270063365,0.027414750829849795,0.8265592918020024,0.03252257466751374
Test_201,0.01756928441443644,0.005643489817434479,0.03657858436422509,0.9402086414039044
Test_202,0.10820187905719812,0.08610219852847457,0.585463833298703,0.2202320891156241
Test_203,0.1817710600596309,0.24959582858918972,0.38216799392737166,0.18646511742380817
Test_204,0.3158543594965621,0.030384089763478724,0.07251438670667486,0.5812471640332842
Test_205,0.04941434673045909,0.03752296639217014,0.022037422974723882,0.8910252639026471
Test_206,0.024038940384317184,0.05286663436215342,0.013377023872863816,0.9097174013806657
Test_207,0.07158586751874649,0.04320175254053443,0.21238199107639233,0.6728303888643269
Test_208,0.48946438390118513,0.05577723725474537,0.2496792983924688,0.20507908045160111
Test_209,0.0383693223726975,0.1024854078328044,0.8172549815184128,0.041890288276085194
Test_210,0.2812077677406164,0.04646194209866786,0.5273934595476283,0.14493683061308726
Test_211,0.0217974362195874,0.17217585122941392,0.6251208594961433,0.18090585305485532
Test_212,0.2462123748276324,0.02646509675557899,0.7162928693692444,0.011029659047544235
Test_213,0.07898108049443826,0.1187199265991343,0.14443283106347254,0.6578661618429551
Test_214,0.032778045879938295,0.0870355233499547,0.8430464638100111,0.03713996696009614
Test_215,0.804750398632007,0.04170182268519482,0.06496663542691174,0.08858114325588644
Test_216,0.7691622363911351,0.04191686546041314,0.17575994704004735,0.013160951108404609
Test_217,0.1841889115000893,0.048287634170062745,0.11990135186318786,0.6476221024666604
Test_218,0.7174552657861372,0.005782299139851506,0.2002901336089588,0.07647230146505217
Test_219,0.31338800221747176,0.08455508115323529,0.3458839777607163,0.25617293886857656
Test_220,0.016141558811420997,0.03774218994458022,0.03750833177938432,0.9086079194646141
Test_221,0.13442450108636553,0.05554762641368316,0.549602563848729,0.26042530865122215
Test_222,0.04726926310302987,0.07409555717349739,0.8578266771609506,0.02080850256252231
Test_223,0.008326607215339236,0.04077397685600808,0.9356674636323332,0.01523195229631962
Test_224,0.6273714744070972,0.023559565842237368,0.1055637688581263,0.24350519089253908
Test_225,0.30184861744879,0.06669197169811418,0.6153110485835382,0.016148362269557393
Test_226,0.054830335070818984,0.35235391189154786,0.3172573593592486,0.2755583936783845
Test_227,0.07814686724951841,0.054791053731646014,0.09487068271666749,0.7721913963021682
Test_228,0.07474026824851637,0.045288698510817044,0.8406534224688206,0.039317610771846055
Test_229,0.1855274621632565,0.10491991298205924,0.6190211805535195,0.09053144430116485
Test_230,0.1957155080190872,0.012043157891968833,0.7810297889792465,0.0112115451096972
Test_231,0.13713985373327006,0.06556395603097906,0.30402878027326824,0.4932674099624828
Test_232,0.314898200354958,0.03291603820428157,0.6329237641252647,0.01926199731549582
Test_233,0.7432970088225107,0.014849067739396647,0.10572992250951953,0.13612400092857296
Test_234,0.14924387045159312,0.017135180993098822,0.38619839796217015,0.4474225505931381
Test_235,0.061921134300257204,0.025287884751029305,0.07080101421041483,0.8419899667382987
Test_236,0.045869967937607246,0.03327795394500916,0.06326334492374787,0.8575887331936358
Test_237,0.37190400712851873,0.04146168457572777,0.07129758473267761,0.5153367235630761
Test_238,0.00803282049606686,0.06717262964813137,0.912307855724414,0.012486694131388042
Test_239,0.028353955903529165,0.18793864935930468,0.6445778857411515,0.1391295089960144
Test_240,0.058632925436836354,0.20688139915316472,0.6699394883071401,0.06454618710285859
Test_241,0.014154550039498861,0.07114784600995448,0.7918672773882055,0.12283032656234111
Test_242,0.3362668094237948,0.08889115413047817,0.14675371137041582,0.42808832507531114
Test_243,0.8199245157757756,0.012647643776123946,0.09050196966947144,0.07692587077862893
Test_244,0.7495756039145984,0.0656493840397748,0.10246541700135847,0.0823095950442681
Test_245,0.2424672798130385,0.02618730167226831,0.09338448330107854,0.6379609352136145
Test_246,0.02746305100171956,0.046236005312432375,0.5063016218719426,0.4199993218139053
Test_247,0.010653900492965468,0.025354436447059012,0.022192140440687697,0.9417995226192873
Test_248,0.759191703567998,0.054166419948457355,0.028795886368239626,0.1578459901153048
Test_249,0.014068575500454811,0.03304674422043397,0.9411647362019138,0.011719944077197208
Test_250,0.9521240096563098,0.01108393835305114,0.025223877118075125,0.011568174872563997
Test_251,0.4172974908467594,0.05804085442088831,0.09874922885467192,0.4259124258776806
Test_252,0.3001835829407009,0.11922047562528382,0.34323288998758505,0.23736305144643047
Test_253,0.06349867386468323,0.06352996509405917,0.074563725963341,0.7984076350779165
Test_254,0.36770978513720315,0.04281398177894902,0.30694288885839394,0.282533344225454
Test_255,0.11329122716120933,0.04382474764064885,0.033276524040709465,0.8096075011574323
Test_256,0.004172974791682343,0.01702088907717906,0.0042886259002943225,0.9745175102308442
Test_257,0.17188478103125526,0.03334957671729872,0.7541023056031975,0.04066333664824851
Test_258,0.10349760675458329,0.10270066598921927,0.6855498175664847,0.10825190968971274
Test_259,0.47673932404886155,0.04540332465966815,0.36142702006147875,0.11643033122999158
Test_260,0.19505284722913604,0.0146188353334513,0.03689592015521765,0.7534323972821955
Test_261,0.08148359211670361,0.05122907091465798,0.5223222914514084,0.34496504551723006
Test_262,0.1724422393626048,0.10656847452420623,0.42969329220774727,0.29129599390544186
Test_263,0.2578367149166445,0.057624586078353725,0.1838003453413949,0.5007383536636066
Test_264,0.32117472392824004,0.03212487777441141,0.573066919604461,0.07363347869288749
Test_265,0.41790209417729557,0.05509484600470471,0.16210315076902995,0.3648999090489699
Test_266,0.04463762307770437,0.037515005680271336,0.168195958445906,0.749651412796118
Test_267,0.8556760748870202,0.02155142686399753,0.08526807704263281,0.03750442120634975
Test_268,0.020160407550428604,0.32652497717803153,0.5741359091729021,0.07917870609863781
Test_269,0.673446767503947,0.013977382757747417,0.15167686410668166,0.16089898563162397
Test_270,0.3455021555960848,0.029390439284912168,0.01632966162686284,0.6087777434921401
Test_271,0.22040214804156386,0.018072326317764092,0.05755603582737963,0.7039694898132923
Test_272,0.024908070028805702,0.0984673161159275,0.41657663404268463,0.460047979812582
Test_273,0.5569330763806221,0.049568493462660373,0.08910269517867614,0.30439573497804145
Test_274,0.014324396237150419,0.028570897069637335,0.9359941739789455,0.02111053271426691
Test_275,0.0649529163727409,0.11020357718491107,0.6877798799080889,0.13706362653425913
Test_276,0.024008057120292307,0.05650877948588512,0.0183212828157129,0.9011618805781096
Test_277,0.12102969235367357,0.05828347319904013,0.2131881085011501,0.6074987259461362
Test_278,0.19706949181325875,0.07397547787092176,0.14852046387613255,0.5804345664396869
Test_279,0.06289720731072565,0.06461797212337184,0.8498695928468241,0.022615227719078066
Test_280,0.3746722148691139,0.057012113189745674,0.050254086235142874,0.5180615857059975
Test_281,0.060896968331651966,0.10678996320420522,0.2342878834681537,0.5980251849959889
Test_282,0.040345886026333766,0.19194197836116628,0.2524256444456334,0.5152864911668665
Test_283,0.19934525741428485,0.1712671656465133,0.13811431370582802,0.4912732632333741
Test_284,0.06065901180813835,0.10679080539568457,0.5327468651226612,0.2998033176735161
Test_285,0.8869440755999473,0.014195002218045809,0.02444338462189286,0.07441753756011402
Test_286,0.42269660397891334,0.04115803577124678,0.31576949544881566,0.2203758648010241
Test_287,0.8566834459788913,0.013887768019205816,0.06149964242768007,0.06792914357422233
Test_288,0.013927329245987528,0.020946387441149135,0.010358154103371386,0.9547681292094917
Test_289,0.037713108870008415,0.04189214257860078,0.4250495596955078,0.4953451888558831
Test_290,0.06801886634874071,0.04446366820700682,0.6901280697494877,0.19738939569476463
Test_291,0.12514563532000553,0.02537792672528551,0.8328773860448704,0.016599051909838777
Test_292,0.9446258185430615,0.007603546153223172,0.01947534960434347,0.028295285699371796
Test_293,0.09564367956651686,0.06446416199780043,0.7308596933049383,0.1090324651307445
Test_294,0.15149915676550457,0.16221287853395677,0.4630542258969412,0.22323373880359748
Test_295,0.24866274694176002,0.0518427604111709,0.6474161222132016,0.052078370433867684
Test_296,0.33387491406734476,0.04847642216333998,0.4469318170515686,0.17071684671774676
Test_297,0.0072828942388518635,0.10283997560468104,0.036606097774156264,0.8532710323823112
Test_298,0.015072699877058697,0.10350881718953496,0.7285684373523909,0.1528500455810153
Test_299,0.1404217907570948,0.2355100654226607,0.13807276659199244,0.48599537722825226
Test_300,0.7939607157845843,0.03133127378495125,0.027886104242354215,0.1468219061881101
Test_301,0.1638094314573483,0.028217414360136698,0.33110943064308074,0.476863723539434
Test_302,0.02193046194729034,0.08037532276865467,0.11639667541629205,0.781297539867763
Test_303,0.6847558012057778,0.027268405315685893,0.0694823661044968,0.2184934273740397
Test_304,0.7008981706226315,0.15170644835210836,0.05926754933468428,0.08812783169057582
Test_305,0.5304332889298956,0.05055946272382099,0.0499952779138357,0.36901197043244804
Test_306,0.046497197528939015,0.11950630431457498,0.5149490617847757,0.31904743637170996
Test_307,0.4047542677093564,0.10242881115625067,0.4685171392138261,0.024299781920566945
Test_308,0.38389240262301044,0.03966038378544371,0.5026111330562517,0.07383608053529377
Test_309,0.03926081355844206,0.04184997371812788,0.8410264841972421,0.07786272852618784
Test_310,0.029064775733068707,0.21127138103490126,0.6698523757187761,0.08981146751325389
Test_311,0.0535570193573204,0.07834090640622535,0.7880271016734856,0.08007497256296846
Test_312,0.021902772093867713,0.010405221913101252,0.008907173550098006,0.9587848324429327
Test_313,0.06718945654316885,0.012813164423279158,0.06558675475849152,0.8544106242750606
Test_314,0.21079558388300343,0.11460170865027268,0.09389668728633184,0.5807060201803924
Test_315,0.23548844812657374,0.012652174090409257,0.09904006694244921,0.6528193108405678
Test_316,0.1853127285949845,0.05611998409160955,0.5369824221345728,0.22158486517883336
Test_317,0.04616268318485308,0.0200503179587406,0.8382624577645329,0.09552454109187343
Test_318,0.03736315541432141,0.17748398543743185,0.09707504665271903,0.6880778124955277
Test_319,0.05512064584159666,0.12847833221897714,0.7609924485214823,0.055408573417943946
Test_320,0.13720580503544239,0.04407166509604773,0.5946949799367325,0.22402754993177754
Test_321,0.2671307820338698,0.07753682054144849,0.11160142195650155,0.5437309754681801
Test_322,0.32531666129303255,0.050628229016434614,0.2399177958654146,0.3841373138251181
Test_323,0.18680300588521875,0.042119012556133956,0.10151252897561433,0.6695654525830328
Test_324,0.12538049599670656,0.07658300393245446,0.7583086123761549,0.03972788769468381
Test_325,0.1412558693249331,0.03742333273080973,0.05685072672649183,0.7644700712177653
Test_326,0.3918360203209565,0.028579977737628885,0.5138487668785264,0.06573523506288842
Test_327,0.5180586982276624,0.0810900072335231,0.07934185723582199,0.3215094373029927
Test_328,0.08734881828691342,0.07586971004789968,0.7464175465499353,0.09036392511525183
Test_329,0.22291594459677627,0.03287267289417238,0.4817066626450604,0.262504719863991
Test_330,0.020592959831674865,0.08982018358174568,0.7087016614078888,0.18088519517869087
Test_331,0.28125656997546666,0.08146437485359277,0.08542498377235076,0.5518540713985898
Test_332,0.6474915741897406,0.06285675620078017,0.2307126333826504,0.058939036226828855
Test_333,0.16128102817007436,0.026485948458069383,0.649468027527798,0.16276499584405849
Test_334,0.011258808743299443,0.04533669278532313,0.9305058336321997,0.01289866483917773
Test_335,0.2242105379138345,0.09857762855453496,0.5638602818613626,0.11335155167026811
Test_336,0.4962026573832859,0.09550682724404065,0.2817878959316422,0.12650261944103122
Test_337,0.28743235037417403,0.1042722221908006,0.10072562240254673,0.5075698050324788
Test_338,0.7484622933814168,0.0511274337724211,0.10401271631320673,0.0963975565329555
Test_339,0.3075322431279507,0.14332646990335532,0.2851825463355696,0.2639587406331243
Test_340,0.1764622073409406,0.06175895487292141,0.6425743346181975,0.11920450316794036
Test_341,0.2529424737440087,0.07924572131352052,0.1909999147119551,0.47681189023051573
Test_342,0.8355368973320424,0.013093571568171149,0.10822167403199097,0.04314785706779592
Test_343,0.6762534146403915,0.05530630195290287,0.07451742300286625,0.19392286040383894
Test_344,0.1035661608657204,0.031135179800516603,0.8209533572913424,0.04434530204242048
Test_345,0.199501991836953,0.04090561511445077,0.7311564024471896,0.028435990601406464
Test_346,0.13467105528358628,0.03641463172339132,0.7694062919637094,0.059508021029312894
Test_347,0.09784057237490465,0.03564930442706623,0.8230129175088984,0.043497205689130465
Test_348,0.025296874278073943,0.022252309300026814,0.01756049221215723,0.934890324209742
Test_349,0.4108647009519643,0.09636463579633497,0.4290558481575462,0.06371481509415461
Test_350,0.05259397788564498,0.16755897707704692,0.26444698431361935,0.5154000607236886
Test_351,0.008254012184167618,0.08319501441971984,0.8789713473673493,0.029579626028763528
Test_352,0.11029324747949856,0.05152275587307716,0.020240920438178003,0.8179430762092463
Test_353,0.42169604862590376,0.06790531390890954,0.05271861030444047,0.45768002716074624
Test_354,0.35702279447989865,0.14179285874356082,0.3778740570697674,0.1233102897067731
Test_355,0.3475930813223352,0.03296717642446631,0.145459499885144,0.47398024236805464
Test_356,0.7358206966000007,0.04322760036817312,0.18881386033292666,0.03213784269889957
Test_357,0.7343715388333362,0.07606480828059986,0.13212569807945737,0.05743795480660672
Test_358,0.2545316405129039,0.052098159540670166,0.47404192237739795,0.21932827756902806
Test_359,0.030872292865994085,0.03288254693660275,0.019089463734540964,0.917155696462862
Test_360,0.23821192887639223,0.12340239739626353,0.2125160637229906,0.4258696100043536
Test_361,0.3734874637593482,0.04228273400363534,0.05175635163732415,0.5324734505996926
Test_362,0.8504071691384032,0.013024007558797424,0.045597251258725775,0.09097157204407352
Test_363,0.07190487659727053,0.09308288020573849,0.6549855546570862,0.18002668853990464
Test_364,0.12253349606398858,0.03513049809154028,0.8268626639306709,0.015473341913800091
Test_365,0.10301845767921386,0.12070599486367267,0.764264491206458,0.012011056250655553
Test_366,0.06209051872173333,0.04544442757540711,0.8718360762580813,0.02062897744477813
Test_367,0.08646742071948665,0.01072414667876872,0.26783056221201185,0.6349778703897327
Test_368,0.5244900772144153,0.04206257082233304,0.24699829144053412,0.1864490605227177
Test_369,0.01671246506366136,0.01528565866079522,0.04763971097625475,0.920362165299289
Test_370,0.26526566028317905,0.09240093733239942,0.5540026886680463,0.08833071371637541
Test_371,0.2597159254397915,0.01954052347470595,0.3349455852510913,0.38579796583441145
Test_372,0.10695644570346402,0.030276807121640895,0.08742812761920746,0.7753386195556877
Test_373,0.0297617135855952,0.09863599276449861,0.6372460366208411,0.23435625702906482
Test_374,0.11532673960483159,0.05208269452250126,0.14119817132990947,0.6913923945427575
Test_375,0.2051140183682336,0.07276615311622381,0.01991029141812318,0.7022095370974194
Test_376,0.722931291324022,0.05831243175782396,0.11019042200933431,0.10856585490882006
Test_377,0.3881913817425201,0.11436709291560647,0.3142874102089251,0.18315411513294816
Test_378,0.3499872602328614,0.0423624260188922,0.5714217744338355,0.036228539314410994
Test_379,0.1929222770792508,0.03185155167769364,0.24172093247787402,0.5335052387651815
Test_380,0.15302786331907567,0.07234819715283529,0.10187050259120767,0.6727534369368816
Test_381,0.35857671706347877,0.047491587208264144,0.07790395970169105,0.516027736026566
Test_382,0.0692349009247401,0.022643344788474195,0.12928428459490968,0.778837469691876
Test_383,0.20460081342856115,0.049059414630772874,0.08327651854203559,0.6630632533986304
Test_384,0.21417487470416186,0.038761914038230746,0.6568484452035128,0.09021476605409477
Test_385,0.4463010516817056,0.059487492264329894,0.0966669953348831,0.39754446071908145
Test_386,0.017212106299531314,0.13104606828919815,0.48227226624982816,0.3694695591614424
Test_387,0.2233891545861079,0.06764655229601604,0.03890428310113691,0.6700600100167392
Test_388,0.44133648380574253,0.011433700677351754,0.026995143853992636,0.5202346716629128
Test_389,0.4001101372575978,0.022434732968886404,0.5642954791336229,0.013159650639892951
Test_390,0.2755238594536962,0.007469189947173637,0.015940317832150646,0.7010666327669793
Test_391,0.17893174448156784,0.2105102683689899,0.3044933919955682,0.3060645951538744
Test_392,0.05880749234751948,0.02617926544357262,0.8427886598098537,0.07222458239905404
Test_393,0.06051077443828967,0.012915187357538238,0.0038913693059344535,0.9226826688982377
Test_394,0.7016268893106258,0.023899871126505157,0.1630505552815448,0.11142268428132421
Test_395,0.010181778019759781,0.12518927503764335,0.8401820911328581,0.024446855809738835
Test_396,0.2059279968776849,0.05639720131107622,0.04512587627606245,0.6925489255351766
Test_397,0.027651624475983176,0.022322398179560925,0.009668553206445376,0.9403574241380107
Test_398,0.01505870543463029,0.11521336925394038,0.7981676637291216,0.07156026158230791
Test_399,0.5638978031391941,0.042685382084174515,0.21850763105730517,0.17490918371932582
Test_400,0.04257094590117045,0.039652286879823355,0.8689055680050737,0.048871199213932674
Test_401,0.027932011889964786,0.03685342727971114,0.911147495717076,0.024067065113248198
Test_402,0.13894913509968632,0.040369749480133395,0.19845819429391431,0.622222921126266
Test_403,0.033854488243460025,0.07241660315777221,0.8671377138420948,0.026591194756672727
Test_404,0.19959807599371734,0.035892856075995024,0.5471302924011501,0.2173787755291378
Test_405,0.05756555627485473,0.02050432385449966,0.008828143024190166,0.9131019768464554
Test_406,0.009676202150581747,0.043957517427883785,0.009167554079884087,0.9371987263416501
Test_407,0.032000610907864574,0.02291368908060802,0.012290708979640139,0.9327949910318871
Test_408,0.2658727571985098,0.1301589857946212,0.12017891741000092,0.4837893395968675
Test_409,0.10293013473596953,0.05959289195996288,0.0684623253670951,0.7690146479369724
Test_410,0.024086797195892837,0.017116314383869766,0.04561590617500359,0.9131809822452339
Test_411,0.6827910405175253,0.035338995086695815,0.09522542304585067,0.18664454134992817
Test_412,0.05130063842305176,0.20588976161605652,0.5965659633808589,0.14624363658003325
Test_413,0.3297858336291495,0.037955106008993884,0.5690727565087129,0.06318630385314344
Test_414,0.001740555479073942,0.01199858234946392,0.9826414451166147,0.0036194170548477494
Test_415,0.45836973459236063,0.05849136861631419,0.39766328704697196,0.08547560974435317
Test_416,0.07291027904879248,0.06208382334161291,0.33041550383879326,0.5345903937708012
Test_417,0.07518614613675186,0.06964448451758697,0.7335241925919409,0.12164517675372034
Test_418,0.23458944329247583,0.07854393994789031,0.6416186796903678,0.04524793706926627
Test_419,0.748497276948361,0.028835987780358008,0.16837630615075969,0.05429042912052117
Test_420,0.02795169727102074,0.06375948199063355,0.8586241260144654,0.04966469472387996
Test_421,0.02933669705615272,0.011666347256355675,0.015837000814593893,0.9431599548728976
Test_422,0.5076012052071355,0.1019606982244371,0.12311955318807598,0.26731854338035144
Test_423,0.06389634771942411,0.05916679523750985,0.8117196286141275,0.06521722842893851
Test_424,0.05934725501236445,0.10069903444740981,0.454192478913514,0.38576123162671205
Test_425,0.6738361145424114,0.03376094522483282,0.19260678799012138,0.09979615224263474
Test_426,0.12410450155207522,0.026354857459655136,0.8215290447180457,0.028011596270223874
Test_427,0.0146158867307751,0.008071402026881022,0.02130757128907737,0.9560051399532663
Test_428,0.018014772013239352,0.06063873607133498,0.020223271553178896,0.9011232203622472
Test_429,0.08593272387025726,0.07680342234829902,0.341018510216764,0.4962453435646794
Test_430,0.4106985460911222,0.14482483711260546,0.37466586187960066,0.06981075491667206
Test_431,0.7379210434770812,0.07871267999262363,0.11858427938934142,0.06478199714095388
Test_432,0.0793128288794304,0.16996172064911733,0.11107727150633398,0.639648178965118
Test_433,0.023244406174284898,0.08410801139155667,0.019733600353907636,0.8729139820802508
Test_434,0.016549804311365254,0.0074116446349378265,0.02213050696107512,0.9539080440926218
Test_435,0.3507319323460785,0.050192818353397436,0.4690975394227047,0.12997770987781945
Test_436,0.33573265100583866,0.05279079447265805,0.01929972431344508,0.5921768302080583
Test_437,0.4241628161198159,0.0686441187854131,0.3394063195106309,0.1677867455841403
Test_438,0.20144485477544355,0.189555514119251,0.18864594865916545,0.42035368244613996
Test_439,0.08579559265267231,0.14492371132344173,0.7118009088825498,0.05747978714133617
Test_440,0.027463049399879567,0.16178910451740755,0.7703717328776608,0.040376113205051974
Test_441,0.512656415767684,0.10386284995773644,0.2832934642138149,0.10018727006076465
Test_442,0.00962986249901896,0.01603213518514681,0.970675060752437,0.0036629415633972844
Test_443,0.026406139714196135,0.06833667457866825,0.14341745348154727,0.7618397322255885
Test_444,0.5505276539177973,0.05333159832282982,0.10673897296451994,0.2894017747948529
Test_445,0.06961082921008091,0.018476435642371353,0.5393676243646138,0.37254511078293384
Test_446,0.021709094430698905,0.11315635706866076,0.6431199330360011,0.22201461546463888
Test_447,0.11662412417818427,0.07758972511158788,0.7196407719122704,0.08614537879795763
Test_448,0.04891214347977097,0.052914406604008805,0.7537991084816097,0.14437434143461042
Test_449,0.07868497797839287,0.04289561655776031,0.05497296743907981,0.8234464380247672
Test_450,0.29274452193469824,0.08258550647815029,0.5557300001964228,0.0689399713907286
Test_451,0.007343475790338637,0.14711096958572778,0.8243189551092011,0.021226599514732287
Test_452,0.46557906716428177,0.050562362281873115,0.14369554184267175,0.34016302871117304
Test_453,0.08012337079112725,0.04196444627759739,0.0836635055362379,0.7942486773950378
