image_id,healthy,multiple_diseases,rust,scab
Test_0,0.027655402870245746,0.3031323522363,0.5169756158955301,0.15223662899792417
Test_1,0.03197424910849565,0.24200386801795704,0.5374157032992899,0.18860617957425738
Test_2,0.014016574020666693,0.060614198518967495,0.16717562725882784,0.758193600201538
Test_3,0.8515020784246304,0.002688324325670917,0.08968752441340648,0.056122072836292225
Test_4,0.033702824081410725,0.07989282466824636,0.8446252567427927,0.04177909450755027
Test_5,0.9273113015918875,0.01899002571783513,0.03455663855022451,0.01914203414005283
Test_6,0.9378607039171896,0.006311067400167887,0.008563321494338414,0.04726490718830392
Test_7,0.008013901821886422,0.04230477388518514,0.0069780902579841195,0.9427032340349444
Test_8,0.05050712275280636,0.3173539417979723,0.07601275320411302,0.5561261822451083
Test_9,0.04249011962753768,0.009715776029835426,0.9296197586900267,0.018174345652600184
Test_10,0.04551737457239597,0.05069273422480703,0.8115999157592976,0.0921899754434995
Test_11,0.4079809943814033,0.038195174856183914,0.47366361164792553,0.08016021911448742
Test_12,0.34891136614836515,0.16758844317696028,0.08114529212717746,0.4023548985474972
Test_13,0.7559861948711888,0.02578236518050046,0.08493692739742535,0.13329451255088523
Test_14,0.13179986031591398,0.04905186916794019,0.7333085953474769,0.08583967516866896
Test_15,0.23619870657971437,0.11102015582147667,0.44379835428299413,0.20898278331581496
Test_16,0.6448124471361818,0.014860592597573,0.22439913899163055,0.1159278212746146
Test_17,0.022247861350827042,0.5345280506915548,0.27927972739123275,0.16394436056638545
Test_18,0.43941148633047805,0.03878045000070391,0.25348466764847244,0.2683233960203456
Test_19,0.1015426672677851,0.16100080387485932,0.37820375935571654,0.3592527695016391
Test_20,0.09798592214205389,0.013534519279558649,0.05476682867454194,0.8337127299038456
Test_21,0.8390218465381163,0.00693963225957744,0.0362440270507631,0.11779449415154317
Test_22,0.09516834551970382,0.24450509018590194,0.44046789095503763,0.21985867333935658
Test_23,0.11603674728226443,0.01880969756139778,0.3531709661372267,0.5119825890191111
Test_24,0.7944909101875186,0.016695074754980863,0.12260558030181089,0.06620843475568965
Test_25,0.7870481214969411,0.01738105552888121,0.08378597303376288,0.11178484994041482
Test_26,0.0861730263449647,0.034692942018012866,0.2395278110084569,0.6396062206285655
Test_27,0.03813237105188829,0.07756183497096697,0.8543225500578558,0.029983243919288978
Test_28,0.8401747489436975,0.009394667047897091,0.06330285689167196,0.0871277271167337
Test_29,0.06289541058918174,0.36876328428765415,0.05062643730063818,0.5177148678225261
Test_30,0.8754753619952622,0.010260043237889576,0.03245092404171894,0.08181367072512932
Test_31,0.0078255963850692,0.5076043352505388,0.4524725078716987,0.03209756049269325
Test_32,0.7262820103686356,0.010455250049639635,0.1258452022742876,0.13741753730743708
Test_33,0.013452403216958831,0.009073539585452785,0.003332257434991738,0.9741417997625965
Test_34,0.049266010950012575,0.019287348558703343,0.1462837890225402,0.7851628514687438
Test_35,0.010257260083931602,0.03092241589080776,0.019561312580022288,0.9392590114452383
Test_36,0.03784530539555097,0.051408034624687036,0.8696906074762873,0.04105605250347468
Test_37,0.10794511586942288,0.052366763417569254,0.03784808157633842,0.8018400391366695
Test_38,0.08649047515547602,0.04219543118915597,0.0128865425310137,0.8584275511243544
Test_39,0.022546085656098537,0.04437629724837814,0.8573068612121819,0.0757707558833414
Test_40,0.0983278844226956,0.07957915449465673,0.45990747992525893,0.3621854811573886
Test_41,0.1480344677379011,0.061905327939091495,0.7645874850271022,0.0254727192959054
Test_42,0.009729696872554205,0.008287315741134442,0.015886016761915638,0.9660969706243957
Test_43,0.28047884671405154,0.006552960876682376,0.7078830748882268,0.005085117521039221
Test_44,0.3471659858244627,0.053099571464787915,0.09266709649693315,0.5070673462138163
Test_45,0.06447626753564205,0.11435950956153347,0.26544543870726167,0.5557187841955629
Test_46,0.3271738377920142,0.16133584005926807,0.20682540458368928,0.30466491756502845
Test_47,0.024292306527277843,0.0564521893238764,0.845955718950356,0.07329978519848963
Test_48,0.04523760298157242,0.1290927978393618,0.6430213883423973,0.18264821083666843
Test_49,0.024327526292474998,0.02419877930981668,0.9181233776945816,0.03335031670312672
Test_50,0.004269401024851388,0.03991256363338732,0.9468413984740938,0.008976636867667552
Test_51,0.6022156827022113,0.049421243268458794,0.12468415941279644,0.22367891461653336
Test_52,0.060592947628904145,0.02534806307913244,0.5118576097020219,0.40220137958994145
Test_53,0.09183002074340187,0.09558559199899591,0.7632976479729089,0.04928673928469337
Test_54,0.6215080712322448,0.0960641485628684,0.0853396607655998,0.19708811943928708
Test_55,0.28696093989926336,0.03843428180753876,0.3172298223814457,0.35737495591175217
Test_56,0.31054530644949535,0.06275878728087775,0.12149688542364588,0.505199020845981
Test_57,0.36821740262765595,0.019064506728751398,0.1911219211873415,0.42159616945625106
Test_58,0.03765591921299635,0.05194376272348358,0.019246208741388354,0.8911541093221318
Test_59,0.04123165898057141,0.11245808531971135,0.7448588759006891,0.10145137979902827
Test_60,0.055962550292573784,0.16594128554254986,0.05355913701336427,0.724537027151512
Test_61,0.6120395120077423,0.021766178065776482,0.08612341636491623,0.280070893561565
Test_62,0.11588804833528571,0.025220158885629503,0.6349946540112622,0.22389713876782266
Test_63,0.3193331214391151,0.039412587647197725,0.057393096229767966,0.5838611946839194
Test_64,0.3579218944421465,0.03780640641741928,0.2651975729535134,0.33907412618692073
Test_65,0.05515642278928965,0.13672441174257852,0.36926212531898905,0.4388570401491428
Test_66,0.9522774712267935,0.01295928008380392,0.01653758512309016,0.01822566356631224
Test_67,0.0821509447402287,0.0970611724422678,0.39902876890191646,0.42175911391558696
Test_68,0.042651721821830864,0.24738735655612729,0.5978592820364251,0.11210163958561677
Test_69,0.023068398432699116,0.15872786467546993,0.6206980708047041,0.1975056660871269
Test_70,0.051502816380200135,0.010371029769038897,0.016731705783147612,0.9213944480676134
Test_71,0.05018653148695675,0.08232232849948917,0.8504708118484681,0.017020328165086064
Test_72,0.09587191916646748,0.07321417096111511,0.2387825483639642,0.5921313615084531
Test_73,0.6880882478461128,0.03482936578029678,0.1167124283984051,0.16036995797518538
Test_74,0.8112947854693059,0.01508418728809093,0.023061204105225573,0.15055982313737765
Test_75,0.05082036959607776,0.07840973918311026,0.10202474498812306,0.7687451462326889
Test_76,0.6390019635288418,0.013596803388061735,0.11013053148141809,0.23727070160167837
Test_77,0.6163932835712388,0.017881055939392557,0.35004575785040826,0.015679902638960266
Test_78,0.11388844814574081,0.10796342845056459,0.06922855347413986,0.7089195699295547
Test_79,0.2632570103453317,0.12672660311450512,0.4373185755060503,0.17269781103411283
Test_80,0.054805055929519716,0.49117095329569976,0.22554674970463573,0.22847724107014494
Test_81,0.24949713730762454,0.08837840320852645,0.47559486925037747,0.18652959023347165
Test_82,0.05058965136148345,0.028838452298803066,0.9126803596808472,0.007891536658866365
Test_83,0.012973705462774418,0.1305475565805476,0.022876112126323643,0.8336026258303543
Test_84,0.43884545436812294,0.03559408851582209,0.3931166991978386,0.1324437579182164
Test_85,0.5407814062188644,0.035578161217320624,0.043415098764249815,0.3802253337995652
Test_86,0.2641453512480521,0.3056578451062578,0.20830722436453028,0.22188957928115988
Test_87,0.349874947487192,0.01833211497273541,0.06178927738429939,0.5700036601557732
Test_88,0.03288443635492232,0.08087197442293717,0.8042857366945809,0.0819578525275596
Test_89,0.5306523615367635,0.09114588674561301,0.0789538510695325,0.2992479006480908
Test_90,0.21157064397984865,0.17566417221652497,0.2551786638065752,0.35758651999705104
Test_91,0.8648162662653357,0.006155932795712755,0.05201487759313719,0.07701292334581433
Test_92,0.9118410139573582,0.0015653167928519234,0.00903449449473238,0.07755917475505755
Test_93,0.007243661931937776,0.05194179056360073,0.9113229912660828,0.029491556238378624
Test_94,0.08084367264828689,0.018811236404844184,0.00717388308675919,0.8931712078601097
Test_95,0.6866950010592853,0.009149227290400021,0.18459568650399075,0.11956008514632388
Test_96,0.351766889989485,0.008050810768795458,0.13118681909880078,0.5089954801429187
Test_97,0.7162104187041998,0.0106134092106044,0.06477774824613027,0.2083984238390656
Test_98,0.7629309945869226,0.050413041764893786,0.03613626785003932,0.1505196957981442
Test_99,0.26388677770137886,0.0729537086172805,0.354668688827103,0.3084908248542377
Test_100,0.05004033249798399,0.014308010171609493,0.004438051245337281,0.9312136060850692
Test_101,0.6269880983230806,0.019100319359615835,0.10343211409442572,0.250479468222878
Test_102,0.09750078636108742,0.027904631739689257,0.16096090423114995,0.7136336776680734
Test_103,0.032689343349376294,0.30318286269794614,0.5963967896695769,0.06773100428310065
Test_104,0.028780715977790118,0.12959581085413355,0.09247161762856462,0.7491518555395118
Test_105,0.40056442715924023,0.011128457170666503,0.06941870205369631,0.518888413616397
Test_106,0.5478818711237917,0.01937711764767138,0.16880306262046343,0.26393794860807335
Test_107,0.12230688687360276,0.03202881676336955,0.6658663349924088,0.17979796137061896
Test_108,0.08161762467653294,0.013740198134588297,0.05995268628495948,0.8446894909039194
Test_109,0.4020592329269449,0.05058044710518699,0.1672296761076819,0.38013064386018613
Test_110,0.48330612612658613,0.019947282124327916,0.1979484217561696,0.2987981699929163
Test_111,0.7265980296066864,0.03217079236255933,0.19858304890085493,0.04264812912989939
Test_112,0.04330418450105386,0.1987351809824704,0.4591856759035612,0.2987749586129146
Test_113,0.10102956131923611,0.22801438233992166,0.17156616407123146,0.4993898922696108
Test_114,0.020218791848641712,0.27743695971232085,0.6212020372494295,0.08114221118960788
Test_115,0.11496455466932294,0.0870487559717047,0.3229464643423494,0.47504022501662296
Test_116,0.4894090021969617,0.0455273006026594,0.35460264894344273,0.1104610482569361
Test_117,0.00540803319134477,0.05808137624913217,0.8859709288242986,0.0505396617352244
Test_118,0.0849841596273811,0.041632668919697635,0.8229946710611022,0.05038850039181891
Test_119,0.7845325497875184,0.007051910194330519,0.19894436925131645,0.009471170766834605
Test_120,0.021343540922362656,0.010801519283591687,0.9396485369906643,0.028206402803381325
Test_121,0.429605904916102,0.05504130544792049,0.0832771680720081,0.4320756215639693
Test_122,0.6863720119246393,0.04977401184079344,0.2058770983930697,0.057976877841497625
Test_123,0.00310318910744299,0.04505862301786247,0.9423059076011054,0.00953228027358906
Test_124,0.7204648176981343,0.05106043240106351,0.02471613323537655,0.2037586166654257
Test_125,0.32875709581835105,0.07791292491852243,0.07430793025297318,0.5190220490101534
Test_126,0.7201723928526989,0.07289533083628556,0.03952999347121444,0.16740228283980124
Test_127,0.38934265268252305,0.010742951778434082,0.03187123970144318,0.5680431558375998
Test_128,0.06499438427724133,0.1921481292864228,0.6684544537234922,0.07440303271284372
Test_129,0.24939512496659919,0.10135945458470239,0.14735301866673087,0.5018924017819676
Test_130,0.006054227040558965,0.027525391386554368,0.014570723759346626,0.95184965781354
Test_131,0.011574527387494255,0.0047198985413595415,0.008841276586704425,0.9748642974844417
Test_132,0.7754820092467182,0.028290022000768848,0.09193913274643237,0.10428883600608063
Test_133,0.008429755946820796,0.013764441797990261,0.011952448757596523,0.9658533534975924
Test_134,0.09815016984822356,0.06606042967722581,0.27307936788956,0.5627100325849907
Test_135,0.03640286024468745,0.055754137422742246,0.07404710882344079,0.8337958935091295
Test_136,0.13891216947708726,0.013937530124165466,0.2843296237379581,0.5628206766607892
Test_137,0.0005415037180867388,0.06074818411915531,0.9152534084656836,0.023456903697074347
Test_138,0.11805370051744232,0.030882543345592303,0.819701985701193,0.03136177043577227
Test_139,0.8797795495402978,0.01075477588133751,0.07121012021659873,0.03825555436176603
Test_140,0.22514843714728688,0.03715812876085765,0.6074452206983881,0.13024821339346748
Test_141,0.4591636294687007,0.024892948400593334,0.34673515186339976,0.16920827026730606
Test_142,0.028763088340210095,0.16195070775892004,0.011873492195238918,0.7974127117056309
Test_143,0.33776180981189846,0.316110447032614,0.2375186223147787,0.10860912084070892
Test_144,0.8468599861661433,0.03254744295212571,0.09671588774850294,0.02387668313322816
Test_145,0.473553571463668,0.1023167359638178,0.27405349011858166,0.15007620245393255
Test_146,0.0008127553682897821,0.0048185630482108395,0.993782881268438,0.0005858003150613904
Test_147,0.07189868176657421,0.06995721029960761,0.4081792747029517,0.4499648332308665
Test_148,0.07411273617961998,0.34533726067295406,0.4682871624691071,0.11226284067831879
Test_149,0.3004912925667096,0.019010933888373625,0.6281255846436212,0.05237218890129564
Test_150,0.08191505863663966,0.07097676865489519,0.5613929620530335,0.28571521065543165
Test_151,0.013998473882522804,0.007939918830203372,0.968524213665766,0.009537393621507724
Test_152,0.02039212198772146,0.27330371457166736,0.5607439448053508,0.14556021863526034
Test_153,0.46624877546487,0.04608228356539682,0.218456101818641,0.2692128391510923
Test_154,0.07087288755803596,0.06399266004898048,0.8060300993779865,0.059104353014997106
Test_155,0.0014084553039019252,0.07213424073299816,0.8902675509743293,0.03618975298877054
Test_156,0.2580882580029166,0.09072907101532085,0.24906174180457888,0.40212092917718356
Test_157,0.5649710871462518,0.0075350085583183735,0.127749840114396,0.2997440641810339
Test_158,0.11706213791828912,0.0072006050421251225,0.0034456199110165886,0.8722916371285693
Test_159,0.4603891890548214,0.05657793274578937,0.23009835192126393,0.2529345262781253
Test_160,0.7268792669774172,0.01634431056418947,0.020328106768143523,0.2364483156902499
Test_161,0.04358658695387033,0.014151910126475317,0.8914282972728377,0.05083320564681655
Test_162,0.21991672915100888,0.07082532853845995,0.6514698108310645,0.05778813147946678
Test_163,0.18562942452799633,0.13218553483537132,0.20395489658839333,0.478230144048239
Test_164,0.5488593268046286,0.06006871324715841,0.20338098532383914,0.18769097462437392
Test_165,0.04314243951730944,0.10667617094310573,0.16065287808675152,0.6895285114528333
Test_166,0.4512782427896426,0.02244173552838929,0.34040139472141046,0.18587862696055774
Test_167,0.26822975321060477,0.01836434028242014,0.6475531587414324,0.0658527477655426
Test_168,0.005054967560830818,0.030641984454437148,0.9510517083373448,0.013251339647387178
Test_169,0.3713543693028226,0.06910397261032217,0.07204769156978487,0.4874939665170704
Test_170,0.08160898103607059,0.03927100751413623,0.3191803796564566,0.5599396317933365
Test_171,0.036562858755919254,0.044995222226587174,0.5406887122492833,0.3777532067682102
Test_172,0.008928159882030138,0.13558720020484605,0.8286008854998778,0.02688375441324604
Test_173,0.011638283171738168,0.04853337573398764,0.9297023550655483,0.010125986028725985
Test_174,0.15284804675255237,0.06256737083432257,0.1746839441522983,0.6099006382608267
Test_175,0.2319418427901784,0.08618090651667074,0.11839227557729698,0.5634849751158539
Test_176,0.03004101858554669,0.027009502119504647,0.9189161363564382,0.024033342938510487
Test_177,0.07528976657383862,0.005962063463308668,0.010176695134916458,0.9085714748279363
Test_178,0.3566514555498616,0.011059838035225743,0.018090289338919593,0.614198417075993
Test_179,0.0053677633962834655,0.041375223982559106,0.949844334079727,0.003412678541430512
Test_180,0.1176983552374913,0.03775321394953639,0.336105470267876,0.5084429605450963
Test_181,0.015558282455872458,0.057379470228157314,0.05497429049551237,0.8720879568204578
Test_182,0.05598329659710799,0.10605778173892393,0.7796579360553705,0.058300985608597464
Test_183,0.8094827821026545,0.0026098970853504606,0.14215682713088953,0.04575049368110546
Test_184,0.2870683523856892,0.14881289418488483,0.09897661580284473,0.4651421376265813
Test_185,0.3353651334507347,0.19480376525452175,0.18711764095383843,0.28271346034090516
Test_186,0.026210394474013493,0.026446733512912348,0.04636059613041179,0.9009822758826623
Test_187,0.08657314726550713,0.03638461592203444,0.7411655744261004,0.13587666238635798
Test_188,0.12731953902501525,0.025541295970165606,0.8177269546132746,0.029412210391544347
Test_189,0.4689235334754055,0.03311814464502326,0.3039872475676022,0.19397107431196906
Test_190,0.268146139863578,0.08788698104896929,0.541517411059102,0.10244946802835075
Test_191,0.0016654066528789477,0.07589209293522294,0.9140653110349055,0.00837718937699248
Test_192,0.5694887900642107,0.0024554163013897233,0.40139135390866487,0.026664439725734717
Test_193,0.021875489985053967,0.12538422521971884,0.37079384203183596,0.48194644276339127
Test_194,0.0029126595759991643,0.13445929157688252,0.8485686904854736,0.014059358361644698
Test_195,0.5642023824340157,0.058206677308927195,0.2891341613059496,0.0884567789511076
Test_196,0.13063956652788836,0.03663616482277944,0.022930005979729055,0.8097942626696031
Test_197,0.03515706421081587,0.1436991720881357,0.76035348661354,0.06079027708750851
Test_198,0.0475837180239331,0.052612223828229665,0.17232248625350538,0.7274815718943318
Test_199,0.0801105785986362,0.024844867195184098,0.8089648321782499,0.0860797220279298
Test_200,0.038835837232495,0.019058774054842714,0.915004014119825,0.027101374592837246
Test_201,0.009536037615843323,0.010135500747318255,0.12284420306414168,0.8574842585726968
Test_202,0.07305060375802709,0.08484293057952678,0.7442906004175801,0.09781586524486603
Test_203,0.093395937153004,0.4436290654948535,0.2121527820193698,0.2508222153327727
Test_204,0.16421427065572944,0.026420537100325436,0.28163008796237304,0.5277351042815721
Test_205,0.06464995968706584,0.011081866175793596,0.017515563310103476,0.9067526108270371
Test_206,0.027747161630540924,0.01706230986687945,0.014072906455703716,0.9411176220468759
Test_207,0.03157636168692822,0.06630603199217042,0.5772502120087225,0.3248673943121787
Test_208,0.6148073775289984,0.05780539452963706,0.13887217890160658,0.18851504903975796
Test_209,0.0615969860451787,0.0564300590860447,0.8388113197658248,0.04316163510295186
Test_210,0.1736329440122786,0.031985862931236134,0.6492564539052795,0.14512473915120586
Test_211,0.007637805733155462,0.3949331491550259,0.51014996602812,0.08727907908369853
Test_212,0.13604635170406099,0.009998141095906103,0.8499418790455302,0.004013628154502719
Test_213,0.01800208613762233,0.31406020924128686,0.08177310237275268,0.5861646022483381
Test_214,0.047393817514660624,0.20415781671627828,0.5960061288774018,0.15244223689165923
Test_215,0.5524247040458635,0.048206169290916874,0.1312337618272138,0.26813536483600575
Test_216,0.9139696413166986,0.01206455373707808,0.06768611024746965,0.006279694698753631
Test_217,0.07234973920591634,0.09243873686609533,0.1422256510284673,0.6929858728995211
Test_218,0.8460955860430484,0.008037463631955628,0.11682774620134033,0.0290392041236556
Test_219,0.3731491351798554,0.053920173598166254,0.38682337021476837,0.18610732100721006
Test_220,0.011324969634364001,0.02077591815900786,0.059136224316747504,0.9087628878898807
Test_221,0.15535013197692793,0.16718722662957797,0.41741320194218984,0.26004943945130427
Test_222,0.05875741290817487,0.022933690231850445,0.9081932659067249,0.010115630953249867
Test_223,0.012087278015294526,0.02859841621215167,0.9406901963716806,0.018624109400873175
Test_224,0.7848548263042247,0.031470312943465285,0.08668050868313729,0.09699435206917258
Test_225,0.5384548780187667,0.01875779236268198,0.42344670496069853,0.019340624657852773
Test_226,0.009006536183729957,0.6023877969468743,0.27814089139123027,0.11046477547816552
Test_227,0.0589395562044942,0.06093888183358249,0.19222028122279158,0.6879012807391317
Test_228,0.05883326093326945,0.017628449841290368,0.8888956003150097,0.03464268891043027
Test_229,0.1533863681785308,0.1157256098452658,0.6254213195795204,0.1054667023966829
Test_230,0.21298238259133428,0.014229552459794098,0.713565620091742,0.059222444857129596
Test_231,0.12044039667638061,0.07420636830555506,0.1545275824431121,0.6508256525749522
Test_232,0.3147320273844343,0.025552049382070226,0.6342481163827973,0.02546780685069825
Test_233,0.6728909258296523,0.006166445057645754,0.10045614436176475,0.2204864847509372
Test_234,0.23025014253414575,0.06250628969024785,0.2879321938094207,0.41931137396618573
Test_235,0.07491647822618935,0.04322672104376721,0.2975074464256174,0.584349354304426
Test_236,0.14981827461091923,0.10308266440342227,0.19802669440062565,0.5490723665850328
Test_237,0.3109829165562454,0.04772404948241792,0.0964563210101298,0.5448367129512068
Test_238,0.014806067054090277,0.0455807331175821,0.9301764396655523,0.009436760162775327
Test_239,0.011384951217209982,0.13712146535028505,0.7805290743722186,0.07096450906028627
Test_240,0.008832173148143658,0.1135285530944956,0.8348050328412632,0.04283424091609759
Test_241,0.010687515795057773,0.09578438725329894,0.8052821122428985,0.08824598470874477
Test_242,0.6887834026934008,0.06567365870075961,0.047114204466563024,0.1984287341392766
Test_243,0.7960075234776469,0.020486627908498253,0.1363991792315649,0.047106669382290016
Test_244,0.8462347845326107,0.034830655809241544,0.040092401897821726,0.07884215776032619
Test_245,0.12681044602706174,0.030231660499353396,0.3653600869543338,0.4775978065192511
Test_246,0.0682787810258862,0.1812219239327557,0.21164397547379718,0.5388553195675609
Test_247,0.0032191566114547843,0.02676512773058984,0.03493295180026753,0.9350827638576877
Test_248,0.4072141530863476,0.07358696680142796,0.025986874353291212,0.4932120057589331
Test_249,0.006619607014335316,0.030899423155229103,0.9361917796360635,0.02628919019437197
Test_250,0.9441467199394107,0.004649790485356902,0.02205369268635629,0.029149796888876103
Test_251,0.7327426560643464,0.01051164047418619,0.04644298871170583,0.21030271474976153
Test_252,0.44872173082397293,0.13361235693080112,0.3420210540496561,0.07564485819556961
Test_253,0.07965259949440712,0.06032569217127377,0.170950401807855,0.6890713065264641
Test_254,0.16381381651943358,0.039267091229262786,0.278730231766196,0.5181888604851077
Test_255,0.10697763493994211,0.03347291659861182,0.038790157094363294,0.8207592913670827
Test_256,0.0037662789432081345,0.010605841591118806,0.003738276170232799,0.9818896032954402
Test_257,0.17268348466796585,0.02444872075682384,0.7669093363709762,0.03595845820423406
Test_258,0.049707776381870704,0.09369176160855072,0.6602202803158939,0.19638018169368468
Test_259,0.5850671361329547,0.03941178739727932,0.28830754123642977,0.08721353523333622
Test_260,0.1504790547707143,0.0059055238420569305,0.01078005907413521,0.8328353623130935
Test_261,0.025838889737451704,0.04250117733634161,0.7079548588001796,0.22370507412602725
Test_262,0.2240488218896838,0.1462662078199237,0.38581368900865687,0.2438712812817357
Test_263,0.27527612852205874,0.09016646149844894,0.30952297625470415,0.3250344337247881
Test_264,0.2406140801624491,0.019131345721914807,0.6796514809064024,0.06060309320923381
Test_265,0.39089169784873984,0.03939522046138312,0.39362553641982073,0.1760875452700561
Test_266,0.005723302665812508,0.01321384784369565,0.0889157530848574,0.8921470964056344
Test_267,0.9647539896192918,0.0030213848360321825,0.01621468198885527,0.016009943555820586
Test_268,0.0152649220068286,0.3927877117168417,0.5370880111347505,0.054859355141579136
Test_269,0.7822130826530928,0.01038065665086349,0.09041817148001081,0.11698808921603301
Test_270,0.16535871659889478,0.018429803848274442,0.01463993032926688,0.8015715492235639
Test_271,0.23010412225610613,0.03142465821893946,0.291951092102878,0.44652012742207636
Test_272,0.009298890373539639,0.0875195414835143,0.2368493382615779,0.6663322298813681
Test_273,0.7688089238339278,0.013382196026051178,0.051508045796939426,0.16630083434308154
Test_274,0.010981676779398587,0.028708057495237287,0.9326590711217113,0.027651194603652902
Test_275,0.22170264924746055,0.2179477023064724,0.36572036697569776,0.19462928147036931
Test_276,0.01619367816677888,0.03478016789304631,0.030620307001006097,0.9184058469391686
Test_277,0.24519780836474697,0.12494073453271415,0.28903358793122635,0.3408278691713126
Test_278,0.03597004241139884,0.04047431907947064,0.09929506837882537,0.8242605701303051
Test_279,0.1620432271515454,0.03333280073223734,0.7843043427886792,0.02031962932753823
Test_280,0.29834447133720027,0.011773667954601186,0.037502181792670834,0.6523796789155277
Test_281,0.044789915074910376,0.051121409216990155,0.2085896080554828,0.6954990676526166
Test_282,0.05530977785583579,0.4533262571714433,0.16134449882525248,0.3300194661474683
Test_283,0.11782021948951374,0.10477088227146635,0.1427294063520679,0.6346794918869519
Test_284,0.10115719602510187,0.3062961601272451,0.364031054231684,0.22851558961596882
Test_285,0.83893641347291,0.010526890384684899,0.0819010645506967,0.06863563159170828
Test_286,0.33151566092111556,0.0212757601191077,0.29256497611204035,0.35464360284773633
Test_287,0.8990873700530836,0.00212375656972761,0.02792912099195495,0.07085975238523372
Test_288,0.006379603373134747,0.004003171421404882,0.008092544619781409,0.981524680585679
Test_289,0.02209963797175592,0.04824231343108758,0.14448248807916436,0.7851755605179921
Test_290,0.040661909792750424,0.025827833098450312,0.725956570132947,0.20755368697585216
Test_291,0.3478705387283408,0.02883017878389267,0.6123866613503812,0.01091262113738532
Test_292,0.9264031132507079,0.005509825441178682,0.014063212786197191,0.05402384852191635
Test_293,0.062392527560918606,0.07450439839607602,0.7977074303278114,0.06539564371519391
Test_294,0.1268309036389278,0.08910430798583839,0.5835630477649667,0.2005017406102671
Test_295,0.3913424353381891,0.015322841972633864,0.5731953095679339,0.020139413121243278
Test_296,0.20982472742388172,0.036514853076968716,0.6735222810746125,0.08013813842453697
Test_297,0.00030936759659077484,0.07975935784393474,0.011302451962319531,0.9086288225971549
Test_298,0.001404974809279282,0.06903945697381855,0.8382135055242013,0.09134206269270094
Test_299,0.03767388229517941,0.19697986019401234,0.04943643562938976,0.7159098218814185
Test_300,0.863112872246078,0.0033453493001046673,0.02284286355035496,0.11069891490346231
Test_301,0.2357131749596932,0.06325573175919935,0.3698592008321942,0.33117189244891315
Test_302,0.03813143120887115,0.11752242116900813,0.34424231740712463,0.500103830214996
Test_303,0.6933391383908377,0.009785940579443807,0.15653027151014917,0.14034464951956938
Test_304,0.6862608426618619,0.10419075446632325,0.047095088888289414,0.1624533139835254
Test_305,0.3266606004471476,0.13714906547100433,0.03920120824435778,0.4969891258374902
Test_306,0.024916800146396034,0.23613173446517682,0.36045540780725693,0.37849605758117016
Test_307,0.15633305252467303,0.034088444718455325,0.7961534957990666,0.013425006957805073
Test_308,0.3352735764948063,0.04736990977505799,0.5604920508882404,0.0568644628418953
Test_309,0.05288912893561628,0.06683756962195066,0.557437164193792,0.32283613724864113
Test_310,0.01593440095694369,0.39492114118961785,0.4022725424808267,0.18687191537261172
Test_311,0.3005011984483173,0.04112155282713561,0.5818524177189279,0.07652483100561913
Test_312,0.02223040103342597,0.015798529534712075,0.019642887133337214,0.9423281822985247
Test_313,0.04556211497480563,0.03631532513034988,0.09243425553319053,0.8256883043616539
Test_314,0.14118914671709856,0.0261250145424698,0.07443451762532913,0.7582513211151024
Test_315,0.22963555267811414,0.0047046315260484755,0.030454582306530857,0.7352052334893066
Test_316,0.5149088220047912,0.015136674809752879,0.3648366785212895,0.10511782466416668
Test_317,0.03950810457740642,0.03291367791378086,0.8725426148343308,0.055035602674481966
Test_318,0.011082247818520507,0.31500464792052774,0.10790118519666393,0.5660119190642879
Test_319,0.011088741924377902,0.039687766055517854,0.9067913416029203,0.04243215041718412
Test_320,0.09968118423761754,0.08221001336113588,0.7213231060884849,0.0967856963127616
Test_321,0.28943103351353466,0.09591930478601399,0.15711320816638455,0.4575364535340667
Test_322,0.46187312120037016,0.03447673288561802,0.33437163954071913,0.16927850637329253
Test_323,0.14832015649525068,0.03356910533172156,0.15644111662517735,0.6616696215478504
Test_324,0.10507959487541946,0.12447289846777529,0.7436045131851864,0.0268429934716189
Test_325,0.06944384836543223,0.02320193407646284,0.057664980995545644,0.8496892365625592
Test_326,0.34782099002365985,0.023389107561541302,0.5721281200091528,0.05666178240564601
Test_327,0.390476608879314,0.06646150874545474,0.14066306188570565,0.4023988204895257
Test_328,0.02627146996173493,0.12013836033977861,0.6210681346602869,0.23252203503819954
Test_329,0.17069433562833564,0.025416074593627276,0.47592473602125757,0.3279648537567796
Test_330,0.019016864932019786,0.09172026542759742,0.47616363819432944,0.4130992314460533
Test_331,0.11481489471266046,0.15630467087239225,0.06044387898005527,0.6684365554348919
Test_332,0.8154862629382214,0.04909000262791204,0.10746057249598472,0.02796316193788181
Test_333,0.47069462357505204,0.04718606728149125,0.3855800613792214,0.09653924776423528
Test_334,0.0012911264463695156,0.005217415538572625,0.9894981306257072,0.0039933273893506625
Test_335,0.38332825535399967,0.0809300568719213,0.4408603110956769,0.094881376678402
Test_336,0.5130951808507344,0.013098944589150351,0.25361389933960454,0.2201919752205107
Test_337,0.22499146400290418,0.08923954914455062,0.07130235086574462,0.6144666359868006
Test_338,0.7791589719688051,0.01107835449108007,0.13901718629524787,0.07074548724486704
Test_339,0.17934826614660165,0.2787836523215986,0.14871387468239772,0.39315420684940205
Test_340,0.21007013270359115,0.035650952541348854,0.41661940365183453,0.3376595111032254
Test_341,0.32421372788653097,0.0814317128866721,0.2148270325373496,0.37952752668944734
Test_342,0.9172013778628568,0.006676532816860455,0.05364576356483945,0.022476325755443314
Test_343,0.8971881501808446,0.023777406489538747,0.03777338726990562,0.04126105605971091
Test_344,0.20623453729512606,0.07023897363536442,0.6718672303213853,0.051659258748124104
Test_345,0.14790861811847802,0.04977167060227,0.7717530929997803,0.030566618279471613
Test_346,0.09109597884636741,0.06793309140779855,0.778346964136868,0.06262396560896605
Test_347,0.041386537623399944,0.024382315160964133,0.864805892873043,0.06942525434259281
Test_348,0.047267052744224144,0.010841454643519478,0.02343399054934356,0.9184575020629128
Test_349,0.20679242109993629,0.09319305236978136,0.5602269342100132,0.13978759232026908
Test_350,0.03310029597552322,0.3805052579774677,0.11819995348417871,0.4681944925628303
Test_351,0.0009941326179569402,0.042278831602974604,0.9471956227383889,0.009531413040679499
Test_352,0.14620855045179043,0.06943294158367391,0.05486110668911254,0.7294974012754232
Test_353,0.1589472514456157,0.07924724872105714,0.09022867003452671,0.6715768297988004
Test_354,0.23863061675250924,0.19081864336824872,0.4092005837929467,0.1613501560862954
Test_355,0.26127742708271506,0.05768308337872365,0.33421431545615665,0.3468251740824047
Test_356,0.8373953610335848,0.014523519271994717,0.07431706306617618,0.07376405662824446
Test_357,0.8312996859724546,0.022153778909809425,0.10003718010285302,0.04650935501488274
Test_358,0.23712409743944635,0.09432924154496312,0.4821949916558083,0.18635166935978223
Test_359,0.014146951377679408,0.01270705230736938,0.036887833877248866,0.9362581624377024
Test_360,0.2706237705740821,0.08691808951970718,0.19729974830815178,0.4451583915980589
Test_361,0.6064679424528177,0.04738570454208118,0.07385621408426152,0.2722901389208396
Test_362,0.918923140371366,0.003902649366990565,0.02547612195913354,0.0516980883025099
Test_363,0.06449470388039762,0.05685084871306043,0.8115648895598506,0.06708955784669138
Test_364,0.057885512246966635,0.011515602361642483,0.9162685749152539,0.014330310476137033
Test_365,0.4364046031755966,0.08862343030184955,0.45083060985997414,0.02414135666257956
Test_366,0.11687991221271071,0.012283020990517956,0.8565707657114635,0.014266301085307836
Test_367,0.04364833305497481,0.037189554484156506,0.46950307764630217,0.4496590348145666
Test_368,0.4737674034651929,0.05812414419733141,0.2672163847752954,0.20089206756218028
Test_369,0.01381238278660436,0.01090889259779856,0.029459095511308094,0.945819629104289
Test_370,0.1580113490133254,0.04318834034329981,0.7627023478206637,0.03609796282271123
Test_371,0.07079592715215538,0.025817322746194356,0.4471362397682309,0.4562505103334193
Test_372,0.05797445458069786,0.05539870455927233,0.06222804840870728,0.8243987924513225
Test_373,0.031733381807697705,0.04689078875914389,0.6755276731735163,0.24584815625964207
Test_374,0.10082189547713072,0.11113651512961706,0.17791419371014097,0.6101273956831113
Test_375,0.05172951056131192,0.01555708323404228,0.011400376800883762,0.9213130294037621
Test_376,0.779688007238006,0.013188093050365314,0.044433647466779976,0.16269025224484862
Test_377,0.3482838779916246,0.03547171791548907,0.38522013680924144,0.2310242672836449
Test_378,0.27716243518617667,0.03402749100000446,0.6114966926627632,0.0773133811510556
Test_379,0.28774387451959116,0.06400999909252444,0.28018643786898556,0.3680596885188988
Test_380,0.24787880262940395,0.061670611747806685,0.23145885687671508,0.4589917287460742
Test_381,0.375065444005186,0.0349601696577881,0.030505857864460216,0.5594685284725657
Test_382,0.18457915097219266,0.06198708687348656,0.09156703147393429,0.6618667306803866
Test_383,0.36421840323146804,0.10795981134717678,0.1910104685333819,0.3368113168879734
Test_384,0.2299825188332827,0.010293027960056109,0.6753450495569132,0.08437940364974794
Test_385,0.23591711377598953,0.029334741905841115,0.031963575753681306,0.702784568564488
Test_386,0.0011996960730903952,0.049593246419191626,0.8887273877400482,0.06047966976766962
Test_387,0.23464764087291026,0.07610826924057187,0.22534606694992462,0.46389802293659327
Test_388,0.9035321890591804,0.001262468368470964,0.01716769359418725,0.07803764897816143
Test_389,0.3810861544222156,0.02368946552966873,0.5887877153244346,0.006436664723681066
Test_390,0.46867780109018,0.015970437838133865,0.01896838406084922,0.49638337701083696
Test_391,0.3231451113254418,0.23609060844656585,0.26491665338070775,0.17584762684728467
Test_392,0.021448729246346443,0.021419760279564277,0.8320714665315175,0.1250600439425716
Test_393,0.037582616025185506,0.002173760804004367,0.00631371476100959,0.9539299084098005
Test_394,0.6419073967626792,0.013050600143992905,0.18602024519241878,0.15902175790090922
Test_395,0.0018440461430869622,0.0991188298500188,0.8816027087006704,0.017434415306223836
Test_396,0.11376706195786031,0.04238737470771385,0.04383791966634794,0.800007643668078
Test_397,0.007436347818634331,0.01995599758901465,0.020929697665406078,0.9516779569269449
Test_398,0.0037413931860237524,0.16554189868663696,0.7013010553510872,0.12941565277625205
Test_399,0.6180402358204463,0.031014709042158892,0.2339882969064221,0.11695675823097292
Test_400,0.011964073763856532,0.012699739995565652,0.9401113368093292,0.035224849431248775
Test_401,0.031631419390298225,0.04695512824036563,0.898136527438824,0.02327692493051218
Test_402,0.02740377966162893,0.010820329606103475,0.14918206786083063,0.8125938228714369
Test_403,0.007210838659187942,0.07780183291399591,0.8917652042209703,0.023222124205845813
Test_404,0.09134768956157382,0.03725481876749843,0.7948223298636128,0.07657516180731495
Test_405,0.035370010243071036,0.010151181935409514,0.010559595166809665,0.9439192126547098
Test_406,0.0022863829399259166,0.017051472147699937,0.0038748815536459166,0.9767872633587281
Test_407,0.014769551200093125,0.017396229705680614,0.005245897377117389,0.9625883217171088
Test_408,0.2123464802107163,0.12135255917094533,0.0731264170202573,0.5931745435980811
Test_409,0.1299018662055258,0.024741303800813862,0.056248719168170376,0.7891081108254899
Test_410,0.027402541074449453,0.009379276066841125,0.016753363981283062,0.9464648188774263
Test_411,0.8168724089025463,0.00897120113651852,0.04551981822184186,0.1286365717390934
Test_412,0.10576945825890507,0.37494123609587315,0.4636153314187533,0.05567397422646848
Test_413,0.3428159114356668,0.023085140722359912,0.5321145442776206,0.10198440356435272
Test_414,0.00037046981162675203,0.008702648260141497,0.9875290195974974,0.003397862330734413
Test_415,0.17389535336683862,0.06232888485814341,0.6930681928348174,0.07070756894020071
Test_416,0.042217442596573014,0.09764424007117957,0.4646196547803859,0.39551866255186147
Test_417,0.036926150191512394,0.01014753682462701,0.9281880115688205,0.024738301415040142
Test_418,0.3729603638748279,0.13730228269940428,0.40884924950675444,0.08088810391901345
Test_419,0.8248445531190006,0.0237191085809211,0.10585460832532859,0.045581729974749664
Test_420,0.017192311617898862,0.09294260551872226,0.8707325141967031,0.019132568666675873
Test_421,0.025578220637949567,0.006584354937547085,0.02474917541945953,0.9430882490050437
Test_422,0.41783673714892355,0.10433465592392531,0.08741146293056085,0.39041714399659033
Test_423,0.10280880189026716,0.0951832901152602,0.7317439796314282,0.07026392836304435
Test_424,0.06558521817588041,0.07521447993209043,0.540229665634508,0.31897063625752115
Test_425,0.5530174126976114,0.01620531644313375,0.08704504970361508,0.34373222115563984
Test_426,0.054627391145940715,0.0031523075329774565,0.9328100958462766,0.009410205474805049
Test_427,0.002629501850376849,0.008746205773032057,0.016971094175040266,0.9716531982015508
Test_428,0.009485140116510011,0.013661565098678257,0.019993521102535678,0.9568597736822761
Test_429,0.09709439288853632,0.10390403600199295,0.447040141829431,0.35196142928003965
Test_430,0.5992022511824627,0.1819991138176684,0.18422654028374616,0.03457209471612273
Test_431,0.4895261244082682,0.04673850094209077,0.34555228827285545,0.11818308637678546
Test_432,0.04364250776943701,0.17086250073287457,0.05206135297922294,0.7334336385184655
Test_433,0.016893517245898628,0.020538413379587884,0.019621582732923398,0.9429464866415901
Test_434,0.03147056910811472,0.020253275778824072,0.04901108970777251,0.8992650654052887
Test_435,0.19703710122191448,0.02534933471075153,0.3867975110723941,0.3908160529949399
Test_436,0.22336091446459796,0.036253482311013586,0.03169363952639188,0.7086919636979966
Test_437,0.24122600391970372,0.11502050233764102,0.44705786232403893,0.1966956314186162
Test_438,0.04816228264313783,0.16925215093136997,0.13717078564899338,0.6454147807764988
Test_439,0.05860993033073582,0.08147720643041219,0.811884884849739,0.04802797838911308
Test_440,0.015475692972775588,0.1635400249206985,0.7924278548873617,0.028556427219164293
Test_441,0.6944786551921768,0.058644135938135215,0.16323377685577956,0.08364343201390846
Test_442,0.0054140689803838385,0.005593499680527187,0.9874129263199038,0.0015795050191851233
Test_443,0.010860952133957293,0.06658206478094433,0.09276337359131649,0.8297936094937819
Test_444,0.7574048766340111,0.018510449739287595,0.05135535681444448,0.17272931681225687
Test_445,0.03170065930524449,0.03580300420184416,0.3351464969083755,0.5973498395845358
Test_446,0.013867701114758999,0.2608819060360306,0.3065400588049415,0.41871033404426883
Test_447,0.14520922954144638,0.13822442735416685,0.5945396365086504,0.12202670659573636
Test_448,0.05993829909720104,0.061853755149808176,0.803325538120036,0.07488240763295492
Test_449,0.06984345550408365,0.10990467171920872,0.07905083793312742,0.7412010348435802
Test_450,0.24001311274541287,0.060330701360558694,0.6656543220293708,0.034001863864657596
Test_451,0.0007837836325718577,0.10867814194372116,0.883995363235511,0.006542711188195836
Test_452,0.38970866309931146,0.083730347048311,0.338989683140147,0.18757130671223055
