image_id,healthy,multiple_diseases,rust,scab
Test_0,0.03511145658622131,0.176264713732828,0.6887146713508816,0.09990915833006908
Test_1,0.026129186421624893,0.13573255778128937,0.753448442597277,0.08468981319980874
Test_2,0.007027276966273776,0.02385449973832494,0.08239776084369291,0.8867204624517084
Test_3,0.820544519983662,0.005994383906661877,0.07428150852646764,0.09917958758320868
Test_4,0.024279417845989627,0.06036379259447407,0.8300917807284903,0.08526500883104586
Test_5,0.8155625160839595,0.01839389343267285,0.13215925849693552,0.033884331986432224
Test_6,0.6186386166842389,0.02490870562529187,0.018810744719209096,0.33764193297126016
Test_7,0.007071498997334536,0.01899414838478532,0.008108192747013684,0.9658261598708664
Test_8,0.10388131530399977,0.34865430887208354,0.06677163129503368,0.480692744528883
Test_9,0.00897383704851364,0.008411084595023785,0.9769728752961508,0.00564220306031173
Test_10,0.012018605262773851,0.057710990071081575,0.9214249379361596,0.008845466729984989
Test_11,0.525278130426146,0.0593707447199005,0.3399569412958259,0.07539418355812758
Test_12,0.2789841069289416,0.0775340101394022,0.061758273013531824,0.5817236099181244
Test_13,0.5978312048544653,0.03328124415919453,0.11265564972790335,0.2562319012584371
Test_14,0.10912007583826494,0.07677620571172389,0.61485530897836,0.19924840947165115
Test_15,0.08425992435360492,0.10443968285158792,0.46679003914080425,0.34451035365400295
Test_16,0.493739344733606,0.021344234555754057,0.3153899110074131,0.1695265097032269
Test_17,0.043216061836540344,0.46334962553117554,0.29764545663690944,0.1957888559953747
Test_18,0.41022988995243487,0.03950108817154009,0.19671318401807025,0.3535558378579548
Test_19,0.06938686073404951,0.13675042732089673,0.41356992080305727,0.3802927911419966
Test_20,0.18501541827842954,0.016230345369892245,0.09257164672681317,0.7061825896248651
Test_21,0.7725756253317851,0.00704309912827589,0.07733559021788988,0.14304568532204887
Test_22,0.020739707023476585,0.03625652755577465,0.9056966335145965,0.0373071319061523
Test_23,0.11131648172948296,0.03586421078022252,0.1724601667231818,0.6803591407671128
Test_24,0.783709008260306,0.008593051470658124,0.06204509665140793,0.14565284361762798
Test_25,0.7061359537850866,0.015555003106692555,0.20421082001486826,0.07409822309335243
Test_26,0.09224875473178118,0.036784244199150745,0.28076637473594207,0.590200626333126
Test_27,0.025472875908021886,0.07639528671193957,0.8470450603885208,0.05108677699151777
Test_28,0.8987034543300947,0.02131634174251137,0.039406990409407004,0.0405732135179867
Test_29,0.12703162858400271,0.12818844576243382,0.2931809948470937,0.45159893080646973
Test_30,0.7616662768410465,0.02043123394814765,0.038174105340772244,0.1797283838700336
Test_31,0.013147034601586052,0.5027362696045851,0.40153714438479005,0.08257955140903886
Test_32,0.5852017906088622,0.010758339279255317,0.30796486208984775,0.09607500802203466
Test_33,0.0219039981389417,0.019354133444158865,0.002844274808248133,0.9558975936086513
Test_34,0.15154789673896404,0.02272283818154046,0.268685300498856,0.5570439645806395
Test_35,0.027362887740221966,0.04438868680798407,0.03139713023795045,0.8968512952138434
Test_36,0.047447260345822605,0.08404488630885736,0.7270513081167617,0.1414565452285584
Test_37,0.17520454358172213,0.05636076671869934,0.0633402621037724,0.7050944275958062
Test_38,0.10266364476384139,0.056133087338855095,0.011605283258830717,0.8295979846384729
Test_39,0.02269148926807968,0.04499076761168407,0.8369427308124922,0.09537501230774408
Test_40,0.23816096821937002,0.16294307710250977,0.3338345099690938,0.2650614447090265
Test_41,0.15603661830657437,0.050852733295439344,0.7631742633516676,0.029936385046318785
Test_42,0.016840964773799455,0.018086552494402594,0.01782085549203024,0.9472516272397676
Test_43,0.28439399042012475,0.007964932144973201,0.703337285939637,0.0043037914952651695
Test_44,0.38841763690154624,0.0773867735200256,0.09046300109772724,0.44373258848070096
Test_45,0.053550087913605146,0.10168758402264669,0.4043074245291718,0.44045490353457634
Test_46,0.1777980042211841,0.1850214614393075,0.38370538391596815,0.2534751504235402
Test_47,0.019269449520424208,0.05280079631151105,0.8819149638314001,0.046014790336664654
Test_48,0.06508985216686565,0.12319899362468208,0.646742241314104,0.1649689128943483
Test_49,0.05880013573725256,0.058472356606071085,0.8261605939549107,0.05656691370176567
Test_50,0.01956398923729489,0.08429573359523958,0.8737637923801636,0.02237648478730196
Test_51,0.39874893826702856,0.03729471254572351,0.3781533648667351,0.1858029843205128
Test_52,0.08545134155743944,0.026459783171545383,0.7094004613577495,0.1786884139132658
Test_53,0.1307613490822143,0.0950366164275327,0.7315960291415438,0.04260600534870924
Test_54,0.47470029723820306,0.11466534840691918,0.1908298833141112,0.21980447104076664
Test_55,0.13147054664724242,0.033898923277445356,0.2955936594334242,0.539036870641888
Test_56,0.19466711040545392,0.06439231283852086,0.19089820049277564,0.5500423762632495
Test_57,0.5288415167725689,0.020458928787906294,0.08589381404305385,0.36480574039647085
Test_58,0.03127585415984434,0.04751804925943128,0.015608090619023398,0.9055980059617009
Test_59,0.029812385111538674,0.06547844731380197,0.804565573547664,0.1001435940269953
Test_60,0.058143365742426505,0.10629475113079417,0.027831892737184952,0.8077299903895944
Test_61,0.5947295333547468,0.018588906263725283,0.12327810722484267,0.26340345315668523
Test_62,0.13084505697221444,0.06206595492594724,0.5269813619307764,0.28010762617106205
Test_63,0.17509162190310595,0.02368174758451779,0.12332952988532236,0.6778971006270538
Test_64,0.4399197333223894,0.03906323004154889,0.24666515161773128,0.2743518850183304
Test_65,0.04462844659853668,0.07196619066745566,0.38619890771995713,0.49720645501405064
Test_66,0.8888899141865654,0.032109955285336646,0.04462404030278006,0.03437609022531791
Test_67,0.10973671636737861,0.0953489530627713,0.2900971733917709,0.5048171571780792
Test_68,0.029501236728963567,0.10784937560880334,0.7657388353908529,0.09691055227138035
Test_69,0.034405071089000636,0.2178454242210982,0.5328412268673147,0.21490827782258645
Test_70,0.043594277989002214,0.01331335555917963,0.007034369010047187,0.9360579974417709
Test_71,0.02728723889682205,0.016576835962163767,0.9403398500238707,0.015796075117143614
Test_72,0.14539204896938654,0.07502872772179568,0.2747984381250736,0.5047807851837441
Test_73,0.6200140743120952,0.0381049944057727,0.22345981480101115,0.1184211164811211
Test_74,0.7936748886024176,0.0204827303117832,0.0960507869507661,0.08979159413503314
Test_75,0.13549161799450662,0.08688637859570682,0.08276582986173753,0.6948561735480491
Test_76,0.7369941631438452,0.017858244100776577,0.1150257940962496,0.13012179865912862
Test_77,0.503677344770054,0.00847041536559458,0.46722197477963073,0.02063026508472065
Test_78,0.2487754272512168,0.11700837929167361,0.11006525811615968,0.5241509353409499
Test_79,0.20248248898339016,0.11586807423012142,0.4408319439837695,0.2408174928027189
Test_80,0.04047373846780792,0.664774526561682,0.10172787982568617,0.19302385514482379
Test_81,0.2712733518374379,0.06953819763344046,0.43250211124633675,0.22668633928278498
Test_82,0.13841895302825524,0.09840195068500017,0.7324155269948628,0.03076356929188184
Test_83,0.036171046130832364,0.10778148570189329,0.030180054214873967,0.8258674139524004
Test_84,0.3893138311658404,0.02527327590450028,0.463439088483415,0.1219738044462442
Test_85,0.40016213917407556,0.02107619114576883,0.050805368126189424,0.5279563015539662
Test_86,0.2694834559819977,0.38408628243666826,0.17502767005516884,0.1714025915261652
Test_87,0.47931542017291295,0.011727784983365748,0.05306671983385552,0.4558900750098657
Test_88,0.03473221583881407,0.06378412718752499,0.7130753105179224,0.1884083464557385
Test_89,0.5150334883761736,0.08814481744913012,0.12806870834723627,0.26875298582745993
Test_90,0.16932329468295423,0.15646534010100188,0.2631135899200869,0.411097775295957
Test_91,0.9284820064994341,0.004801416156031323,0.04052188868817286,0.026194688656361795
Test_92,0.9207528212448511,0.0015334666533762258,0.01419713202044487,0.0635165800813275
Test_93,0.020628934088829178,0.08534882893255893,0.865153054363277,0.028869182615334683
Test_94,0.1901913038098253,0.028925911580732995,0.008719031096120522,0.7721637535133212
Test_95,0.3525985432320341,0.015562665127467975,0.29909655902903626,0.3327422326114617
Test_96,0.22648453647386071,0.010560452980211112,0.13965391348236866,0.6233010970635595
Test_97,0.7557676196242918,0.011017243617291526,0.10785627211759388,0.12535886464082274
Test_98,0.8246152533637474,0.04885021286173734,0.03405853805984564,0.09247599571466973
Test_99,0.31742535810757055,0.057325130086644985,0.3215158142185218,0.30373369758726265
Test_100,0.03556750643889272,0.010939254640823234,0.00750229764785194,0.9459909412724322
Test_101,0.5420095894987054,0.014152970947376787,0.11263761649578675,0.3311998230581311
Test_102,0.1901906591403254,0.019099104801651796,0.1292177756185738,0.661492460439449
Test_103,0.02558628690362134,0.22317388595422416,0.7103968146644981,0.04084301247765643
Test_104,0.06165568498644668,0.10245032323904547,0.1937247202122763,0.6421692715622316
Test_105,0.2700625281488787,0.010615726083830877,0.07462752612546321,0.6446942196418273
Test_106,0.4823974037437241,0.013399311938661854,0.30188410315830655,0.2023191811593075
Test_107,0.1761629013851556,0.0678243407017843,0.6234812390441332,0.13253151886892695
Test_108,0.10318789784390302,0.011996625772963364,0.09311898629897872,0.7916964900841549
Test_109,0.30788513265684697,0.06767370815514272,0.1461988806452433,0.4782422785427671
Test_110,0.42876296656782514,0.01815074419581846,0.2917683187990895,0.2613179704372668
Test_111,0.44616467539277177,0.05020770956962929,0.3638257692387008,0.13980184579889804
Test_112,0.0859624289388955,0.09127101219047765,0.620215101992463,0.2025514568781639
Test_113,0.07115047074436835,0.2661771364885885,0.18365966921410254,0.4790127235529406
Test_114,0.02114366895264231,0.3089428620028678,0.5527615077075994,0.11715196133689036
Test_115,0.1940553977656284,0.13053328782685353,0.2251524480856514,0.4502588663218666
Test_116,0.5561830996045238,0.11047847635281335,0.25889570211801155,0.07444272192465116
Test_117,0.008220002172341445,0.04580108981034073,0.8889199369069568,0.05705897111036096
Test_118,0.11700812267515337,0.0428182272759864,0.7969481449330545,0.04322550511580579
Test_119,0.6725916831333321,0.01413957733481185,0.3001012360621645,0.01316750346969162
Test_120,0.02195232422371726,0.01731375264387518,0.9450638142269574,0.0156701089054501
Test_121,0.2669143769455425,0.07795750634640625,0.10259983173809731,0.5525282849699539
Test_122,0.7467156933136984,0.024347454665060376,0.20609559482652426,0.022841257194716986
Test_123,0.005343665214449347,0.03483834322082525,0.9539244659869807,0.005893525577744731
Test_124,0.48136416248204916,0.05010081364167917,0.060736290505250555,0.4077987333710211
Test_125,0.30557967533489455,0.1505248674084027,0.08700815747684208,0.45688729977986065
Test_126,0.620239783263276,0.08485986843965174,0.07173382897735472,0.2231665193197175
Test_127,0.3951847707122812,0.005498812099842448,0.016921469795196233,0.58239494739268
Test_128,0.06003668775777543,0.19312332606827595,0.637575654952484,0.10926433122146458
Test_129,0.19728407564332576,0.13141963914613822,0.1711185989933488,0.5001776862171873
Test_130,0.028538073598844374,0.02475535603708322,0.01877148892730141,0.9279350814367711
Test_131,0.01052546768686635,0.01058722943256454,0.005593913610342305,0.9732933892702268
Test_132,0.796963039474062,0.01323521079459444,0.11154154870448066,0.0782602010268629
Test_133,0.011285079495654661,0.015114301899720331,0.022357227179740716,0.9512433914248842
Test_134,0.1065269182547491,0.022490212524902145,0.4142886929901684,0.45669417623018027
Test_135,0.10047902158420993,0.047832384959599315,0.16060956271522958,0.6910790307409611
Test_136,0.06266039310573157,0.013550669700408816,0.15278303607401394,0.7710059011198458
Test_137,0.0009971403071422644,0.07908083558432534,0.8963259341502483,0.023596089958284144
Test_138,0.1018828223639154,0.03190232032103905,0.8413558024186346,0.02485905489641098
Test_139,0.7706085426204836,0.01786296035085726,0.09964255896381853,0.11188593806484066
Test_140,0.18631329755704615,0.015128665169146432,0.7103942325772028,0.08816380469660458
Test_141,0.4830849039163249,0.04022832012849278,0.3213659835165674,0.15532079243861488
Test_142,0.061267917041236214,0.17223075660011844,0.01594723240701317,0.7505540939516321
Test_143,0.22000380987957488,0.24978520943763852,0.47045202007072845,0.059758960612058175
Test_144,0.6838596310081394,0.02056074394153854,0.27776007820848736,0.017819546841834736
Test_145,0.3915667909561547,0.10939913798752815,0.30763016874753174,0.19140390230878537
Test_146,0.001995311404996676,0.008487990022539442,0.9886039068713119,0.0009127917011520873
Test_147,0.03916366680833419,0.03372709916677316,0.6853006484798505,0.2418085855450422
Test_148,0.06134182546075999,0.30719131160512836,0.5076426310500568,0.12382423188405488
Test_149,0.21417052971510747,0.01907629662422772,0.7141318795927053,0.052621294067959554
Test_150,0.11904048631438918,0.08772548977426017,0.5633777652708253,0.22985625864052528
Test_151,0.030046232390994635,0.011704819808591964,0.9461010665263839,0.012147881274029397
Test_152,0.03768018742349928,0.10817547346997654,0.7761120179310184,0.07803232117550574
Test_153,0.36220221577553835,0.04824637445966693,0.26816930497275365,0.321382104792041
Test_154,0.07383606357496636,0.030616129410094797,0.8686922084960945,0.026855598518844292
Test_155,0.0036250453621126965,0.0976269680216853,0.8610462549054096,0.037701731710792476
Test_156,0.23032141104003778,0.1104922825202309,0.15967085896472444,0.4995154474750069
Test_157,0.7147313105049891,0.009889843418871419,0.07384807737020925,0.20153076870593023
Test_158,0.07160099301521941,0.0077668895302996244,0.0015255715551990073,0.9191065458992819
Test_159,0.3776204959830799,0.0484880745962517,0.3564256357419132,0.21746579367875501
Test_160,0.6442923837875776,0.016834759014790545,0.02312516637843608,0.3157476908191959
Test_161,0.12924650179639885,0.024526418258449312,0.7487079156940297,0.09751916425112207
Test_162,0.30449963873807273,0.047040819583883745,0.6159296971504552,0.032529844527588385
Test_163,0.13102375831357613,0.1515895287308829,0.3713046449552622,0.34608206800027874
Test_164,0.5900476537137761,0.046532994680381266,0.09376722193433511,0.26965212967150737
Test_165,0.057063661601374945,0.09536258558652813,0.3144044301291269,0.5331693226829699
Test_166,0.35197945606960607,0.013783552781020387,0.4532851095341197,0.1809518816152539
Test_167,0.26986491939998364,0.034884090348501005,0.5542101069743778,0.14104088327713762
Test_168,0.005452159681745441,0.026312871306925327,0.9599436917447298,0.008291277266599438
Test_169,0.34206346170673285,0.0917310571311605,0.10123577964516364,0.46496970151694306
Test_170,0.09941852738877023,0.0537101952285112,0.3744990355119532,0.4723722418707655
Test_171,0.039205451763285416,0.03314121179142443,0.37185906030036187,0.5557942761449283
Test_172,0.02107627296854455,0.1630857459427748,0.7890571355203864,0.026780845568294208
Test_173,0.010609269716942604,0.014781602890660484,0.9669556176437877,0.007653509748609248
Test_174,0.38395206049606895,0.06805334086643675,0.15050828428454938,0.39748631435294496
Test_175,0.3148522618719742,0.0643143378867634,0.22407911226205587,0.3967542879792065
Test_176,0.037683100263704444,0.03282837498027447,0.9041013107857511,0.025387213970270005
Test_177,0.08132202025455423,0.008827500571607288,0.013745978616162363,0.8961045005576762
Test_178,0.5271448137354908,0.014562021083561489,0.01523936779496823,0.4430537973859795
Test_179,0.0061720539992895914,0.06510579080417599,0.9219047371977251,0.006817417998809082
Test_180,0.08386342709066366,0.039281642734573026,0.26144187128532265,0.6154130588894406
Test_181,0.02806163310604172,0.04371303196488472,0.04523165315453227,0.8829936817745414
Test_182,0.04170918099036105,0.15201390293110909,0.738959498256419,0.06731741782211076
Test_183,0.7063815786722469,0.0050064093273855794,0.21446894194667482,0.0741430700536926
Test_184,0.2769859616257213,0.2084328758249185,0.15398769500763165,0.3605934675417286
Test_185,0.21255210966615673,0.22604046718217635,0.22729154441147703,0.3341158787401898
Test_186,0.03830021745906103,0.028325501557566087,0.07966617448863637,0.8537081064947364
Test_187,0.08587267133999495,0.03387843483372332,0.7071331009285478,0.1731157928977341
Test_188,0.04814777671769674,0.019097404046525067,0.9012884680118898,0.03146635122388846
Test_189,0.3291420048767607,0.024939960035034646,0.5240592123368415,0.121858822751363
Test_190,0.37848468679927605,0.12339019986345334,0.44169510990836347,0.0564300034289071
Test_191,0.0012861746600234395,0.04359990889535262,0.9473966881091593,0.007717228335464542
Test_192,0.6677995818318068,0.003188793396771991,0.2904176246327889,0.03859400013863239
Test_193,0.08579312297435385,0.0951102979571883,0.2980010738632415,0.5210955052052164
Test_194,0.0018326833940626923,0.08367357276225643,0.8994261519263457,0.015067591917335315
Test_195,0.4838460798310492,0.06934998073472594,0.28619687664459675,0.16060706278962805
Test_196,0.14765812695319908,0.04949920903585945,0.04576624137627148,0.7570764226346701
Test_197,0.02312171662209909,0.04530769962076274,0.8882751734434803,0.043295410313657905
Test_198,0.1015524695394625,0.10925125785545431,0.292459958090754,0.4967363145143291
Test_199,0.03214185145170418,0.021344069476648603,0.8954478019553144,0.051066277116332735
Test_200,0.04492753415613231,0.01856591310255142,0.8699426552477867,0.06656389749352945
Test_201,0.020938037989871587,0.014958585783127592,0.06767629012226256,0.8964270861047382
Test_202,0.07137021297358645,0.15043538070474366,0.609570490846808,0.16862391547486172
Test_203,0.21239167484998686,0.4044389885759724,0.20237355467840776,0.18079578189563297
Test_204,0.1950338002997991,0.0165376380804177,0.30946352056301774,0.4789650410567654
Test_205,0.1038325726262001,0.01771460215598065,0.012263621051872198,0.8661892041659469
Test_206,0.01031693815541294,0.00950855060176202,0.005149361958269352,0.9750251492845556
Test_207,0.05630559282845883,0.10182283397279043,0.43274890989252257,0.4091226633062282
Test_208,0.4500275006832334,0.09084893139424319,0.21105546539299308,0.24806810252953043
Test_209,0.07160671657574484,0.12692010472741522,0.7724127903185396,0.02906038837830041
Test_210,0.1145829377222435,0.017507414393796807,0.733405714202434,0.13450393368152574
Test_211,0.01460524950695819,0.20434342941887643,0.6722893478807339,0.10876197319343149
Test_212,0.15452271532455877,0.018959431761782487,0.8172924818303416,0.009225371083317075
Test_213,0.02297947606828401,0.3821127553495244,0.13494350998690155,0.45996425859529
Test_214,0.028302025813886224,0.07303427914442193,0.7756109154191257,0.12305277962256614
Test_215,0.6517957989687361,0.04898832781524494,0.14575454394120532,0.1534613292748138
Test_216,0.8897032349601901,0.019662887500051324,0.07920148856272359,0.011432388977034946
Test_217,0.0916472893943752,0.056840528655180085,0.18726880079283922,0.6642433811576055
Test_218,0.7464921159362836,0.006193530584672026,0.2197300524856996,0.02758430099334478
Test_219,0.3427788781189943,0.05378369939572948,0.48243890334403566,0.12099851914124048
Test_220,0.013020515312507277,0.018676770653858643,0.04871038830645369,0.9195923257271805
Test_221,0.16062948175795125,0.1329073916958945,0.4113642329629029,0.2950988935832513
Test_222,0.08632611198123419,0.03078942950113524,0.8678487743460308,0.015035684171599797
Test_223,0.02066920765083763,0.047619375501952645,0.8589664990364485,0.07274491781076126
Test_224,0.6250213209720509,0.03301136461737337,0.1523217393885781,0.18964557502199758
Test_225,0.503097514232071,0.021649944791613657,0.4501745924333286,0.025077948542986696
Test_226,0.01138105537693668,0.6929177424459403,0.18838771087204173,0.10731349130508133
Test_227,0.05500490668835865,0.04995419998555609,0.07361709473952814,0.8214237985865571
Test_228,0.07718654732470301,0.02558061032158556,0.852144908838206,0.04508793351550547
Test_229,0.2793790507361401,0.08780534220286294,0.5318554827001315,0.10096012436086538
Test_230,0.3155269547736149,0.006839667602714447,0.65509713394265,0.02253624368102072
Test_231,0.11514703704793955,0.054108403654008624,0.20102999006698546,0.6297145692310664
Test_232,0.30499055410026843,0.01759235389529425,0.640193830566221,0.037223261438216346
Test_233,0.6731852158430737,0.003100954749103682,0.09583770559592061,0.227876123811902
Test_234,0.1718842818276752,0.06710694601788336,0.24751194478863092,0.5134968273658105
Test_235,0.05747529340547191,0.04404699706232483,0.24368310891720033,0.654794600615003
Test_236,0.1671106408888856,0.12018787028738136,0.10854413148969601,0.604157357334037
Test_237,0.564982104305164,0.026855430475556295,0.08159025431580497,0.32657221090347477
Test_238,0.0077394850304136325,0.034337543206608055,0.9527467500869145,0.0051762216760638784
Test_239,0.014248474937268467,0.2364260853760292,0.6310779590988593,0.11824748058784311
Test_240,0.021868414049652948,0.2229357737826301,0.721342692875934,0.03385311929178306
Test_241,0.020689908084122716,0.06054076184054016,0.7972549791224743,0.12151435095286298
Test_242,0.7020371593743808,0.13581029483102433,0.07315019159106431,0.08900235420353049
Test_243,0.7944119151507717,0.013700276107528638,0.14855031138366895,0.04333749735803079
Test_244,0.8623941372449112,0.02664484792747816,0.053984405682740724,0.05697660914486991
Test_245,0.26611694157946736,0.0573739399649339,0.32243524019539144,0.35407387826020736
Test_246,0.03348372330832699,0.30268576472076897,0.1842627923982027,0.4795677195727014
Test_247,0.0044566903838737905,0.02918863639506583,0.023130859434775088,0.9432238137862853
Test_248,0.6720001305762854,0.06390552358410444,0.04370011700525367,0.22039422883435666
Test_249,0.009923797428420433,0.02654742007963762,0.9423424111342291,0.021186371357712765
Test_250,0.9128996163764511,0.005748281937857658,0.03443826860540607,0.046913833080285045
Test_251,0.6053605678616277,0.01368954645283171,0.1107465721935039,0.2702033134920367
Test_252,0.48851683750592373,0.13586158454941838,0.26980593300815814,0.10581564493649978
Test_253,0.03801092170097949,0.10885908997283504,0.07681054359514107,0.7763194447310444
Test_254,0.18081764086986463,0.04755607843984658,0.2595887663750407,0.5120375143152481
Test_255,0.0461827333032235,0.020158413256609397,0.05417033393856352,0.8794885195016036
Test_256,0.001198809438101202,0.006504372715966392,0.0016746233248009575,0.9906221945211315
Test_257,0.11190149876727704,0.039357786457801316,0.7795040943126921,0.06923662046222943
Test_258,0.05668732835937931,0.08795826994643467,0.6909432781794341,0.16441112351475184
Test_259,0.5419909228315545,0.07088798638756011,0.2951160536696123,0.09200503711127314
Test_260,0.21354893903078484,0.011466055598821204,0.02039631176552855,0.7545886936048655
Test_261,0.0347963681221766,0.04828501315924444,0.6733427451049476,0.24357587361363142
Test_262,0.2662336514266535,0.1542965728047544,0.24009262663531467,0.33937714913327743
Test_263,0.2821499395763785,0.07894991710869527,0.4019552260182041,0.23694491729672218
Test_264,0.32421264428877833,0.013479667169607846,0.6095324759649998,0.052775212576614036
Test_265,0.3214250827594206,0.0669431029683258,0.33468191748802073,0.2769498967842329
Test_266,0.007302587615272121,0.011475225211004457,0.06000685651801877,0.9212153306557047
Test_267,0.8922763905052645,0.007602323520502073,0.07651272541509992,0.023608560559133594
Test_268,0.008168141120186472,0.42171328756200255,0.4836078284883589,0.086510742829452
Test_269,0.6624034613463496,0.009825783148599611,0.18184530245119876,0.145925453053852
Test_270,0.1469586120978994,0.019559443064790686,0.025471416811695593,0.8080105280256143
Test_271,0.36289279232746935,0.020426507894200033,0.09242106180702699,0.5242596379713036
Test_272,0.021270379475064473,0.13874522098669412,0.3116605125222702,0.5283238870159712
Test_273,0.7468163256862178,0.022114410788888265,0.051421711255675455,0.17964755226921855
Test_274,0.03610246855142151,0.03887382317004869,0.8803523596262254,0.04467134865230448
Test_275,0.12767181466405286,0.17587553324313182,0.5142001426166112,0.18225250947620422
Test_276,0.03552034844456281,0.03194212833560321,0.016121119333550413,0.9164164038862836
Test_277,0.291202374543111,0.09869825653983852,0.34106896495508576,0.2690304039619647
Test_278,0.05700954820459423,0.041215784287447384,0.07176584233865138,0.830008825169307
Test_279,0.06758557431959461,0.014128661072902162,0.9021061163963141,0.016179648211189203
Test_280,0.3190263999697321,0.014241408613025617,0.04461101827817224,0.62212117313907
Test_281,0.0654521981428428,0.07103815089396759,0.19465811129751445,0.6688515396656751
Test_282,0.06049434904612643,0.4470040501434744,0.1648278277238885,0.3276737730865107
Test_283,0.18154292138032535,0.12624513896078587,0.2575747909115607,0.43463714874732806
Test_284,0.09884201796920297,0.3798905643851558,0.2983640377406488,0.22290337990499245
Test_285,0.9028142998262121,0.005776578095879256,0.03915560639042031,0.0522535156874885
Test_286,0.25357581277306673,0.026060456015890514,0.376704649111787,0.3436590820992557
Test_287,0.904819573086653,0.0013024643208764846,0.03662898627161019,0.057248976320860456
Test_288,0.009953548402872917,0.023644006288112942,0.0113022017625235,0.9551002435464907
Test_289,0.018536302612953307,0.06609633658903562,0.13975868447916487,0.7756086763188462
Test_290,0.03207169429835042,0.034769406425971136,0.6552954168490269,0.27786348242665154
Test_291,0.2757475912905466,0.011592892295225761,0.7029172811574872,0.009742235256740448
Test_292,0.8770825627128441,0.012914031387300457,0.028502311244698684,0.08150109465515692
Test_293,0.08475331107419792,0.06455628098827862,0.6991349977479743,0.15155541018954918
Test_294,0.13310591920514128,0.0970063896582262,0.6356676590906146,0.13422003204601796
Test_295,0.5423222316044702,0.04171031039071903,0.381724885042956,0.034242572961854734
Test_296,0.24273614449717792,0.06818942138701296,0.5100215894211306,0.1790528446946784
Test_297,0.00039054418152379637,0.061705708478172416,0.0074545190550289854,0.9304492282852748
Test_298,0.003414455293674222,0.09376588173904844,0.7992104182185076,0.10360924474876987
Test_299,0.06819556978292111,0.2152988770016002,0.11252453522885142,0.6039810179866273
Test_300,0.8800357003216351,0.0049020147060152884,0.015159153329676494,0.09990313164267296
Test_301,0.06975135291661996,0.08258338535356279,0.5350674865809034,0.31259777514891374
Test_302,0.021109466603976813,0.1129215047627029,0.20850048270150986,0.6574685459318105
Test_303,0.7681689123593429,0.009617519384946626,0.11788087717699527,0.10433269107871519
Test_304,0.878001404715658,0.045690772843308886,0.031783627205834206,0.044524195235198814
Test_305,0.4678909129333858,0.14507238865634906,0.058135289122350206,0.32890140928791484
Test_306,0.024426409426107475,0.18208769949492393,0.47616249647789605,0.3173233946010725
Test_307,0.22783508199017571,0.04735297468297818,0.7061386563686644,0.018673286958181802
Test_308,0.42306725307708887,0.051529230277518344,0.3915808180711007,0.13382269857429213
Test_309,0.08304831544957793,0.031236178573850554,0.6302392858742162,0.2554762201023552
Test_310,0.008558860047730306,0.2083947673326334,0.6168146102185806,0.16623176240105567
Test_311,0.08527398658792673,0.03537880833265151,0.7912067811321907,0.08814042394723111
Test_312,0.05209728386750294,0.03745958373817818,0.014405585705560697,0.8960375466887582
Test_313,0.027833278001602343,0.029703824113540247,0.07305075829363304,0.8694121395912243
Test_314,0.28194215528071703,0.042674032236933446,0.030670092228538497,0.644713720253811
Test_315,0.3911765093051767,0.00427089677053443,0.033276050486279234,0.5712765434380096
Test_316,0.18391592653016395,0.006705692093524393,0.7470387182273426,0.0623396631489692
Test_317,0.03503169358856039,0.018564743093822434,0.8184290027219655,0.12797456059565174
Test_318,0.015968786827108936,0.34577053138440317,0.07577197901209723,0.5624887027763907
Test_319,0.015369990435970484,0.10994247984768937,0.8236884215412464,0.050999108175093635
Test_320,0.08146319122859193,0.0787264131352374,0.651980258576882,0.1878301370592887
Test_321,0.38362998564747264,0.1402689520043424,0.10314085057416432,0.3729602117740206
Test_322,0.6082415047302846,0.051039831394635485,0.1470889639094323,0.19362969996564763
Test_323,0.17900710838212636,0.06458453417842985,0.1814632241407322,0.5749451332987117
Test_324,0.1009470818572547,0.17633491776626262,0.6632090500939677,0.05950895028251496
Test_325,0.11627241332551866,0.027374611497500975,0.0804930316210039,0.7758599435559764
Test_326,0.2640364986481852,0.019394541820978092,0.6357868186741843,0.08078214085665242
Test_327,0.5735551570307829,0.04582455156352468,0.07289750587270911,0.3077227855329834
Test_328,0.057214758001510234,0.0971171073165467,0.6065179883274606,0.23915014635448237
Test_329,0.18434066131954488,0.05619615475748846,0.5293882102603147,0.230074973662652
Test_330,0.016146959746452447,0.1660212999075834,0.2793894213223219,0.5384423190236423
Test_331,0.13121762526323882,0.09234649067903358,0.062147305672520366,0.7142885783852073
Test_332,0.7466565919674111,0.07800138612147016,0.122020388199916,0.053321633711202736
Test_333,0.45208644967959855,0.029208662310567228,0.4492119880750541,0.06949289993478018
Test_334,0.0016525556466959795,0.005058794720621867,0.9908497766821038,0.002438872950578301
Test_335,0.25317138347078255,0.15478098243698973,0.44084952179243175,0.15119811229979588
Test_336,0.36947529087565634,0.035444938378170525,0.4147829010144084,0.1802968697317647
Test_337,0.16713017803947394,0.1867519449883816,0.06281215685723328,0.5833057201149112
Test_338,0.810768746763196,0.014483395866830956,0.09837585520450204,0.076372002165471
Test_339,0.17368521737077813,0.21215713015940987,0.33182670728731845,0.28233094518249346
Test_340,0.13021687604178625,0.026121002671191086,0.5861121620608227,0.25754995922619994
Test_341,0.35846901470042153,0.08002777761904453,0.21296091178713453,0.34854229589339947
Test_342,0.8537991878620023,0.007169435731259522,0.0732421327088547,0.06578924369788366
Test_343,0.8507534953169482,0.046069248727901364,0.029083571259235125,0.0740936846959153
Test_344,0.14019367778948308,0.03132729979242105,0.8119707864081018,0.016508236009994008
Test_345,0.07656460531568952,0.023207529528177815,0.8768091235044263,0.023418741651706484
Test_346,0.11752778853321554,0.08331185906237977,0.641864134797631,0.15729621760677368
Test_347,0.044534229924422915,0.01568170502288721,0.8075540620910538,0.1322300029616361
Test_348,0.06097590349775998,0.020161393680508365,0.027231811839154987,0.8916308909825766
Test_349,0.48784806672492503,0.12350755288078964,0.229401071298279,0.15924330909600634
Test_350,0.037650276243619996,0.21408574264290472,0.1519651006348218,0.5962988804786535
Test_351,0.0012246044391083018,0.07739417147545584,0.9093600741585172,0.0120211499269188
Test_352,0.09242546859838688,0.03126821925173815,0.035778871554502996,0.840527440595372
Test_353,0.19855651097535867,0.07629187726954922,0.048239481899906136,0.676912129855186
Test_354,0.1422620361839729,0.10609395854741811,0.6379749307421135,0.11366907452649562
Test_355,0.27257271981370906,0.08113307557284742,0.17227761881596979,0.4740165857974738
Test_356,0.8384206075027388,0.01702680520960224,0.11414008748219724,0.03041249980546178
Test_357,0.8022762514226404,0.014778241422137793,0.13040238149360622,0.05254312566161569
Test_358,0.1073399386541005,0.11779572155947951,0.5253736469112342,0.24949069287518566
Test_359,0.028378026057076657,0.02138543015038825,0.03334274335471777,0.9168938004378173
Test_360,0.23883151189472246,0.08146809362796757,0.08761734817644647,0.5920830463008635
Test_361,0.5598380693497311,0.021958692602455056,0.045929518455571715,0.3722737195922422
Test_362,0.8584795609768674,0.0047326533856500526,0.08574647783976372,0.0510413077977189
Test_363,0.04705929852756193,0.05060867207179466,0.7821435879784671,0.12018844142217636
Test_364,0.06853754791777386,0.008020018587563252,0.9134656005025705,0.009976832992092422
Test_365,0.3776986164644524,0.037557572150333736,0.5675509492764012,0.01719286210881285
Test_366,0.1148595820160325,0.025347333221663177,0.8401694834136989,0.019623601348605385
Test_367,0.03928804725250131,0.020594356078949563,0.3239745455657305,0.6161430511028186
Test_368,0.396112626362252,0.07300869532321257,0.3494498335315441,0.1814288447829913
Test_369,0.026256313404773413,0.00906240943142214,0.035460794675930815,0.9292204824878737
Test_370,0.33903151681779997,0.10133095845714943,0.5134067016178476,0.046230823107203015
Test_371,0.057228733120528896,0.021513759216086698,0.5435138941196103,0.3777436135437741
Test_372,0.0604060453173114,0.07708583976448995,0.10040545956333134,0.7621026553548674
Test_373,0.0429732158884085,0.05389952879022642,0.6970350744369991,0.20609218088436604
Test_374,0.12175893838557278,0.07664084248090265,0.20672137806736748,0.5948788410661572
Test_375,0.09766563759775827,0.022264108722306,0.016763998185338008,0.8633062554945977
Test_376,0.7503328935651604,0.01899672936160204,0.06833834504812779,0.1623320320251097
Test_377,0.610723562605707,0.03592741736865005,0.21857005789010892,0.134778962135534
Test_378,0.27273636166950366,0.03693013236776285,0.6320056601338577,0.05832784582887578
Test_379,0.0984635818455848,0.052660967320853014,0.46668750708961954,0.38218794374394277
Test_380,0.24371994116094306,0.05521562164503805,0.16670520376975712,0.5343592334242618
Test_381,0.5269371038390634,0.029598125779225385,0.03550557330508239,0.4079591970766287
Test_382,0.17914042348912343,0.023716547031450895,0.08122657668699182,0.7159164527924339
Test_383,0.4116755453871271,0.10060452898656243,0.16257050679862523,0.3251494188276852
Test_384,0.2566666724398648,0.019818463488965987,0.6195288739381539,0.10398599013301525
Test_385,0.22637634998123832,0.02901097733034926,0.11366792150915023,0.6309447511792622
Test_386,0.004743357122649853,0.1051345384620135,0.6613269376654636,0.22879516674987319
Test_387,0.2881761409471613,0.070956402226715,0.12130427039385859,0.5195631864322651
Test_388,0.8687656254309868,0.0023273580582637075,0.03142311047333046,0.09748390603741916
Test_389,0.6547040621725677,0.02117401270057132,0.3110954425534365,0.013026482573424395
Test_390,0.3503244187156594,0.023040576981431787,0.014867696994789022,0.6117673073081199
Test_391,0.2488906795751199,0.32149178360041897,0.29696343451559404,0.13265410230886723
Test_392,0.03503614602011012,0.016952980498264825,0.7935737964815472,0.15443707700007775
Test_393,0.09632786797446467,0.0034891741129649363,0.003307250950217269,0.8968757069623532
Test_394,0.6402956646435037,0.020303457746973747,0.11244321795355554,0.22695765965596704
Test_395,0.004478740583548647,0.10818917116215457,0.8749691373006856,0.012362950953611394
Test_396,0.16553121903292198,0.06983951418945734,0.03287592473228912,0.7317533420453316
Test_397,0.011594934195013834,0.013445055663637906,0.01029229896633978,0.9646677111750084
Test_398,0.006008025423104339,0.07275406808541676,0.8264543828861639,0.09478352360531489
Test_399,0.6085929090800593,0.041312487802812166,0.26359868310246465,0.08649592001466379
Test_400,0.02455259666850943,0.018500222060135026,0.8864256341234614,0.07052154714789405
Test_401,0.07473310238514386,0.08578968909468983,0.7976605977912805,0.04181661072888587
Test_402,0.08191933378143004,0.038209196704198284,0.19455043603946814,0.6853210334749036
Test_403,0.015413774181433481,0.05975344900426734,0.9011293899787143,0.023703386835584934
Test_404,0.20518700460022526,0.06474964906440735,0.4847786881290858,0.2452846582062817
Test_405,0.03910433083637728,0.009938332905662572,0.010349857267171756,0.9406074789907883
Test_406,0.0017862340698995022,0.012169297000998124,0.002230356345031296,0.9838141125840711
Test_407,0.015568395380396255,0.023109434453048867,0.004348070368151141,0.9569740997984038
Test_408,0.284901169822387,0.08061762623619416,0.09012507682289742,0.5443561271185214
Test_409,0.15601287160041902,0.02702249289019675,0.09337982951103155,0.7235848059983527
Test_410,0.05593539136520854,0.013033159266859317,0.02220911095629195,0.9088223384116403
Test_411,0.7705050263800782,0.028370129329443605,0.05125766282825961,0.1498671814622186
Test_412,0.05096506601577601,0.32255332692601124,0.5059724034418555,0.1205092036163574
Test_413,0.27367590752184723,0.02584762409657573,0.590062746816883,0.11041372156469408
Test_414,0.00021395097414430523,0.0032158041686151826,0.9954220978161427,0.0011481470410978085
Test_415,0.2561133533825606,0.047425192518924755,0.5749524177650781,0.12150903633343654
Test_416,0.06772232378811086,0.0793366681158614,0.5453423002727367,0.3075987078232911
Test_417,0.0633375653573443,0.027768298954788124,0.8763923255672365,0.032501810120631226
Test_418,0.30637730784636263,0.1274280166236908,0.5147452341414895,0.05144944138845707
Test_419,0.7307640713352408,0.02101106898997197,0.18804851430542407,0.06017634536936315
Test_420,0.052538008898837384,0.09556625490744136,0.8332973286818027,0.018598407511918585
Test_421,0.02974264555422496,0.009411868189390793,0.011118087936565563,0.9497273983198187
Test_422,0.3985308934757249,0.10147534640177297,0.1709963451549073,0.3289974149675947
Test_423,0.13618561334504228,0.05371487014512128,0.7694319230818135,0.040667593428022925
Test_424,0.07537661216940304,0.07409360905675287,0.4998897805434992,0.3506399982303449
Test_425,0.6856744568434275,0.019445329994086647,0.11086040127789022,0.18401981188459568
Test_426,0.049135887151363994,0.0030205541140582025,0.9319321469580877,0.01591141177649013
Test_427,0.00519456942064204,0.003550325887428162,0.022265758503002716,0.9689893461889271
Test_428,0.014712082439537904,0.01675408674695114,0.025621443324042568,0.9429123874894684
Test_429,0.1195638621535359,0.1350092135794339,0.5007292419278734,0.24469768233915676
Test_430,0.6405971083059991,0.1663326316912541,0.18441109617208776,0.00865916383065903
Test_431,0.6051125754430311,0.05770178461418249,0.1836474679376323,0.1535381720051541
Test_432,0.05881470596731605,0.1457938607024029,0.04923550191920868,0.7461559314110724
Test_433,0.03555730010368782,0.10194567092798006,0.015655086212441313,0.8468419427558909
Test_434,0.06501653121850937,0.04777905708910385,0.05710908000886439,0.8300953316835225
Test_435,0.3056663274537989,0.06860713529456418,0.36734377333371004,0.25838276391792686
Test_436,0.20968690893364633,0.04686106081243809,0.028759928294305702,0.7146921019596099
Test_437,0.43077196501275883,0.1366290925770611,0.3318126548370484,0.10078628757313177
Test_438,0.07736326381376765,0.10412290535264357,0.3322692210051349,0.48624460982845386
Test_439,0.07315639984141792,0.08188530447960922,0.7823307673372201,0.06262752834175296
Test_440,0.013230521370279635,0.09276961110695754,0.8653248150800648,0.028675052442698138
Test_441,0.6639831407252663,0.016360974040650886,0.2546960064645199,0.06495987876956287
Test_442,0.005774770477392108,0.00323058446939154,0.9887026357587669,0.0022920092944492465
Test_443,0.010664863109230224,0.09619258889752201,0.10746952807872737,0.7856730199145203
Test_444,0.7370457625493929,0.024766140505428653,0.05614141751050267,0.18204667943467578
Test_445,0.09043723740915495,0.04132826272508626,0.3481096893455841,0.5201248105201747
Test_446,0.008503684046116986,0.14136659319934106,0.6344582669548038,0.21567145579973815
Test_447,0.1448261834635746,0.06934276253899342,0.6550930420592919,0.1307380119381402
Test_448,0.05328595444014949,0.06024226661219827,0.8418768663448881,0.04459491260276403
Test_449,0.05245299047995424,0.04817789631237873,0.14932078160216017,0.7500483316055069
Test_450,0.1917198357410297,0.035982800680526436,0.7343877372132622,0.037909626365181845
Test_451,0.0009597875985484511,0.030023254919263068,0.9619157072560515,0.007101250226137009
Test_452,0.3758989401360381,0.05042201025998768,0.21896826991637042,0.35471077968760384
Test_453,0.0929155675712096,0.03920912745760199,0.05023930798852402,0.8176359969826644
